03986	04095	04000	04095	04095	04095	04095	04095	04095	
03991	04095	04001	04095	04095	04095	04095	04095	04095	
04001	04095	04009	04095	04095	04095	04095	04095	04095	
03992	04095	04003	04095	04095	04095	04095	04095	04095	
03987	04095	04000	04095	04095	04095	04095	04095	04095	
04001	04095	04009	04095	04095	04095	04095	04095	04095	
03997	04095	04007	04095	04095	04095	04095	04095	04095	
03988	04095	03999	04095	04095	04095	04095	04095	04095	
03998	04095	04004	04095	04095	04095	04095	04095	04095	
04003	04095	04008	04095	04095	04095	04095	04095	04095	
03991	04095	04001	04095	04095	04095	04095	04095	04095	
03995	04095	04004	04095	04095	04095	04095	04095	04095	
04007	04095	04014	04095	04095	04095	04095	04095	04095	
03999	04095	04010	04095	04095	04095	04095	04095	04095	
03997	04095	04007	04095	04095	04095	04095	04095	04095	
04011	04095	04016	04095	04095	04095	04095	04095	04095	
04008	04095	04016	04095	04095	04095	04095	04095	04095	
03997	04095	04008	04095	04095	04095	04095	04095	04095	
04007	04095	04015	04095	04095	04095	04095	04095	04095	
04012	04095	04020	04095	04095	04095	04095	04095	04095	
03999	04095	04012	04095	04095	04095	04095	04095	04095	
04002	04095	04013	04095	04095	04095	04095	04095	04095	
04014	04095	04020	04095	04095	04095	04095	04095	04095	
04005	04095	04015	04095	04095	04095	04095	04095	04095	
03999	04095	04009	04095	04095	04095	04095	04095	04095	
04012	04095	04017	04095	04095	04095	04095	04095	04095	
04009	04095	04017	04095	04095	04095	04095	04095	04095	
03995	04095	04007	04095	04095	04095	04095	04095	04095	
04002	04095	04011	04095	04095	04095	04095	04095	04095	
04005	04095	04013	04095	04095	04095	04095	04095	04095	
03990	04095	04003	04095	04095	04095	04095	04095	04095	
03969	04095	03983	04095	04095	04095	04095	04095	04095	
03672	03891	03542	03833	03720	04095	04095	03702	03781	
03309	03644	03036	03535	03300	04095	04095	03254	03399	
02927	03375	02499	03212	02858	04081	04095	02779	02982	
02545	03100	01960	02885	02419	04066	04095	02297	02554	
02173	02823	01436	02556	01970	04049	04095	01813	02120	
02079	02747	01338	02487	01894	04031	04095	01719	01995	
02043	02715	01299	02457	01866	04014	04095	01682	01939	
02029	02705	01284	02449	01859	04009	04095	01668	01914	
02017	02696	01274	02441	01851	04003	04095	01660	01897	
02013	02693	01269	02439	01850	04000	04095	01653	01888	
02012	02692	01266	02440	01852	04002	04095	01652	01883	
02007	02689	01262	02434	01849	03999	04095	01649	01878	
02006	02688	01261	02434	01848	04000	04095	01648	01875	
02011	02692	01260	02438	01852	04005	04095	01650	01874	
02010	02692	01258	02438	01851	04006	04095	01651	01871	
02007	02690	01256	02434	01847	04003	04095	01649	01867	
02010	02692	01256	02436	01849	04006	04095	01647	01865	
02010	02691	01254	02435	01849	04006	04095	01647	01863	
02005	02688	01253	02430	01845	04001	04095	01644	01860	
02005	02688	01254	02430	01847	04003	04095	01643	01859	
02007	02689	01254	02431	01851	04007	04095	01644	01860	
02002	02684	01251	02426	01846	04003	04095	01642	01856	
01999	02680	01249	02424	01844	04000	04095	01639	01853	
02000	02682	01250	02426	01846	04004	04095	01640	01854	
01998	02681	01248	02423	01844	04002	04095	01639	01853	
01996	02678	01247	02420	01841	03999	04095	01637	01851	
02000	02683	01249	02423	01845	04002	04095	01640	01854	
02001	02683	01249	02422	01845	04002	04095	01640	01853	
01995	02678	01246	02416	01834	04020	04095	01635	01848	
01994	02676	01245	02415	01834	04017	04095	01633	01846	
01994	02676	01243	02414	01834	04016	04095	01633	01844	
01989	02671	01241	02409	01829	04011	04095	01628	01839	
01987	02671	01240	02407	01827	04010	04095	01627	01839	
01991	02674	01241	02410	01837	03990	04095	01628	01842	
01989	02673	01241	02407	01834	03989	04095	01627	01840	
01987	02671	01240	02405	01832	03987	04095	01626	01839	
01991	02673	01240	02407	01836	03989	04095	01628	01841	
01991	02673	01240	02407	01836	03990	04095	01628	01839	
01987	02671	01238	02403	01833	03985	04095	01627	01837	
01989	02671	01239	02405	01835	03987	04095	01627	01838	
01992	02674	01240	02407	01837	03989	04095	01628	01839	
01988	02672	01239	02405	01835	03986	04095	01627	01837	
01988	02672	01239	02404	01834	03985	04095	01627	01838	
01993	02675	01240	02408	01837	03989	04095	01627	01839	
01993	02674	01239	02406	01836	03988	04095	01628	01838	
01991	02672	01239	02404	01835	03986	04095	01627	01837	
01995	02676	01240	02408	01838	03990	04095	01628	01838	
01997	02677	01242	02408	01839	03992	04095	01629	01839	
01993	02675	01242	02405	01836	03990	04095	01628	01837	
01994	02679	01244	02407	01839	03993	04095	01629	01841	
01997	02682	01245	02410	01841	03997	04095	01631	01843	
01994	02679	01244	02406	01839	03994	04095	01629	01841	
01994	02680	01245	02406	01839	03994	04095	01629	01841	
02000	02684	01247	02411	01844	03998	04095	01632	01846	
02227	02966	01479	02748	02188	04017	04095	01917	02078	
02537	03247	01847	03083	02639	04036	04095	02334	02419	
02894	03531	02277	03422	03092	04057	04095	02811	02815	
03261	03813	02745	03759	03544	04076	04095	03303	03237	
03628	04095	03227	04095	03988	04095	04095	03795	03669	
03781	04095	03485	04095	04095	04095	04095	04002	03884	
03857	04095	03620	04095	04095	04095	04095	04077	03993	
03884	04095	03695	04095	04095	04095	04095	04095	04049	
03899	04095	03741	04095	04095	04095	04095	04095	04077	
03926	04095	03785	04095	04095	04095	04095	04095	04094	
03933	04095	03813	04095	04095	04095	04095	04095	04095	
03928	04095	03827	04095	04095	04095	04095	04095	04095	
03942	04095	03847	04095	04095	04095	04095	04095	04095	
03954	04095	03866	04095	04095	04095	04095	04095	04095	
03945	04095	03872	04095	04095	04095	04095	04095	04095	
03950	04095	03883	04095	04095	04095	04095	04095	04095	
03965	04095	03900	04095	04095	04095	04095	04095	04095	
03959	04095	03904	04095	04095	04095	04095	04095	04095	
03955	04095	03907	04095	04095	04095	04095	04095	04095	
03970	04095	03920	04095	04095	04095	04095	04095	04095	
03971	04095	03925	04095	04095	04095	04095	04095	04095	
03961	04095	03921	04095	04095	04095	04095	04095	04095	
03972	04095	03930	04095	04095	04095	04095	04095	04095	
03979	04095	03939	04095	04095	04095	04095	04095	04095	
03970	04095	03936	04095	04095	04095	04095	04095	04095	
03976	04095	03943	04095	04095	04095	04095	04095	04095	
03995	04095	03959	04095	04095	04095	04095	04095	04095	
03997	04095	03965	04095	04095	04095	04095	04095	04095	
04005	04095	03972	04095	04095	04095	04095	04095	04095	
04030	04095	03992	04095	04095	04095	04095	04095	04095	
04042	04095	04003	04095	04095	04095	04095	04095	04095	
04043	04095	04004	04095	04095	04095	04095	04095	04095	
04057	04095	04015	04095	04095	04095	04095	04095	04095	
04067	04095	04023	04095	04095	04095	04095	04095	04095	
04058	04095	04018	04095	04095	04095	04095	04095	04095	
04060	04095	04021	04095	04095	04095	04095	04095	04095	
04071	04095	04033	04095	04095	04095	04095	04095	04095	
04065	04095	04031	04095	04095	04095	04095	04095	04095	
04062	04095	04029	04095	04095	04095	04095	04095	04095	
04073	04095	04040	04095	04095	04095	04095	04095	04095	
04073	04095	04041	04095	04095	04095	04095	04095	04095	
04062	04095	04032	04095	04095	04095	04095	04095	04095	
04067	04095	04033	04095	04095	04095	04095	04095	04095	
04068	04095	04034	04095	04095	04095	04095	04095	04095	
04055	04095	04024	04095	04095	04095	04095	04095	04095	
04052	04095	04023	04095	04095	04095	04095	04095	04095	
04061	04095	04030	04095	04095	04095	04095	04095	04095	
04053	04095	04025	04095	04095	04095	04095	04095	04095	
04047	04095	04021	04095	04095	04095	04095	04095	04095	
04058	04095	04029	04095	04095	04095	04095	04095	04095	
04058	04095	04028	04095	04095	04095	04095	04095	04095	
04047	04095	04021	04095	04095	04095	04095	04095	04095	
04055	04095	04028	04095	04095	04095	04095	04095	04095	
04060	04095	04033	04095	04095	04095	04095	04095	04095	
03966	04095	03844	04095	04077	04095	04095	03991	04038	
03771	04042	03499	04028	03882	04095	04095	03709	03833	
03460	03845	03002	03753	03509	04095	04095	03256	03475	
03091	03595	02455	03422	03083	04072	04095	02754	03059	
02718	03342	01896	03089	02655	04045	04095	02249	02635	
02432	03087	01521	02756	02250	04017	04095	01849	02266	
02254	02887	01316	02492	02017	03989	04095	01630	02044	
02195	02829	01262	02433	01962	03962	04095	01577	01972	
02186	02827	01251	02433	01960	03960	04095	01571	01956	
02182	02826	01247	02432	01958	03964	04095	01565	01942	
02175	02823	01241	02426	01953	03967	04095	01557	01925	
02173	02821	01237	02424	01951	03970	04095	01549	01914	
02172	02821	01235	02424	01951	03971	04095	01545	01907	
02167	02816	01232	02419	01947	03963	04095	01543	01903	
02164	02811	01230	02417	01947	03955	04095	01546	01904	
02168	02813	01231	02421	01952	03952	04095	01551	01910	
02166	02813	01230	02420	01951	03950	04095	01553	01911	
02164	02813	01230	02420	01950	03954	04095	01553	01908	
02171	02821	01235	02429	01957	03967	04095	01556	01908	
02176	02827	01238	02434	01961	03977	04095	01557	01908	
02173	02826	01237	02432	01952	04002	04095	01555	01905	
02175	02826	01237	02433	01954	03999	04095	01556	01906	
02177	02826	01236	02434	01957	03993	04095	01558	01910	
02169	02819	01232	02426	01950	03981	04095	01555	01909	
02165	02815	01230	02420	01947	03976	04095	01551	01906	
02167	02815	01230	02422	01955	03956	04095	01549	01904	
02165	02814	01229	02418	01952	03960	04095	01544	01898	
02161	02811	01228	02415	01948	03961	04095	01540	01892	
02164	02813	01228	02417	01951	03965	04095	01542	01894	
02165	02815	01228	02419	01952	03962	04095	01547	01898	
02162	02815	01228	02416	01952	03955	04095	01551	01901	
02164	02817	01230	02419	01956	03954	04095	01556	01907	
02169	02821	01232	02424	01960	03958	04095	01558	01910	
02166	02819	01231	02422	01958	03960	04095	01555	01905	
02165	02818	01231	02421	01957	03965	04095	01551	01899	
02169	02820	01232	02425	01959	03970	04095	01549	01897	
02167	02818	01231	02423	01957	03970	04095	01548	01896	
02165	02817	01231	02421	01956	03965	04095	01552	01898	
02169	02820	01233	02424	01961	03964	04095	01558	01905	
02170	02821	01234	02424	01962	03961	04095	01559	01909	
02165	02815	01231	02417	01956	03955	04095	01556	01905	
02165	02813	01229	02416	01954	03955	04095	01551	01900	
02163	02810	01226	02412	01949	03957	04095	01543	01892	
02155	02803	01221	02405	01939	03953	04095	01535	01881	
02272	02959	01337	02626	02114	03979	04095	01679	02009	
02564	03219	01690	02967	02541	04010	04095	02086	02329	
02886	03478	02108	03303	02973	04037	04095	02564	02709	
03223	03735	02562	03641	03406	04064	04095	03077	03121	
03584	03995	03049	03981	03840	04095	04095	03590	03559	
03826	04095	03436	04095	04095	04095	04095	03954	03869	
03895	04095	03597	04095	04095	04095	04095	04059	03993	
03940	04095	03695	04095	04095	04095	04095	04094	04056	
03977	04095	03766	04095	04095	04095	04095	04095	04088	
03986	04095	03807	04095	04095	04095	04095	04095	04095	
03992	04095	03835	04095	04095	04095	04095	04095	04095	
04011	04095	03867	04095	04095	04095	04095	04095	04095	
04014	04095	03885	04095	04095	04095	04095	04095	04095	
04007	04095	03892	04095	04095	04095	04095	04095	04095	
04018	04095	03909	04095	04095	04095	04095	04095	04095	
04026	04095	03926	04095	04095	04095	04095	04095	04095	
04018	04095	03928	04095	04095	04095	04095	04095	04095	
04023	04095	03938	04095	04095	04095	04095	04095	04095	
04035	04095	03953	04095	04095	04095	04095	04095	04095	
04029	04095	03955	04095	04095	04095	04095	04095	04095	
04026	04095	03957	04095	04095	04095	04095	04095	04095	
04040	04095	03970	04095	04095	04095	04095	04095	04095	
04039	04095	03974	04095	04095	04095	04095	04095	04095	
04031	04095	03971	04095	04095	04095	04095	04095	04095	
04041	04095	03981	04095	04095	04095	04095	04095	04095	
04047	04095	03989	04095	04095	04095	04095	04095	04095	
04039	04095	03987	04095	04095	04095	04095	04095	04095	
04049	04095	03995	04095	04095	04095	04095	04095	04095	
04065	04095	04011	04095	04095	04095	04095	04095	04095	
04071	04095	04016	04095	04095	04095	04095	04095	04095	
04080	04095	04024	04095	04095	04095	04095	04095	04095	
04093	04095	04042	04095	04095	04095	04095	04095	04095	
04095	04095	04049	04095	04095	04095	04095	04095	04095	
04095	04095	04050	04095	04095	04095	04095	04095	04095	
04095	04095	04062	04095	04095	04095	04095	04095	04095	
04095	04095	04070	04095	04095	04095	04095	04095	04095	
04095	04095	04065	04095	04095	04095	04095	04095	04095	
04095	04095	04069	04095	04095	04095	04095	04095	04095	
04095	04095	04077	04095	04095	04095	04095	04095	04095	
04095	04095	04073	04095	04095	04095	04095	04095	04095	
04095	04095	04072	04095	04095	04095	04095	04095	04095	
04095	04095	04077	04095	04095	04095	04095	04095	04095	
04095	04095	04079	04095	04095	04095	04095	04095	04095	
04095	04095	04072	04095	04095	04095	04095	04095	04095	
04095	04095	04078	04095	04095	04095	04095	04095	04095	
04095	04095	04079	04095	04095	04095	04095	04095	04095	
04095	04095	04075	04095	04095	04095	04095	04095	04095	
04095	04095	04075	04095	04095	04095	04095	04095	04095	
04091	04095	04067	04095	04095	04095	04095	04095	04095	
03794	03902	03584	03813	03729	04060	04095	03624	03752	
03438	03663	03036	03487	03314	03990	04095	03101	03333	
03068	03413	02477	03157	02898	03917	04095	02567	02894	
02690	03160	01915	02822	02470	03843	04095	02028	02443	
02315	02906	01363	02488	02043	03768	04095	01489	01988	
02235	02849	01280	02439	01984	03728	04095	01422	01873	
02212	02836	01258	02433	01973	03724	04095	01408	01832	
02200	02831	01247	02429	01967	03720	04095	01402	01812	
02200	02834	01245	02433	01972	03723	04095	01403	01807	
02201	02838	01245	02437	01975	03723	04095	01404	01806	
02199	02836	01244	02436	01973	03720	04095	01403	01804	
02199	02838	01244	02437	01976	03721	04095	01404	01804	
02204	02843	01247	02442	01981	03728	04095	01407	01803	
02205	02846	01248	02443	01983	03732	04095	01409	01798	
02207	02848	01250	02447	01987	03739	04095	01412	01796	
02215	02856	01253	02454	01994	03747	04095	01415	01799	
02216	02858	01253	02454	01995	03745	04095	01414	01800	
02214	02858	01253	02453	01993	03742	04095	01414	01803	
02217	02860	01254	02457	01997	03743	04095	01416	01808	
02218	02861	01255	02457	01998	03744	04095	01417	01808	
02214	02858	01254	02455	01995	03746	04095	01418	01806	
02215	02859	01255	02458	01998	03753	04095	01421	01804	
02220	02863	01257	02462	02002	03759	04095	01423	01804	
02216	02859	01255	02457	01997	03754	04095	01421	01801	
02212	02855	01252	02452	01993	03748	04095	01419	01801	
02213	02855	01252	02453	01994	03744	04095	01418	01803	
02209	02853	01250	02449	01991	03738	04095	01415	01802	
02202	02847	01246	02443	01979	03756	04095	01412	01796	
02203	02847	01245	02444	01981	03758	04095	01411	01793	
02203	02848	01245	02445	01982	03760	04095	01410	01788	
02199	02844	01242	02439	01977	03759	04095	01408	01782	
02198	02842	01241	02438	01976	03756	04095	01406	01782	
02201	02843	01242	02439	01984	03729	04095	01406	01786	
02197	02841	01242	02436	01981	03726	04095	01405	01788	
02197	02841	01242	02434	01981	03726	04095	01406	01792	
02202	02847	01245	02441	01987	03733	04095	01409	01795	
02204	02849	01246	02442	01989	03739	04095	01411	01794	
02204	02851	01248	02445	01990	03748	04095	01414	01795	
02215	02862	01256	02458	02001	03760	04095	01421	01801	
02220	02867	01260	02464	02006	03765	04095	01425	01806	
02219	02865	01260	02462	02004	03762	04095	01424	01809	
02221	02866	01261	02464	02006	03760	04095	01426	01813	
02224	02866	01261	02465	02008	03756	04095	01425	01814	
02217	02858	01256	02455	01999	03748	04095	01421	01808	
02214	02856	01256	02453	01998	03748	04095	01421	01805	
02217	02859	01257	02457	02001	03753	04095	01422	01802	
02221	02866	01261	02464	02008	03764	04095	01428	01808	
02217	02864	01261	02460	02004	03761	04095	01427	01807	
02221	02867	01261	02464	02008	03759	04095	01428	01810	
02382	03068	01414	02756	02245	03824	04095	01626	01984	
02665	03313	01763	03081	02662	03890	04095	02047	02320	
02989	03553	02190	03401	03076	03952	04095	02544	02718	
03349	03803	02664	03733	03494	04026	04095	03080	03161	
03703	04050	03147	04060	03912	04095	04095	03615	03617	
03904	04095	03490	04095	04095	04095	04095	03950	03900	
03994	04095	03655	04095	04095	04095	04095	04062	04023	
04037	04095	03751	04095	04095	04095	04095	04095	04078	
04053	04095	03808	04095	04095	04095	04095	04095	04095	
04073	04095	03858	04095	04095	04095	04095	04095	04095	
04087	04095	03898	04095	04095	04095	04095	04095	04095	
04087	04095	03917	04095	04095	04095	04095	04095	04095	
04090	04095	03936	04095	04095	04095	04095	04095	04095	
04095	04095	03958	04095	04095	04095	04095	04095	04095	
04095	04095	03965	04095	04095	04095	04095	04095	04095	
04095	04095	03970	04095	04095	04095	04095	04095	04095	
04095	04095	03986	04095	04095	04095	04095	04095	04095	
04095	04095	03995	04095	04095	04095	04095	04095	04095	
04095	04095	03996	04095	04095	04095	04095	04095	04095	
04095	04095	04008	04095	04095	04095	04095	04095	04095	
04095	04095	04019	04095	04095	04095	04095	04095	04095	
04095	04095	04017	04095	04095	04095	04095	04095	04095	
04095	04095	04022	04095	04095	04095	04095	04095	04095	
04095	04095	04034	04095	04095	04095	04095	04095	04095	
04095	04095	04033	04095	04095	04095	04095	04095	04095	
04095	04095	04032	04095	04095	04095	04095	04095	04095	
04095	04095	04044	04095	04095	04095	04095	04095	04095	
04095	04095	04048	04095	04095	04095	04095	04095	04095	
04095	04095	04047	04095	04095	04095	04095	04095	04095	
04095	04095	04062	04095	04095	04095	04095	04095	04095	
04095	04095	04077	04095	04095	04095	04095	04095	04095	
04095	04095	04081	04095	04095	04095	04095	04095	04095	
04095	04095	04086	04095	04095	04095	04095	04095	04095	
04095	04095	04091	04095	04095	04095	04095	04095	04095	
04095	04095	04091	04095	04095	04095	04095	04095	04095	
04095	04095	04091	04095	04095	04095	04095	04095	04095	
04095	04095	04095	04095	04095	04095	04095	04095	04095	
04095	04095	04095	04095	04095	04095	04095	04095	04095	
04095	04095	04095	04095	04095	04095	04095	04095	04095	
04095	04095	04095	04095	04095	04095	04095	04095	04095	
04095	04095	04095	04095	04095	04095	04095	04095	04095	
04095	04095	04095	04095	04095	04095	04095	04095	04095	
04095	04095	04095	04095	04095	04095	04095	04095	04095	
04095	04095	04095	04095	04095	04095	04095	04095	04095	
04095	04095	04095	04095	04095	04095	04095	04095	04095	
04095	04095	04095	04095	04095	04095	04095	04095	04095	
04095	04095	04095	04095	04095	04095	04095	04095	04095	
04095	04095	04095	04095	04095	04095	04095	04095	04095	
04095	04095	04095	04095	04095	04095	04095	04095	04095	
04095	04095	04089	04095	04095	04095	04095	04095	04095	
03823	03931	03601	03831	03751	03985	04095	03640	03773	
03486	03717	03049	03524	03354	03834	04095	03129	03369	
03128	03488	02476	03203	02944	03669	04095	02602	02936	
02760	03255	01895	02877	02534	03497	04095	02070	02489	
02387	03019	01318	02548	02115	03324	04095	01534	02035	
02285	02949	01223	02482	02042	03259	04095	01452	01900	
02249	02930	01190	02462	02023	03237	04095	01426	01846	
02229	02917	01175	02449	02011	03226	04095	01414	01817	
02216	02906	01166	02442	02002	03218	04095	01406	01799	
02212	02899	01162	02440	01999	03215	04095	01402	01788	
02207	02892	01157	02436	01993	03210	04095	01397	01779	
02198	02883	01151	02428	01986	03203	04095	01391	01769	
02198	02886	01150	02429	01989	03201	04095	01390	01764	
02198	02891	01148	02429	01991	03201	04095	01387	01760	
02195	02891	01146	02425	01988	03200	04095	01386	01755	
02195	02891	01146	02426	01989	03201	04095	01386	01754	
02200	02893	01149	02432	01993	03206	04095	01388	01755	
02200	02889	01149	02431	01990	03208	04095	01389	01754	
02199	02886	01149	02431	01988	03209	04095	01390	01755	
02202	02890	01150	02435	01993	03212	04095	01392	01757	
02203	02894	01150	02435	01995	03212	04095	01393	01758	
02202	02898	01150	02435	01997	03214	04095	01395	01759	
02205	02903	01152	02438	02002	03217	04095	01397	01761	
02207	02907	01153	02440	02004	03220	04095	01398	01762	
02205	02902	01153	02438	02002	03220	04095	01399	01762	
02207	02899	01154	02439	02002	03222	04095	01400	01763	
02207	02897	01153	02439	02001	03221	04095	01399	01762	
02204	02894	01152	02436	01998	03218	04095	01399	01761	
02202	02894	01151	02435	01993	03240	04095	01399	01759	
02204	02900	01150	02437	01995	03241	04095	01399	01758	
02201	02900	01150	02435	01993	03238	04095	01398	01756	
02197	02896	01148	02432	01989	03236	04095	01397	01754	
02198	02894	01147	02433	01990	03236	04095	01398	01754	
02198	02891	01148	02433	01994	03211	04095	01397	01754	
02194	02888	01146	02429	01991	03210	04095	01396	01754	
02196	02890	01147	02430	01993	03211	04095	01397	01754	
02197	02897	01148	02433	01997	03213	04095	01397	01756	
02196	02899	01146	02430	01997	03211	04095	01396	01754	
02195	02900	01146	02428	01998	03211	04095	01396	01753	
02199	02901	01147	02432	02001	03214	04095	01397	01754	
02198	02897	01147	02430	01998	03214	04095	01397	01754	
02196	02890	01145	02428	01994	03214	04095	01396	01753	
02198	02891	01147	02432	01996	03215	04095	01397	01754	
02199	02895	01148	02432	01998	03217	04095	01398	01754	
02197	02895	01147	02430	01997	03215	04095	01398	01754	
02201	02901	01149	02434	02003	03219	04095	01400	01757	
02209	02911	01155	02444	02013	03228	04095	01406	01764	
02210	02911	01158	02444	02013	03231	04095	01409	01766	
02210	02908	01158	02445	02012	03231	04095	01409	01767	
02214	02909	01160	02449	02015	03233	04095	01410	01769	
02212	02907	01159	02447	02011	03231	04095	01409	01767	
02208	02904	01157	02442	02007	03228	04095	01406	01764	
02210	02909	01156	02444	02011	03227	04095	01406	01763	
02211	02914	01157	02445	02014	03228	04095	01407	01764	
02209	02912	01157	02443	02010	03227	04095	01406	01762	
02212	02913	01160	02446	02013	03231	04095	01409	01764	
02226	02927	01170	02463	02027	03247	04095	01419	01779	
02245	02943	01187	02483	02045	03271	04095	01439	01802	
02499	03181	01467	02815	02419	03446	04095	01772	02079	
02837	03420	01877	03147	02840	03621	04095	02241	02471	
03194	03658	02339	03474	03257	03791	04095	02760	02910	
03550	03879	02822	03786	03659	03945	04095	03285	03360	
03906	04095	03330	04095	04055	04095	04095	03804	03803	
04031	04095	03589	04095	04095	04095	04095	04008	03993	
04071	04095	03714	04095	04095	04095	04095	04077	04068	
04089	04095	03797	04095	04095	04095	04095	04095	04095	
04095	04095	03859	04095	04095	04095	04095	04095	04095	
04095	04095	03895	04095	04095	04095	04095	04095	04095	
04095	04095	03926	04095	04095	04095	04095	04095	04095	
04095	04095	03960	04095	04095	04095	04095	04095	04095	
04095	04095	03979	04095	04095	04095	04095	04095	04095	
04095	04095	03990	04095	04095	04095	04095	04095	04095	
04095	04095	04010	04095	04095	04095	04095	04095	04095	
04095	04095	04024	04095	04095	04095	04095	04095	04095	
04095	04095	04028	04095	04095	04095	04095	04095	04095	
04095	04095	04041	04095	04095	04095	04095	04095	04095	
04095	04095	04056	04095	04095	04095	04095	04095	04095	
04095	04095	04058	04095	04095	04095	04095	04095	04095	
04095	04095	04064	04095	04095	04095	04095	04095	04095	
04095	04095	04078	04095	04095	04095	04095	04095	04095	
04095	04095	04081	04095	04095	04095	04095	04095	04095	
04095	04095	04082	04095	04095	04095	04095	04095	04095	
04095	04095	04086	04095	04095	04095	04095	04095	04095	
04095	04095	04087	04095	04095	04095	04095	04095	04095	
04095	04095	04087	04095	04095	04095	04095	04095	04095	
04095	04095	04091	04095	04095	04095	04095	04095	04095	
04095	04095	04095	04095	04095	04095	04095	04095	04095	
04095	04095	04095	04095	04095	04095	04095	04095	04095	
04095	04095	04095	04095	04095	04095	04095	04095	04095	
04095	04095	04095	04095	04095	04095	04095	04095	04095	
04095	04095	04095	04095	04095	04095	04095	04095	04095	
04095	04095	04095	04095	04095	04095	04095	04095	04095	
04095	04095	04095	04095	04095	04095	04095	04095	04095	
04095	04095	04095	04095	04095	04095	04095	04095	04095	
04095	04095	04095	04095	04095	04095	04095	04095	04095	
04095	04095	04095	04095	04095	04095	04095	04095	04095	
04095	04095	04095	04095	04095	04095	04095	04095	04095	
04095	04095	04095	04095	04095	04095	04095	04095	04095	
04095	04095	04095	04095	04095	04095	04095	04095	04095	
04095	04095	04095	04095	04095	04095	04095	04095	04095	
04095	04095	04095	04095	04095	04095	04095	04095	04095	
04095	04095	04095	04095	04095	04095	04095	04095	04095	
04095	04095	04091	04095	04095	04095	04095	04095	04095	
03764	03905	03541	03791	03743	03943	04095	03591	03661	
03393	03686	02962	03466	03355	03769	04095	03061	03181	
03013	03463	02374	03138	02963	03592	04095	02525	02688	
02626	03236	01782	02806	02566	03411	04095	01985	02188	
02234	03003	01190	02471	02165	03228	04095	01442	01683	
02171	02961	01141	02438	02124	03196	04095	01403	01608	
02149	02949	01123	02429	02114	03185	04095	01390	01578	
02133	02940	01112	02419	02103	03176	04095	01381	01560	
02124	02935	01106	02414	02099	03172	04095	01377	01549	
02122	02938	01102	02416	02103	03171	04095	01377	01544	
02119	02936	01100	02413	02101	03170	04095	01376	01541	
02116	02931	01098	02411	02097	03168	04095	01376	01538	
02117	02931	01098	02413	02099	03170	04095	01377	01537	
02117	02931	01097	02413	02099	03170	04095	01377	01536	
02114	02926	01096	02409	02094	03167	04095	01376	01534	
02115	02928	01095	02411	02096	03166	04095	01376	01532	
02116	02933	01095	02412	02099	03166	04095	01375	01530	
02113	02934	01094	02409	02095	03163	04095	01374	01528	
02112	02933	01093	02408	02095	03163	04095	01373	01526	
02114	02936	01093	02411	02098	03164	04095	01372	01525	
02111	02932	01093	02409	02095	03164	04095	01371	01525	
02109	02928	01093	02407	02093	03164	04095	01370	01524	
02112	02930	01094	02410	02097	03166	04095	01371	01525	
02112	02934	01095	02411	02099	03168	04095	01371	01526	
02110	02933	01094	02409	02096	03167	04095	01371	01526	
02111	02936	01094	02410	02091	03191	04095	01372	01525	
02111	02937	01094	02409	02092	03191	04095	01371	01524	
02107	02931	01091	02405	02086	03188	04095	01371	01522	
02105	02924	01089	02403	02084	03185	04095	01369	01519	
02106	02925	01088	02405	02088	03187	04095	01370	01519	
02105	02924	01088	02404	02094	03164	04095	01370	01519	
02105	02926	01089	02403	02094	03164	04095	01371	01520	
02109	02932	01091	02407	02100	03168	04095	01373	01521	
02110	02936	01092	02408	02101	03170	04095	01374	01522	
02107	02933	01093	02405	02097	03170	04095	01373	01522	
02108	02932	01093	02406	02098	03170	04095	01373	01523	
02107	02929	01092	02406	02096	03168	04095	01371	01521	
02103	02921	01089	02400	02090	03162	04095	01368	01517	
02100	02917	01087	02396	02088	03159	04095	01364	01514	
02100	02919	01086	02397	02089	03157	04095	01363	01511	
02098	02918	01085	02395	02086	03154	04095	01361	01509	
02097	02917	01086	02394	02085	03154	04095	01361	01509	
02101	02923	01088	02399	02090	03157	04095	01362	01511	
02103	02925	01089	02399	02092	03160	04095	01364	01513	
02107	02926	01093	02403	02096	03166	04095	01369	01519	
02110	02929	01094	02406	02100	03169	04095	01372	01522	
02329	03165	01300	02746	02394	03356	04095	01627	01753	
02669	03397	01685	03083	02794	03542	04095	02063	02147	
03057	03631	02147	03422	03195	03728	04095	02567	02614	
03451	03862	02655	03757	03593	03908	04095	03107	03119	
03849	04095	03187	04095	03985	04095	04095	03651	03633	
04029	04095	03520	04095	04095	04095	04095	03942	03918	
04085	04095	03691	04095	04095	04095	04095	04051	04041	
04095	04095	03793	04095	04095	04095	04095	04093	04089	
04095	04095	03856	04095	04095	04095	04095	04095	04095	
04095	04095	03909	04095	04095	04095	04095	04095	04095	
04095	04095	03951	04095	04095	04095	04095	04095	04095	
04095	04095	03974	04095	04095	04095	04095	04095	04095	
04095	04095	03998	04095	04095	04095	04095	04095	04095	
04095	04095	04021	04095	04095	04095	04095	04095	04095	
04095	04095	04030	04095	04095	04095	04095	04095	04095	
04095	04095	04037	04095	04095	04095	04095	04095	04095	
04095	04095	04054	04095	04095	04095	04095	04095	04095	
04095	04095	04061	04095	04095	04095	04095	04095	04095	
04095	04095	04062	04095	04095	04095	04095	04095	04095	
04095	04095	04070	04095	04095	04095	04095	04095	04095	
04095	04095	04082	04095	04095	04095	04095	04095	04095	
04095	04095	04081	04095	04095	04095	04095	04095	04095	
04095	04095	04087	04095	04095	04095	04095	04095	04095	
04095	04095	04090	04095	04095	04095	04095	04095	04095	
04095	04095	04090	04095	04095	04095	04095	04095	04095	
04095	04095	04090	04095	04095	04095	04095	04095	04095	
04095	04095	04095	04095	04095	04095	04095	04095	04095	
04095	04095	04095	04095	04095	04095	04095	04095	04095	
04095	04095	04095	04095	04095	04095	04095	04095	04095	
04095	04095	04095	04095	04095	04095	04095	04095	04095	
04095	04095	04095	04095	04095	04095	04095	04095	04095	
04095	04095	04095	04095	04095	04095	04095	04095	04095	
04095	04095	04095	04095	04095	04095	04095	04095	04095	
04095	04095	04095	04095	04095	04095	04095	04095	04095	
04095	04095	04095	04095	04095	04095	04095	04095	04095	
04095	04095	04095	04095	04095	04095	04095	04095	04095	
04095	04095	04095	04095	04095	04095	04095	04095	04095	
04095	04095	04095	04095	04095	04095	04095	04095	04095	
04095	04095	04095	04095	04095	04095	04095	04095	04095	
04095	04095	04095	04095	04095	04095	04095	04095	04095	
04095	04095	04095	04095	04095	04095	04095	04095	04095	
04095	04095	04095	04095	04095	04095	04095	04095	04095	
04095	04095	04095	04095	04095	04095	04095	04095	04095	
04095	04095	04095	04095	04095	04095	04095	04095	04095	
04095	04095	04095	04095	04095	04095	04095	04095	04095	
04095	04095	04095	04095	04095	04095	04095	04095	04095	
04095	04095	04095	04095	04095	04095	04095	04095	04095	
04095	04095	04095	04095	04095	04095	04095	04095	04095	
04095	04095	04095	04095	04095	04095	04095	04095	04095	
04095	04095	04095	04095	04095	04095	04095	04095	04095	
04095	04095	04095	04095	04095	04095	04095	04095	04095	
04095	04095	04095	04095	04095	04095	04095	04095	04095	
04095	04095	04095	04095	04095	04095	04095	04095	04095	
04095	04095	04095	04095	04095	04095	04095	04095	04095	
03683	03892	03552	03771	03744	03949	04095	03597	03646	
03327	03764	03061	03554	03468	03912	04095	03161	03248	
02872	03532	02482	03207	03082	03740	04095	02631	02743	
02406	03290	01893	02852	02685	03561	04095	02092	02224	
01935	03045	01299	02496	02286	03380	04095	01552	01699	
01877	03005	01248	02467	02249	03348	04095	01511	01624	
01763	02890	01147	02331	02128	03207	04095	01408	01497	
01747	02877	01133	02324	02115	03200	04095	01399	01475	
01742	02876	01129	02326	02117	03202	04095	01399	01469	
01742	02879	01128	02329	02119	03206	04095	01400	01467	
01739	02876	01124	02325	02114	03204	04095	01398	01462	
01739	02876	01123	02325	02114	03204	04095	01398	01459	
01739	02877	01122	02328	02119	03205	04095	01398	01457	
01738	02875	01120	02326	02117	03202	04095	01397	01454	
01736	02873	01118	02324	02116	03201	04095	01397	01450	
01737	02874	01119	02326	02118	03201	04095	01398	01449	
01734	02872	01117	02324	02115	03200	04095	01397	01447	
01731	02870	01116	02320	02110	03198	04095	01394	01445	
01732	02871	01116	02321	02113	03198	04095	01392	01445	
01732	02872	01116	02321	02114	03198	04095	01391	01444	
01730	02869	01115	02317	02112	03196	04095	01389	01442	
01732	02871	01116	02319	02117	03199	04095	01390	01442	
01735	02874	01117	02322	02122	03202	04095	01393	01444	
01736	02873	01117	02321	02120	03204	04095	01396	01445	
01736	02873	01118	02321	02119	03203	04095	01397	01445	
01736	02875	01118	02323	02114	03228	04095	01398	01445	
01732	02872	01115	02320	02110	03224	04095	01397	01443	
01728	02866	01113	02315	02105	03219	04095	01393	01439	
01725	02866	01111	02314	02106	03217	04095	01391	01437	
01723	02864	01108	02311	02106	03215	04095	01390	01435	
01719	02859	01106	02306	02108	03188	04095	01386	01433	
01719	02858	01105	02306	02107	03186	04095	01384	01431	
01719	02859	01106	02307	02108	03186	04095	01384	01431	
01717	02856	01104	02304	02103	03183	04095	01382	01429	
01717	02854	01104	02303	02102	03183	04095	01381	01429	
01719	02857	01105	02307	02106	03184	04095	01384	01431	
01720	02859	01105	02307	02107	03186	04095	01385	01432	
01720	02858	01105	02305	02105	03185	04095	01385	01432	
01721	02859	01106	02307	02109	03186	04095	01386	01432	
01720	02859	01106	02306	02108	03186	04095	01386	01432	
01718	02856	01105	02302	02103	03183	04095	01385	01430	
01719	02856	01106	02302	02104	03183	04095	01386	01430	
02078	03104	01432	02660	02504	03365	04095	01766	01778	
02519	03351	01862	03017	02901	03546	04095	02233	02227	
02995	03598	02351	03376	03301	03729	04095	02747	02733	
03472	03848	02875	03738	03697	03914	04095	03290	03267	
03946	04095	03403	04095	04095	04095	04095	03832	03799	
04061	04095	03617	04095	04095	04095	04095	03993	03983	
04095	04095	03744	04095	04095	04095	04095	04067	04067	
04095	04095	03826	04095	04095	04095	04095	04095	04095	
04095	04095	03875	04095	04095	04095	04095	04095	04095	
04095	04095	03920	04095	04095	04095	04095	04095	04095	
04095	04095	03959	04095	04095	04095	04095	04095	04095	
04095	04095	03978	04095	04095	04095	04095	04095	04095	
04095	04095	03997	04095	04095	04095	04095	04095	04095	
04095	04095	04021	04095	04095	04095	04095	04095	04095	
04095	04095	04034	04095	04095	04095	04095	04095	04095	
04095	04095	04040	04095	04095	04095	04095	04095	04095	
04095	04095	04059	04095	04095	04095	04095	04095	04095	
04095	04095	04068	04095	04095	04095	04095	04095	04095	
04095	04095	04066	04095	04095	04095	04095	04095	04095	
04095	04095	04075	04095	04095	04095	04095	04095	04095	
04095	04095	04085	04095	04095	04095	04095	04095	04095	
04095	04095	04081	04095	04095	04095	04095	04095	04095	
04095	04095	04081	04095	04095	04095	04095	04095	04095	
04095	04095	04085	04095	04095	04095	04095	04095	04095	
04095	04095	04085	04095	04095	04095	04095	04095	04095	
04095	04095	04084	04095	04095	04095	04095	04095	04095	
04095	04095	04090	04095	04095	04095	04095	04095	04095	
04095	04095	04090	04095	04095	04095	04095	04095	04095	
04095	04095	04090	04095	04095	04095	04095	04095	04095	
04095	04095	04092	04095	04095	04095	04095	04095	04095	
04095	04095	04095	04095	04095	04095	04095	04095	04095	
04095	04095	04090	04095	04095	04095	04095	04095	04095	
04095	04095	04090	04095	04095	04095	04095	04095	04095	
04095	04095	04090	04095	04095	04095	04095	04095	04095	
04095	04095	04087	04095	04095	04095	04095	04095	04095	
04095	04095	04083	04095	04095	04095	04095	04095	04095	
04095	04095	04088	04095	04095	04095	04095	04095	04095	
04095	04095	04088	04095	04095	04095	04095	04095	04095	
04095	04095	04088	04095	04095	04095	04095	04095	04095	
04095	04095	04091	04095	04095	04095	04095	04095	04095	
04095	04095	04095	04095	04095	04095	04095	04095	04095	
04095	04095	04091	04095	04095	04095	04095	04095	04095	
04095	04095	04091	04095	04095	04095	04095	04095	04095	
04095	04095	04091	04095	04095	04095	04095	04095	04095	
03755	04001	03659	03863	03827	04043	04095	03695	03774	
03273	03792	03105	03519	03441	03888	04095	03186	03303	
02762	03557	02527	03157	03032	03711	04095	02653	02796	
02242	03315	01936	02788	02617	03528	04095	02115	02275	
01717	03069	01340	02416	02209	03344	04095	01573	01750	
01533	02918	01179	02278	02063	03213	04095	01433	01545	
01490	02879	01138	02251	02030	03183	04095	01399	01486	
01475	02867	01123	02241	02016	03175	04095	01388	01462	
01469	02863	01116	02240	02012	03174	04095	01385	01452	
01467	02863	01113	02240	02007	03174	04095	01384	01446	
01463	02859	01108	02235	02000	03170	04095	01380	01439	
01463	02859	01106	02235	02002	03171	04095	01380	01436	
01464	02861	01105	02237	02008	03173	04095	01381	01435	
01463	02859	01103	02234	02009	03171	04095	01379	01433	
01462	02855	01102	02232	02008	03169	04095	01377	01430	
01463	02858	01103	02234	02011	03172	04095	01378	01429	
01462	02857	01102	02233	02007	03172	04095	01378	01430	
01460	02855	01101	02230	02001	03170	04095	01376	01428	
01460	02855	01102	02231	02001	03170	04095	01377	01427	
01460	02856	01102	02232	02004	03171	04095	01376	01427	
01458	02853	01101	02229	02004	03168	04095	01375	01424	
01458	02854	01101	02229	02008	03169	04095	01375	01424	
01459	02855	01102	02231	02011	03169	04095	01376	01424	
01459	02855	01102	02230	02010	03170	04095	01376	01425	
01460	02854	01101	02230	02007	03171	04095	01378	01427	
01462	02857	01103	02235	02008	03173	04095	01380	01429	
01462	02856	01103	02236	02006	03173	04095	01380	01428	
01462	02856	01102	02234	02006	03173	04095	01379	01427	
01463	02858	01103	02236	02012	03173	04095	01380	01427	
01463	02861	01104	02236	02016	03175	04095	01380	01427	
01463	02859	01104	02233	02014	03174	04095	01380	01426	
01465	02861	01105	02236	02015	03176	04095	01382	01428	
01466	02865	01107	02240	02017	03180	04095	01386	01431	
01465	02863	01107	02238	02012	03180	04095	01386	01431	
01465	02860	01106	02238	02010	03179	04095	01384	01429	
01466	02862	01106	02240	02016	03180	04095	01384	01430	
01465	02862	01106	02239	02018	03181	04095	01384	01429	
01465	02861	01106	02237	02018	03180	04095	01383	01429	
01469	02864	01108	02241	02023	03182	04095	01384	01431	
01469	02865	01108	02242	02016	03206	04095	01385	01431	
01465	02861	01106	02238	02008	03202	04095	01384	01428	
01464	02860	01105	02237	02005	03202	04095	01382	01428	
01467	02863	01106	02241	02010	03206	04095	01383	01428	
01469	02864	01107	02242	02012	03209	04095	01386	01430	
01475	02872	01113	02249	02027	03196	04095	01391	01437	
01486	02885	01121	02262	02044	03212	04095	01400	01447	
01494	02895	01129	02272	02053	03222	04095	01408	01456	
01497	02900	01132	02276	02055	03228	04095	01413	01461	
01500	02905	01135	02281	02057	03232	04095	01415	01464	
01517	02927	01149	02303	02080	03258	04095	01431	01481	
01878	03163	01451	02663	02468	03429	04095	01784	01804	
02357	03401	01869	03025	02876	03601	04095	02238	02239	
02875	03639	02340	03388	03286	03774	04095	02736	02731	
03395	03876	02842	03751	03696	03947	04095	03254	03254	
03900	04095	03352	04095	04078	04095	04095	03771	03765	
04055	04095	03582	04095	04095	04095	04095	03953	03967	
04095	04095	03704	04095	04095	04095	04095	04035	04057	
04095	04095	03778	04095	04095	04095	04095	04072	04091	
04095	04095	03840	04095	04095	04095	04095	04091	04095	
04095	04095	03886	04095	04095	04095	04095	04095	04095	
04095	04095	03911	04095	04095	04095	04095	04095	04095	
04095	04095	03938	04095	04095	04095	04095	04095	04095	
04095	04095	03964	04095	04095	04095	04095	04095	04095	
04095	04095	03975	04095	04095	04095	04095	04095	04095	
04095	04095	03986	04095	04095	04095	04095	04095	04095	
04095	04095	04007	04095	04095	04095	04095	04095	04095	
04095	04095	04016	04095	04095	04095	04095	04095	04095	
04095	04095	04019	04095	04095	04095	04095	04095	04095	
04095	04095	04034	04095	04095	04095	04095	04095	04095	
04095	04095	04044	04095	04095	04095	04095	04095	04095	
04095	04095	04042	04095	04095	04095	04095	04095	04095	
04095	04095	04049	04095	04095	04095	04095	04095	04095	
04095	04095	04061	04095	04095	04095	04095	04095	04095	
04095	04095	04055	04095	04095	04095	04095	04095	04095	
04095	04095	04052	04095	04095	04095	04095	04095	04095	
04095	04095	04055	04095	04095	04095	04095	04095	04095	
04095	04095	04046	04095	04095	04095	04095	04095	04095	
04095	04095	04033	04095	04095	04095	04095	04095	04095	
04095	04095	04035	04095	04095	04095	04095	04095	04095	
04095	04095	04034	04095	04095	04095	04095	04095	04095	
04095	04095	04025	04095	04095	04095	04095	04095	04095	
04095	04095	04029	04095	04095	04095	04095	04095	04095	
04095	04095	04035	04095	04095	04095	04095	04095	04095	
04095	04095	04029	04095	04095	04095	04095	04095	04095	
04095	04095	04029	04095	04095	04095	04095	04095	04095	
04095	04095	04039	04095	04095	04095	04095	04095	04095	
04095	04095	04036	04095	04095	04095	04095	04095	04095	
04095	04095	04032	04095	04095	04095	04095	04095	04095	
04095	04095	04019	04095	04095	04095	04095	04095	04095	
03649	03899	03506	03795	03752	03984	04095	03621	03693	
03152	03650	02945	03446	03354	03821	04095	03100	03201	
02648	03399	02385	03097	02957	03661	04095	02576	02699	
02146	03154	01825	02754	02562	03506	04095	02055	02196	
01642	02909	01274	02409	02165	03352	04095	01533	01689	
01581	02855	01217	02363	02118	03306	04095	01486	01583	
01573	02853	01208	02367	02119	03313	04095	01483	01566	
01572	02852	01204	02369	02117	03315	04095	01482	01557	
01568	02846	01200	02365	02114	03313	04095	01478	01549	
01565	02842	01196	02364	02114	03310	04095	01476	01543	
01561	02837	01191	02359	02109	03305	04095	01471	01537	
01558	02834	01189	02356	02105	03303	04095	01469	01532	
01555	02834	01188	02355	02105	03303	04095	01470	01530	
01551	02829	01183	02350	02101	03297	04095	01464	01523	
01547	02823	01179	02343	02093	03290	04095	01458	01516	
01541	02815	01174	02337	02088	03283	04095	01455	01511	
01538	02809	01170	02331	02083	03277	04095	01450	01505	
01531	02801	01164	02323	02075	03268	04095	01443	01498	
01528	02798	01161	02320	02073	03264	04095	01441	01497	
01526	02796	01159	02318	02071	03262	04095	01439	01495	
01525	02795	01157	02315	02069	03260	04095	01436	01491	
01526	02798	01157	02317	02070	03262	04095	01438	01493	
01539	02814	01168	02335	02087	03283	04095	01452	01505	
01544	02818	01172	02340	02091	03289	04095	01457	01509	
01545	02820	01174	02341	02092	03292	04095	01460	01511	
01547	02823	01177	02345	02095	03297	04095	01462	01515	
01548	02825	01178	02345	02098	03298	04095	01461	01514	
01536	02809	01168	02327	02082	03278	04095	01449	01503	
01531	02805	01164	02321	02078	03272	04095	01444	01498	
01523	02796	01157	02312	02070	03261	04095	01436	01490	
01515	02785	01149	02300	02059	03248	04095	01429	01480	
01512	02779	01145	02296	02053	03240	04095	01426	01476	
01513	02780	01147	02299	02056	03244	04095	01426	01476	
01515	02780	01150	02302	02056	03245	04095	01428	01478	
01524	02792	01157	02314	02066	03260	04095	01437	01488	
01533	02803	01164	02325	02077	03273	04095	01445	01499	
01536	02809	01168	02329	02082	03279	04095	01448	01503	
01537	02809	01167	02328	02081	03279	04095	01448	01503	
01542	02815	01171	02334	02087	03286	04095	01454	01508	
01537	02809	01167	02328	02083	03278	04095	01450	01504	
01539	02812	01169	02330	02085	03281	04095	01452	01504	
01555	02831	01182	02354	02105	03307	04095	01471	01521	
01578	02860	01203	02384	02135	03339	04095	01494	01543	
01598	02887	01221	02411	02160	03370	04095	01513	01564	
01938	03146	01512	02769	02540	03539	04095	01846	01868	
02407	03403	01925	03121	02938	03701	04095	02285	02286	
02902	03640	02370	03450	03321	03838	04095	02749	02743	
03389	03869	02830	03774	03695	03969	04095	03223	03222	
03875	04095	03310	04095	04067	04095	04095	03713	03715	
04051	04095	03548	04095	04095	04095	04095	03912	03933	
04095	04095	03664	04095	04095	04095	04095	04000	04033	
04095	04095	03732	04095	04095	04095	04095	04047	04078	
04095	04095	03790	04095	04095	04095	04095	04080	04095	
04095	04095	03828	04095	04095	04095	04095	04095	04095	
04095	04095	03849	04095	04095	04095	04095	04095	04095	
04095	04095	03876	04095	04095	04095	04095	04095	04095	
04095	04095	03901	04095	04095	04095	04095	04095	04095	
04095	04095	03910	04095	04095	04095	04095	04095	04095	
04095	04095	03922	04095	04095	04095	04095	04095	04095	
04095	04095	03942	04095	04095	04095	04095	04095	04095	
04095	04095	03948	04095	04095	04095	04095	04095	04095	
04095	04095	03952	04095	04095	04095	04095	04095	04095	
04095	04095	03966	04095	04095	04095	04095	04095	04095	
04095	04095	03973	04095	04095	04095	04095	04095	04095	
04095	04095	03971	04095	04095	04095	04095	04095	04095	
04095	04095	03981	04095	04095	04095	04095	04095	04095	
04095	04095	03990	04095	04095	04095	04095	04095	04095	
04095	04095	03990	04095	04095	04095	04095	04095	04095	
04095	04095	03997	04095	04095	04095	04095	04095	04095	
04095	04095	04014	04095	04095	04095	04095	04095	04095	
04095	04095	04021	04095	04095	04095	04095	04095	04095	
04095	04095	04029	04095	04095	04095	04095	04095	04095	
04095	04095	04047	04095	04095	04095	04095	04095	04095	
04095	04095	04058	04095	04095	04095	04095	04095	04095	
04095	04095	04060	04095	04095	04095	04095	04095	04095	
04095	04095	04069	04095	04095	04095	04095	04095	04095	
04095	04095	04081	04095	04095	04095	04095	04095	04095	
04095	04095	04082	04095	04095	04095	04095	04095	04095	
04095	04095	04088	04095	04095	04095	04095	04095	04095	
04095	04095	04091	04095	04095	04095	04095	04095	04095	
04095	04095	04091	04095	04095	04095	04095	04095	04095	
04095	04095	04091	04095	04095	04095	04095	04095	04095	
04095	04095	04095	04095	04095	04095	04095	04095	04095	
04095	04095	04095	04095	04095	04095	04095	04095	04095	
04095	04095	04095	04095	04095	04095	04095	04095	04095	
04095	04095	04095	04095	04095	04095	04095	04095	04095	
04095	04095	04095	04095	04095	04095	04095	04095	04095	
04095	04095	04095	04095	04095	04095	04095	04095	04095	
04095	04095	04095	04095	04095	04095	04095	04095	04095	
04095	04095	04095	04095	04095	04095	04095	04095	04095	
04095	04095	04095	04095	04095	04095	04095	04095	04095	
04095	04095	04095	04095	04095	04095	04095	04095	04095	
04095	04095	04095	04095	04095	04095	04095	04095	04095	
04095	04095	04095	04095	04095	04095	04095	04095	04095	
04095	04095	04095	04095	04095	04095	04095	04095	04095	
04095	04095	04095	04095	04095	04095	04095	04095	04095	
04095	04095	04095	04095	04095	04095	04095	04095	04095	
04095	04095	04095	04095	04095	04095	04095	04095	04095	
04095	04095	04095	04095	04095	04095	04095	04095	04095	
04095	04095	04095	04095	04095	04095	04095	04095	04095	
04095	04095	04095	04095	04095	04095	04095	04095	04095	
04095	04095	04095	04095	04095	04095	04095	04095	04095	
04095	04095	04095	04095	04095	04095	04095	04095	04095	
04095	04095	04093	04095	04095	04095	04095	04095	04095	
04095	04095	04093	04095	04095	04095	04095	04095	04095	
04095	04095	04093	04095	04095	04095	04095	04095	04095	
04095	04095	04093	04095	04095	04095	04095	04095	04095	
04091	04095	04085	04095	04095	04095	04095	04095	04095	
