03998	04095	04047	04095	04095	04095	04095	04095	04095	
03986	04095	04040	04095	04095	04095	04095	04095	04095	
03994	04095	04045	04095	04095	04095	04095	04095	04095	
04001	04095	04051	04095	04095	04095	04095	04095	04095	
03989	04095	04044	04095	04095	04095	04095	04095	04095	
03990	04095	04042	04095	04095	04095	04095	04095	04095	
04003	04095	04049	04095	04095	04095	04095	04095	04095	
03994	04095	04045	04095	04095	04095	04095	04095	04095	
03985	04095	04037	04095	04095	04095	04095	04095	04095	
03996	04095	04042	04095	04095	04095	04095	04095	04095	
03993	04095	04042	04095	04095	04095	04095	04095	04095	
03978	04095	04033	04095	04095	04095	04095	04095	04095	
03983	04095	04033	04095	04095	04095	04095	04095	04095	
03988	04095	04039	04095	04095	04095	04095	04095	04095	
03976	04095	04031	04095	04095	04095	04095	04095	04095	
03975	04095	04028	04095	04095	04095	04095	04095	04095	
03987	04095	04035	04095	04095	04095	04095	04095	04095	
03980	04095	04032	04095	04095	04095	04095	04095	04095	
03972	04095	04027	04095	04095	04095	04095	04095	04095	
03985	04095	04034	04095	04095	04095	04095	04095	04095	
03986	04095	04036	04095	04095	04095	04095	04095	04095	
03974	04095	04028	04095	04095	04095	04095	04095	04095	
03981	04095	04030	04095	04095	04095	04095	04095	04095	
03989	04095	04035	04095	04095	04095	04095	04095	04095	
03977	04095	04030	04095	04095	04095	04095	04095	04095	
03978	04095	04030	04095	04095	04095	04095	04095	04095	
03993	04095	04042	04095	04095	04095	04095	04095	04095	
03989	04095	04041	04095	04095	04095	04095	04095	04095	
03985	04095	04038	04095	04095	04095	04095	04095	04095	
03999	04095	04046	04095	04095	04095	04095	04095	04095	
04001	04095	04048	04095	04095	04095	04095	04095	04095	
03973	04095	04028	04095	04095	04095	04095	04095	04095	
03692	03902	03600	03857	03703	04095	04095	03738	03798	
03368	03673	03115	03587	03275	04095	04095	03330	03439	
03006	03421	02598	03294	02832	04095	04095	02898	03051	
02644	03163	02082	02993	02376	04095	04095	02454	02647	
02300	02903	01577	02688	01920	04095	04095	02004	02238	
02219	02835	01484	02620	01856	04095	04095	01911	02123	
02181	02803	01443	02580	01827	04095	04095	01867	02065	
02167	02792	01424	02568	01817	04095	04095	01847	02039	
02161	02787	01414	02566	01815	04095	04095	01840	02024	
02153	02781	01407	02566	01809	04095	04095	01836	02012	
02149	02778	01400	02569	01806	04095	04095	01833	02003	
02146	02774	01395	02570	01802	04095	04095	01831	01996	
02137	02767	01388	02559	01796	04095	04095	01823	01985	
02133	02763	01383	02546	01793	04095	04095	01815	01978	
02135	02765	01383	02540	01796	04095	04095	01812	01978	
02130	02760	01380	02532	01792	04095	04095	01807	01973	
02127	02756	01377	02532	01791	04095	04095	01806	01970	
02130	02760	01378	02542	01794	04095	04095	01811	01971	
02129	02759	01376	02550	01792	04095	04095	01813	01969	
02125	02754	01373	02548	01787	04095	04095	01812	01963	
02127	02755	01373	02545	01789	04095	04095	01810	01961	
02128	02757	01373	02537	01790	04095	04095	01806	01958	
02122	02752	01370	02522	01785	04095	04095	01799	01953	
02121	02751	01369	02516	01785	04095	04095	01797	01953	
02123	02753	01369	02522	01787	04095	04095	01799	01954	
02120	02750	01368	02527	01783	04095	04095	01801	01954	
02119	02749	01367	02533	01783	04095	04095	01805	01954	
02124	02754	01370	02542	01787	04095	04095	01810	01958	
02125	02756	01371	02540	01788	04095	04095	01809	01957	
02122	02754	01370	02529	01787	04095	04095	01806	01956	
02126	02757	01372	02525	01792	04095	04095	01806	01957	
02129	02759	01373	02526	01793	04095	04095	01807	01958	
02126	02756	01371	02526	01791	04095	04095	01807	01955	
02127	02756	01371	02535	01791	04095	04095	01810	01956	
02131	02760	01373	02547	01794	04095	04095	01815	01958	
02129	02759	01372	02548	01791	04095	04095	01815	01956	
02127	02758	01371	02539	01789	04095	04095	01811	01955	
02129	02760	01373	02535	01791	04095	04095	01809	01957	
02129	02760	01373	02527	01791	04095	04095	01808	01957	
02125	02756	01371	02520	01787	04095	04095	01805	01954	
02127	02757	01372	02525	01789	04095	04095	01806	01956	
02129	02759	01373	02535	01790	04095	04095	01809	01957	
02124	02755	01371	02538	01781	04095	04095	01810	01953	
02122	02753	01369	02537	01780	04095	04095	01809	01951	
02124	02754	01368	02533	01783	04095	04095	01808	01953	
02119	02751	01366	02521	01781	04095	04095	01804	01949	
02115	02746	01363	02510	01779	04095	04095	01799	01945	
02119	02750	01365	02510	01788	04095	04095	01799	01947	
02120	02750	01366	02517	01789	04095	04095	01801	01947	
02117	02747	01366	02522	01786	04095	04095	01802	01944	
02121	02750	01367	02533	01789	04095	04095	01805	01945	
02125	02754	01369	02539	01791	04095	04095	01807	01947	
02120	02750	01367	02531	01788	04095	04095	01804	01945	
02119	02749	01366	02523	01788	04095	04095	01801	01944	
02123	02753	01368	02521	01791	04095	04095	01800	01947	
02121	02753	01367	02518	01791	04095	04095	01800	01947	
02118	02750	01366	02519	01789	04095	04095	01800	01946	
02124	02755	01369	02531	01792	04095	04095	01804	01950	
02126	02758	01370	02538	01793	04095	04095	01807	01953	
02123	02756	01370	02535	01793	04095	04095	01808	01953	
02126	02758	01373	02534	01796	04095	04095	01809	01956	
02132	02763	01376	02534	01801	04095	04095	01811	01960	
02129	02761	01373	02525	01799	04095	04095	01809	01958	
02129	02762	01374	02526	01800	04095	04095	01811	01958	
02135	02766	01376	02536	01804	04095	04095	01814	01962	
02134	02766	01375	02541	01801	04095	04095	01816	01960	
02131	02764	01374	02542	01799	04095	04095	01816	01959	
02133	02766	01375	02545	01802	04095	04095	01817	01960	
02132	02765	01374	02539	01802	04095	04095	01814	01959	
02125	02760	01371	02526	01797	04095	04095	01809	01955	
02129	02763	01373	02528	01803	04095	04095	01811	01959	
02132	02763	01373	02529	01803	04095	04095	01811	01959	
02129	02760	01371	02532	01801	04095	04095	01811	01957	
02130	02761	01372	02539	01802	04095	04095	01814	01958	
02137	02768	01376	02551	01808	04095	04095	01821	01962	
02135	02765	01376	02548	01805	04095	04095	01820	01961	
02132	02765	01377	02543	01805	04095	04095	01819	01961	
02136	02770	01381	02542	01810	04095	04095	01820	01966	
02144	02781	01388	02550	01818	04095	04095	01828	01974	
02143	02780	01388	02550	01819	04095	04095	01829	01975	
02370	03045	01632	02859	02190	04095	04095	02123	02213	
02675	03311	02009	03175	02649	04095	04095	02537	02551	
02997	03576	02429	03488	03102	04095	04095	02989	02923	
03323	03832	02864	03789	03553	04095	04095	03437	03314	
03673	04095	03326	04095	04008	04095	04095	03888	03729	
03793	04095	03552	04095	04095	04095	04095	04048	03915	
03836	04095	03659	04095	04095	04095	04095	04091	04005	
03875	04095	03735	04095	04095	04095	04095	04095	04058	
03902	04095	03789	04095	04095	04095	04095	04095	04087	
03903	04095	03817	04095	04095	04095	04095	04095	04095	
03915	04095	03844	04095	04095	04095	04095	04095	04095	
03935	04095	03873	04095	04095	04095	04095	04095	04095	
03934	04095	03887	04095	04095	04095	04095	04095	04095	
03935	04095	03897	04095	04095	04095	04095	04095	04095	
03955	04095	03919	04095	04095	04095	04095	04095	04095	
03960	04095	03931	04095	04095	04095	04095	04095	04095	
03953	04095	03935	04095	04095	04095	04095	04095	04095	
03965	04095	03949	04095	04095	04095	04095	04095	04095	
03975	04095	03961	04095	04095	04095	04095	04095	04095	
03965	04095	03960	04095	04095	04095	04095	04095	04095	
03967	04095	03965	04095	04095	04095	04095	04095	04095	
03982	04095	03978	04095	04095	04095	04095	04095	04095	
03976	04095	03978	04095	04095	04095	04095	04095	04095	
03969	04095	03976	04095	04095	04095	04095	04095	04095	
03982	04095	03988	04095	04095	04095	04095	04095	04095	
03983	04095	03994	04095	04095	04095	04095	04095	04095	
03971	04095	03990	04095	04095	04095	04095	04095	04095	
03979	04095	03997	04095	04095	04095	04095	04095	04095	
03989	04095	04006	04095	04095	04095	04095	04095	04095	
03976	04095	03998	04095	04095	04095	04095	04095	04095	
03974	04095	03996	04095	04095	04095	04095	04095	04095	
03985	04095	04004	04095	04095	04095	04095	04095	04095	
03977	04095	04001	04095	04095	04095	04095	04095	04095	
03967	04095	03995	04095	04095	04095	04095	04095	04095	
03980	04095	04004	04095	04095	04095	04095	04095	04095	
03982	04095	04009	04095	04095	04095	04095	04095	04095	
03973	04095	04005	04095	04095	04095	04095	04095	04095	
03986	04095	04016	04095	04095	04095	04095	04095	04095	
04003	04095	04032	04095	04095	04095	04095	04095	04095	
04003	04095	04037	04095	04095	04095	04095	04095	04095	
04014	04095	04048	04095	04095	04095	04095	04095	04095	
04037	04095	04062	04095	04095	04095	04095	04095	04095	
04038	04095	04065	04095	04095	04095	04095	04095	04095	
04033	04095	04062	04095	04095	04095	04095	04095	04095	
04046	04095	04071	04095	04095	04095	04095	04095	04095	
04049	04095	04074	04095	04095	04095	04095	04095	04095	
04041	04095	04074	04095	04095	04095	04095	04095	04095	
04050	04095	04078	04095	04095	04095	04095	04095	04095	
04062	04095	04088	04095	04095	04095	04095	04095	04095	
04053	04095	04085	04095	04095	04095	04095	04095	04095	
04054	04095	04085	04095	04095	04095	04095	04095	04095	
04067	04095	04085	04095	04095	04095	04095	04095	04095	
04063	04095	04085	04095	04095	04095	04095	04095	04095	
04055	04095	04082	04095	04095	04095	04095	04095	04095	
04068	04095	04087	04095	04095	04095	04095	04095	04095	
04071	04095	04091	04095	04095	04095	04095	04095	04095	
04039	04095	04071	04095	04095	04095	04095	04095	04095	
03733	03918	03591	03838	03723	04095	04095	03669	03759	
03390	03712	03081	03558	03316	04095	04095	03209	03379	
03016	03487	02550	03266	02894	04090	04095	02736	02976	
02645	03262	02014	02973	02470	04086	04095	02258	02565	
02313	03049	01496	02685	02051	04085	04095	01780	02152	
02267	03009	01435	02649	02001	04085	04095	01726	02071	
02262	03000	01409	02634	01983	04072	04095	01704	02031	
02279	03011	01400	02634	01984	04071	04095	01696	02015	
02285	03016	01394	02633	01983	04071	04095	01692	02005	
02270	03007	01387	02624	01977	04064	04095	01687	01993	
02249	02998	01384	02622	01982	04054	04095	01683	01986	
02229	02992	01382	02622	01983	04060	04095	01681	01982	
02213	02985	01378	02616	01977	04059	04095	01676	01975	
02216	02985	01376	02614	01976	04054	04095	01674	01971	
02236	02994	01375	02617	01978	04052	04095	01674	01970	
02251	02999	01373	02613	01974	04048	04095	01671	01966	
02255	02998	01370	02608	01971	04045	04095	01668	01963	
02253	02996	01370	02611	01972	04046	04095	01668	01962	
02237	02987	01368	02610	01971	04047	04095	01668	01961	
02214	02975	01366	02605	01966	04049	04095	01665	01957	
02206	02971	01365	02606	01967	04054	04095	01665	01956	
02214	02975	01366	02608	01968	04053	04095	01664	01956	
02226	02979	01366	02605	01966	04047	04095	01663	01954	
02244	02988	01366	02606	01967	04046	04095	01662	01953	
02258	02995	01368	02612	01971	04051	04095	01665	01955	
02253	02993	01368	02610	01971	04052	04095	01665	01954	
02237	02986	01367	02609	01971	04053	04095	01666	01952	
02225	02985	01368	02614	01976	04062	04095	01667	01954	
02219	02984	01369	02615	01978	04066	04095	01668	01955	
02219	02985	01369	02611	01976	04062	04095	01668	01954	
02237	02994	01370	02615	01979	04061	04095	01670	01956	
02257	03004	01372	02620	01983	04063	04095	01673	01960	
02262	03004	01371	02617	01981	04059	04095	01674	01959	
02255	03000	01371	02616	01980	04057	04095	01675	01959	
02244	02995	01372	02619	01984	04060	04095	01676	01961	
02224	02986	01370	02615	01981	04062	04095	01675	01959	
02213	02981	01369	02611	01978	04062	04095	01675	01957	
02221	02985	01370	02613	01979	04061	04095	01674	01959	
02235	02992	01370	02612	01979	04058	04095	01672	01959	
02244	02992	01367	02605	01973	04051	04095	01670	01955	
02250	02993	01366	02605	01972	04049	04095	01668	01954	
02246	02991	01364	02605	01973	04049	04095	01665	01952	
02226	02981	01361	02599	01969	04046	04095	01662	01948	
02209	02973	01359	02598	01966	04046	04095	01661	01945	
02207	02976	01361	02602	01970	04053	04095	01662	01947	
02211	02978	01360	02601	01969	04050	04095	01661	01945	
02222	02979	01360	02598	01966	04044	04095	01661	01943	
02242	02991	01364	02605	01971	04049	04095	01665	01947	
02252	02999	01367	02611	01977	04056	04095	01669	01951	
02247	02996	01369	02610	01978	04056	04095	01673	01954	
02239	02995	01373	02616	01985	04065	04095	01677	01959	
02232	02998	01377	02624	01992	04076	04095	01683	01965	
02221	02992	01375	02618	01987	04072	04095	01680	01963	
02223	02989	01372	02614	01983	04065	04095	01678	01959	
02239	02996	01373	02618	01985	04064	04095	01678	01960	
02299	03056	01423	02681	02041	04068	04095	01732	02036	
02486	03272	01614	02974	02316	04072	04095	01968	02231	
02781	03494	01978	03273	02742	04081	04095	02388	02568	
03101	03714	02401	03570	03168	04090	04095	02868	02956	
03416	03929	02856	03863	03590	04095	04095	03350	03364	
03703	04092	03284	04095	03949	04095	04095	03779	03713	
03871	04095	03581	04095	04095	04095	04095	04025	03943	
03925	04095	03713	04095	04095	04095	04095	04090	04036	
03951	04095	03790	04095	04095	04095	04095	04095	04077	
03986	04095	03854	04095	04095	04095	04095	04095	04095	
04002	04095	03895	04095	04095	04095	04095	04095	04095	
04001	04095	03918	04095	04095	04095	04095	04095	04095	
04016	04095	03945	04095	04095	04095	04095	04095	04095	
04032	04095	03969	04095	04095	04095	04095	04095	04095	
04025	04095	03978	04095	04095	04095	04095	04095	04095	
04028	04095	03990	04095	04095	04095	04095	04095	04095	
04044	04095	04009	04095	04095	04095	04095	04095	04095	
04038	04095	04013	04095	04095	04095	04095	04095	04095	
04031	04095	04014	04095	04095	04095	04095	04095	04095	
04041	04095	04024	04095	04095	04095	04095	04095	04095	
04043	04095	04029	04095	04095	04095	04095	04095	04095	
04031	04095	04026	04095	04095	04095	04095	04095	04095	
04038	04095	04034	04095	04095	04095	04095	04095	04095	
04046	04095	04046	04095	04095	04095	04095	04095	04095	
04037	04095	04044	04095	04095	04095	04095	04095	04095	
04035	04095	04047	04095	04095	04095	04095	04095	04095	
04048	04095	04058	04095	04095	04095	04095	04095	04095	
04046	04095	04059	04095	04095	04095	04095	04095	04095	
04042	04095	04057	04095	04095	04095	04095	04095	04095	
04060	04095	04064	04095	04095	04095	04095	04095	04095	
04071	04095	04069	04095	04095	04095	04095	04095	04095	
04074	04095	04075	04095	04095	04095	04095	04095	04095	
04084	04095	04084	04095	04095	04095	04095	04095	04095	
04094	04095	04094	04095	04095	04095	04095	04095	04095	
04094	04095	04094	04095	04095	04095	04095	04095	04095	
04094	04095	04094	04095	04095	04095	04095	04095	04095	
04095	04095	04095	04095	04095	04095	04095	04095	04095	
04095	04095	04095	04095	04095	04095	04095	04095	04095	
04095	04095	04095	04095	04095	04095	04095	04095	04095	
04095	04095	04095	04095	04095	04095	04095	04095	04095	
04095	04095	04095	04095	04095	04095	04095	04095	04095	
04095	04095	04095	04095	04095	04095	04095	04095	04095	
03879	03981	03668	03895	03815	04095	04095	03675	03838	
03842	03981	03525	03895	03815	04095	04095	03605	03824	
03549	03795	03000	03619	03450	04033	04095	03098	03460	
03237	03594	02456	03332	03077	03961	04095	02575	03066	
02923	03392	01910	03046	02697	03887	04095	02047	02661	
02817	03298	01788	02954	02590	03809	04095	01936	02506	
02528	03088	01381	02661	02201	03730	04095	01474	02102	
02498	03067	01349	02647	02183	03714	04095	01449	02049	
02482	03059	01332	02640	02167	03730	04095	01441	02022	
02466	03050	01316	02632	02158	03725	04095	01436	02007	
02462	03050	01307	02633	02160	03727	04095	01435	02000	
02462	03053	01303	02635	02163	03729	04095	01436	01997	
02457	03049	01303	02632	02159	03727	04095	01435	01992	
02458	03049	01307	02632	02167	03705	04095	01433	01989	
02463	03052	01312	02636	02170	03706	04095	01432	01988	
02461	03051	01310	02633	02167	03705	04095	01431	01983	
02456	03046	01305	02630	02164	03702	04095	01430	01979	
02457	03049	01301	02631	02167	03706	04095	01430	01979	
02455	03049	01296	02630	02166	03706	04095	01430	01978	
02449	03044	01292	02625	02161	03702	04095	01428	01974	
02451	03045	01295	02626	02163	03701	04095	01428	01973	
02455	03048	01300	02627	02165	03702	04095	01427	01972	
02452	03043	01302	02624	02160	03697	04095	01425	01969	
02450	03041	01302	02623	02159	03696	04095	01424	01967	
02454	03044	01302	02627	02164	03698	04095	01425	01969	
02451	03043	01297	02625	02162	03699	04095	01425	01968	
02446	03040	01292	02620	02159	03697	04095	01426	01967	
02451	03045	01293	02625	02164	03701	04095	01429	01970	
02455	03046	01296	02627	02165	03702	04095	01431	01972	
02451	03042	01299	02623	02159	03699	04095	01429	01968	
02451	03038	01301	02622	02157	03695	04095	01427	01964	
02452	03038	01300	02622	02157	03693	04095	01423	01962	
02444	03033	01293	02616	02150	03690	04095	01420	01956	
02440	03032	01289	02614	02149	03689	04095	01420	01954	
02443	03037	01287	02617	02154	03692	04095	01421	01958	
02444	03039	01288	02618	02156	03694	04095	01424	01961	
02444	03039	01293	02619	02157	03695	04095	01425	01963	
02451	03043	01301	02624	02162	03697	04095	01427	01966	
02452	03043	01303	02621	02161	03694	04095	01423	01963	
02448	03039	01301	02618	02157	03692	04095	01423	01960	
02449	03040	01299	02621	02159	03693	04095	01423	01961	
02452	03044	01296	02625	02163	03696	04095	01425	01963	
02446	03041	01291	02620	02158	03693	04095	01425	01961	
02445	03042	01293	02622	02160	03695	04095	01427	01963	
02450	03045	01298	02625	02163	03697	04095	01427	01964	
02449	03042	01300	02622	02161	03697	04095	01426	01963	
02444	03039	01301	02617	02157	03694	04095	01425	01960	
02447	03041	01303	02620	02161	03696	04095	01424	01960	
02447	03041	01301	02621	02161	03696	04095	01425	01961	
02437	03033	01293	02612	02153	03689	04095	01421	01956	
02433	03029	01287	02606	02149	03682	04095	01416	01951	
02433	03026	01285	02604	02146	03677	04095	01412	01947	
02431	03025	01289	02604	02143	03676	04095	01412	01946	
02640	03237	01549	02900	02484	03757	04095	01732	02189	
02927	03453	01945	03201	02878	03843	04095	02203	02546	
03231	03669	02393	03501	03271	03929	04095	02732	02951	
03539	03884	02866	03800	03664	04015	04095	03271	03382	
03859	04095	03364	04095	04053	04095	04095	03804	03810	
03978	04095	03625	04095	04095	04095	04095	04019	03993	
04021	04095	03753	04095	04095	04095	04095	04086	04067	
04051	04095	03838	04095	04095	04095	04095	04095	04094	
04074	04095	03906	04095	04095	04095	04095	04095	04095	
04085	04095	03948	04095	04095	04095	04095	04095	04095	
04088	04095	03976	04095	04095	04095	04095	04095	04095	
04094	04095	04007	04095	04095	04095	04095	04095	04095	
04094	04095	04027	04095	04095	04095	04095	04095	04095	
04094	04095	04037	04095	04095	04095	04095	04095	04095	
04095	04095	04052	04095	04095	04095	04095	04095	04095	
04095	04095	04065	04095	04095	04095	04095	04095	04095	
04095	04095	04070	04095	04095	04095	04095	04095	04095	
04095	04095	04079	04095	04095	04095	04095	04095	04095	
04095	04095	04090	04095	04095	04095	04095	04095	04095	
04095	04095	04090	04095	04095	04095	04095	04095	04095	
04095	04095	04090	04095	04095	04095	04095	04095	04095	
04095	04095	04094	04095	04095	04095	04095	04095	04095	
04095	04095	04095	04095	04095	04095	04095	04095	04095	
04095	04095	04094	04095	04095	04095	04095	04095	04095	
04095	04095	04094	04095	04095	04095	04095	04095	04095	
04095	04095	04094	04095	04095	04095	04095	04095	04095	
04095	04095	04094	04095	04095	04095	04095	04095	04095	
04095	04095	04094	04095	04095	04095	04095	04095	04095	
04095	04095	04095	04095	04095	04095	04095	04095	04095	
04095	04095	04095	04095	04095	04095	04095	04095	04095	
04095	04095	04095	04095	04095	04095	04095	04095	04095	
04095	04095	04095	04095	04095	04095	04095	04095	04095	
04095	04095	04095	04095	04095	04095	04095	04095	04095	
04095	04095	04095	04095	04095	04095	04095	04095	04095	
04095	04095	04095	04095	04095	04095	04095	04095	04095	
04095	04095	04095	04095	04095	04095	04095	04095	04095	
04095	04095	04095	04095	04095	04095	04095	04095	04095	
04095	04095	04095	04095	04095	04095	04095	04095	04095	
04095	04095	04095	04095	04095	04095	04095	04095	04095	
04095	04095	04095	04095	04095	04095	04095	04095	04095	
04095	04095	04095	04095	04095	04095	04095	04095	04095	
04095	04095	04095	04095	04095	04095	04095	04095	04095	
04095	04095	04095	04095	04095	04095	04095	04095	04095	
03854	03953	03608	03861	03779	03983	04095	03635	03810	
03563	03770	03060	03590	03417	03834	04095	03127	03450	
03257	03577	02496	03310	03053	03675	04095	02606	03062	
02942	03379	01927	03026	02674	03512	04095	02080	02662	
02627	03180	01358	02743	02296	03351	04095	01554	02258	
02553	03124	01274	02695	02236	03301	04095	01487	02136	
02525	03107	01248	02679	02216	03287	04095	01467	02086	
02506	03097	01235	02671	02206	03281	04095	01460	02058	
02499	03097	01230	02671	02206	03281	04095	01457	02043	
02492	03095	01224	02668	02204	03279	04095	01455	02032	
02481	03089	01220	02662	02197	03276	04095	01451	02021	
02479	03087	01217	02663	02198	03275	04095	01450	02016	
02480	03088	01216	02663	02189	03296	04095	01447	02013	
02475	03082	01213	02658	02184	03292	04095	01444	02008	
02471	03078	01211	02655	02181	03290	04095	01441	02004	
02472	03081	01209	02657	02184	03291	04095	01441	02003	
02467	03081	01207	02653	02181	03289	04095	01440	01999	
02461	03077	01206	02649	02187	03265	04095	01440	01996	
02463	03079	01206	02651	02191	03267	04095	01441	01997	
02464	03079	01205	02651	02191	03265	04095	01440	01996	
02460	03075	01203	02646	02186	03261	04095	01438	01992	
02462	03074	01203	02647	02187	03261	04095	01437	01991	
02464	03076	01204	02650	02189	03260	04095	01437	01990	
02460	03073	01203	02645	02185	03258	04095	01435	01986	
02452	03066	01198	02638	02179	03251	04095	01430	01980	
02449	03064	01195	02635	02177	03245	04095	01426	01976	
02442	03057	01191	02628	02169	03237	04095	01421	01969	
02437	03052	01187	02623	02164	03234	04095	01420	01965	
02440	03051	01186	02625	02165	03232	04095	01419	01966	
02448	03058	01190	02632	02171	03239	04095	01423	01970	
02450	03060	01193	02635	02174	03245	04095	01427	01972	
02456	03067	01197	02641	02182	03254	04095	01432	01979	
02460	03072	01200	02644	02187	03258	04095	01434	01982	
02458	03073	01201	02642	02185	03260	04095	01436	01983	
02457	03072	01201	02641	02184	03259	04095	01436	01982	
02460	03074	01201	02644	02186	03259	04095	01436	01983	
02458	03071	01199	02641	02183	03255	04095	01435	01981	
02454	03065	01197	02637	02177	03251	04095	01432	01978	
02454	03063	01195	02636	02178	03249	04095	01428	01975	
02453	03062	01193	02635	02178	03246	04095	01426	01971	
02447	03058	01191	02629	02174	03244	04095	01425	01967	
02446	03058	01191	02630	02175	03244	04095	01425	01967	
02450	03062	01192	02634	02179	03246	04095	01428	01969	
02449	03061	01191	02632	02177	03244	04095	01427	01969	
02448	03059	01192	02631	02175	03244	04095	01428	01971	
02545	03169	01288	02765	02303	03373	04095	01529	02078	
02826	03375	01674	03057	02687	03542	04095	01966	02424	
03134	03581	02133	03348	03063	03711	04095	02472	02825	
03463	03789	02627	03641	03449	03882	04095	03006	03250	
03793	03996	03147	03934	03836	04052	04095	03540	03674	
04026	04095	03582	04095	04095	04095	04095	03973	03994	
04075	04095	03746	04095	04095	04095	04095	04069	04072	
04095	04095	03852	04095	04095	04095	04095	04095	04095	
04095	04095	03918	04095	04095	04095	04095	04095	04095	
04095	04095	03963	04095	04095	04095	04095	04095	04095	
04095	04095	04006	04095	04095	04095	04095	04095	04095	
04095	04095	04036	04095	04095	04095	04095	04095	04095	
04095	04095	04052	04095	04095	04095	04095	04095	04095	
04095	04095	04072	04095	04095	04095	04095	04095	04095	
04095	04095	04088	04095	04095	04095	04095	04095	04095	
04095	04095	04094	04095	04095	04095	04095	04095	04095	
04095	04095	04094	04095	04095	04095	04095	04095	04095	
04095	04095	04095	04095	04095	04095	04095	04095	04095	
04095	04095	04095	04095	04095	04095	04095	04095	04095	
04095	04095	04095	04095	04095	04095	04095	04095	04095	
04095	04095	04095	04095	04095	04095	04095	04095	04095	
04095	04095	04095	04095	04095	04095	04095	04095	04095	
04095	04095	04095	04095	04095	04095	04095	04095	04095	
04095	04095	04095	04095	04095	04095	04095	04095	04095	
04095	04095	04095	04095	04095	04095	04095	04095	04095	
04095	04095	04095	04095	04095	04095	04095	04095	04095	
04095	04095	04095	04095	04095	04095	04095	04095	04095	
04095	04095	04095	04095	04095	04095	04095	04095	04095	
04095	04095	04095	04095	04095	04095	04095	04095	04095	
04095	04095	04095	04095	04095	04095	04095	04095	04095	
04095	04095	04095	04095	04095	04095	04095	04095	04095	
04095	04095	04095	04095	04095	04095	04095	04095	04095	
04095	04095	04095	04095	04095	04095	04095	04095	04095	
04095	04095	04095	04095	04095	04095	04095	04095	04095	
04095	04095	04095	04095	04095	04095	04095	04095	04095	
04095	04095	04095	04095	04095	04095	04095	04095	04095	
04095	04095	04095	04095	04095	04095	04095	04095	04095	
04095	04095	04095	04095	04095	04095	04095	04095	04095	
04095	04095	04095	04095	04095	04095	04095	04095	04095	
04095	04095	04095	04095	04095	04095	04095	04095	04095	
04095	04095	04095	04095	04095	04095	04095	04095	04095	
03758	03949	03578	03825	03774	03975	04095	03620	03724	
03367	03763	03013	03519	03416	03818	04095	03105	03281	
02963	03570	02438	03209	03043	03656	04095	02581	02818	
02554	03373	01855	02894	02666	03488	04095	02053	02346	
02140	03170	01270	02575	02283	03318	04095	01521	01868	
02061	03114	01200	02527	02221	03268	04095	01464	01759	
02036	03099	01176	02516	02206	03255	04095	01448	01718	
02021	03089	01163	02505	02195	03246	04095	01438	01694	
02010	03081	01156	02498	02188	03242	04095	01432	01678	
02005	03080	01154	02498	02189	03241	04095	01430	01669	
02002	03080	01151	02495	02189	03240	04095	01428	01662	
01999	03076	01148	02490	02184	03237	04095	01426	01657	
01997	03076	01147	02491	02185	03238	04095	01426	01656	
01999	03079	01148	02494	02187	03239	04095	01426	01655	
02000	03078	01146	02492	02183	03237	04095	01427	01653	
01999	03076	01144	02492	02181	03236	04095	01425	01651	
02000	03078	01145	02495	02185	03237	04095	01425	01650	
01998	03076	01143	02492	02183	03235	04095	01423	01649	
01995	03071	01142	02488	02180	03233	04095	01422	01647	
01993	03073	01142	02488	02182	03234	04095	01422	01647	
01992	03073	01142	02488	02182	03234	04095	01422	01645	
01989	03067	01139	02484	02177	03231	04095	01420	01643	
01990	03067	01139	02485	02177	03230	04095	01419	01642	
01992	03069	01139	02488	02179	03231	04095	01420	01641	
01991	03067	01138	02486	02176	03229	04095	01419	01638	
01991	03064	01137	02484	02175	03228	04095	01419	01639	
01993	03067	01137	02486	02170	03251	04095	01420	01640	
01990	03066	01136	02482	02168	03249	04095	01418	01639	
01987	03061	01134	02478	02164	03248	04095	01417	01639	
01988	03062	01134	02481	02167	03248	04095	01418	01639	
01989	03063	01133	02482	02168	03248	04095	01417	01639	
01988	03062	01133	02479	02173	03225	04095	01416	01640	
01989	03061	01133	02479	02174	03225	04095	01417	01640	
01991	03062	01133	02481	02176	03225	04095	01417	01640	
01989	03060	01132	02476	02174	03223	04095	01416	01641	
01987	03058	01132	02476	02172	03222	04095	01415	01639	
01989	03060	01133	02479	02175	03223	04095	01417	01641	
01990	03062	01134	02480	02175	03224	04095	01418	01643	
01989	03061	01134	02478	02172	03223	04095	01417	01642	
01991	03062	01135	02481	02174	03225	04095	01416	01642	
01993	03064	01135	02481	02176	03226	04095	01416	01643	
01990	03060	01133	02477	02171	03224	04095	01415	01641	
01988	03058	01134	02477	02171	03224	04095	01415	01641	
01989	03062	01136	02480	02176	03227	04095	01418	01644	
01989	03063	01136	02478	02175	03227	04095	01418	01642	
01987	03060	01135	02478	02173	03226	04095	01418	01640	
02238	03270	01384	02804	02505	03402	04095	01710	01896	
02604	03478	01787	03127	02891	03576	04095	02156	02291	
03006	03682	02255	03448	03274	03747	04095	02658	02750	
03427	03887	02766	03771	03660	03921	04095	03194	03243	
03848	04095	03310	04095	04047	04095	04095	03729	03733	
04020	04095	03619	04095	04095	04095	04095	03973	03968	
04076	04095	03776	04095	04095	04095	04095	04062	04064	
04095	04095	03882	04095	04095	04095	04095	04095	04095	
04095	04095	03951	04095	04095	04095	04095	04095	04095	
04095	04095	03996	04095	04095	04095	04095	04095	04095	
04095	04095	04033	04095	04095	04095	04095	04095	04095	
04095	04095	04063	04095	04095	04095	04095	04095	04095	
04095	04095	04079	04095	04095	04095	04095	04095	04095	
04095	04095	04091	04095	04095	04095	04095	04095	04095	
04095	04095	04095	04095	04095	04095	04095	04095	04095	
04095	04095	04095	04095	04095	04095	04095	04095	04095	
04095	04095	04095	04095	04095	04095	04095	04095	04095	
04095	04095	04095	04095	04095	04095	04095	04095	04095	
04095	04095	04095	04095	04095	04095	04095	04095	04095	
04095	04095	04095	04095	04095	04095	04095	04095	04095	
04095	04095	04095	04095	04095	04095	04095	04095	04095	
04095	04095	04095	04095	04095	04095	04095	04095	04095	
04095	04095	04095	04095	04095	04095	04095	04095	04095	
04095	04095	04095	04095	04095	04095	04095	04095	04095	
04095	04095	04095	04095	04095	04095	04095	04095	04095	
04095	04095	04095	04095	04095	04095	04095	04095	04095	
04095	04095	04095	04095	04095	04095	04095	04095	04095	
04095	04095	04095	04095	04095	04095	04095	04095	04095	
04095	04095	04095	04095	04095	04095	04095	04095	04095	
04095	04095	04095	04095	04095	04095	04095	04095	04095	
04095	04095	04095	04095	04095	04095	04095	04095	04095	
04095	04095	04095	04095	04095	04095	04095	04095	04095	
04095	04095	04095	04095	04095	04095	04095	04095	04095	
04095	04095	04095	04095	04095	04095	04095	04095	04095	
04095	04095	04095	04095	04095	04095	04095	04095	04095	
04095	04095	04095	04095	04095	04095	04095	04095	04095	
04095	04095	04095	04095	04095	04095	04095	04095	04095	
04095	04095	04095	04095	04095	04095	04095	04095	04095	
04095	04095	04095	04095	04095	04095	04095	04095	04095	
04095	04095	04095	04095	04095	04095	04095	04095	04095	
04095	04095	04095	04095	04095	04095	04095	04095	04095	
04095	04095	04095	04095	04095	04095	04095	04095	04095	
04095	04095	04095	04095	04095	04095	04095	04095	04095	
04095	04095	04095	04095	04095	04095	04095	04095	04095	
04095	04095	04095	04095	04095	04095	04095	04095	04095	
03712	03932	03555	03804	03759	03952	04095	03598	03647	
03295	03752	02991	03503	03397	03798	04095	03085	03164	
02887	03593	02437	03225	03057	03672	04095	02585	02689	
02444	03392	01852	02901	02675	03496	04095	02052	02175	
01999	03188	01262	02576	02289	03321	04095	01517	01656	
01939	03148	01212	02544	02251	03289	04095	01478	01582	
01911	03128	01188	02524	02231	03269	04095	01456	01545	
01865	03081	01150	02475	02184	03217	04095	01419	01496	
01858	03077	01145	02473	02181	03217	04095	01416	01486	
01854	03077	01141	02473	02180	03216	04095	01413	01478	
01848	03071	01137	02467	02173	03211	04095	01409	01473	
01843	03064	01131	02460	02166	03205	04095	01407	01466	
01843	03065	01129	02461	02168	03205	04095	01406	01463	
01840	03062	01126	02458	02165	03202	04095	01402	01458	
01835	03057	01123	02454	02160	03198	04095	01399	01456	
01835	03057	01122	02454	02162	03197	04095	01399	01453	
01835	03058	01122	02454	02163	03197	04095	01398	01451	
01832	03054	01120	02450	02158	03196	04095	01396	01449	
01831	03052	01121	02450	02158	03196	04095	01397	01450	
01834	03057	01123	02454	02163	03199	04095	01399	01451	
01833	03055	01123	02452	02161	03198	04095	01399	01450	
01832	03053	01123	02450	02159	03196	04095	01399	01449	
01836	03056	01124	02454	02163	03197	04095	01399	01450	
01836	03058	01123	02454	02164	03198	04095	01399	01450	
01833	03055	01123	02452	02162	03197	04095	01399	01450	
01835	03058	01123	02455	02165	03198	04095	01400	01450	
01847	03073	01132	02471	02181	03217	04095	01410	01460	
01850	03075	01134	02472	02181	03221	04095	01414	01463	
01850	03075	01135	02472	02181	03222	04095	01415	01466	
01852	03078	01135	02473	02185	03223	04095	01415	01466	
01849	03075	01134	02470	02180	03221	04095	01413	01463	
01837	03059	01124	02453	02165	03201	04095	01402	01452	
01835	03055	01122	02452	02164	03197	04095	01400	01449	
01834	03055	01121	02451	02163	03196	04095	01400	01446	
01831	03050	01119	02450	02158	03192	04095	01399	01445	
01831	03052	01119	02451	02153	03216	04095	01399	01445	
01831	03054	01120	02452	02155	03218	04095	01399	01445	
01828	03051	01118	02447	02150	03215	04095	01397	01443	
01827	03049	01117	02446	02148	03214	04095	01395	01442	
01828	03051	01117	02446	02151	03215	04095	01394	01441	
01827	03049	01116	02442	02156	03191	04095	01392	01440	
01825	03045	01115	02440	02152	03190	04095	01391	01439	
01831	03051	01119	02448	02160	03197	04095	01395	01442	
01836	03057	01123	02455	02167	03205	04095	01399	01447	
01840	03061	01127	02459	02170	03211	04095	01405	01453	
01846	03069	01132	02467	02178	03220	04095	01411	01459	
01868	03096	01149	02494	02204	03247	04095	01430	01479	
01873	03101	01153	02496	02208	03251	04095	01434	01485	
02167	03304	01425	02819	02553	03424	04095	01755	01780	
02576	03507	01848	03145	02938	03597	04095	02209	02209	
03023	03710	02329	03469	03313	03770	04095	02714	02701	
03453	03895	02823	03773	03678	03924	04095	03226	03213	
03896	04095	03354	04095	04057	04095	04095	03758	03734	
04053	04095	03632	04095	04095	04095	04095	03973	03964	
04094	04095	03772	04095	04095	04095	04095	04053	04061	
04095	04095	03865	04095	04095	04095	04095	04084	04095	
04095	04095	03936	04095	04095	04095	04095	04095	04095	
04095	04095	03979	04095	04095	04095	04095	04095	04095	
04095	04095	04012	04095	04095	04095	04095	04095	04095	
04095	04095	04041	04095	04095	04095	04095	04095	04095	
04095	04095	04059	04095	04095	04095	04095	04095	04095	
04095	04095	04072	04095	04095	04095	04095	04095	04095	
04095	04095	04085	04095	04095	04095	04095	04095	04095	
04095	04095	04094	04095	04095	04095	04095	04095	04095	
04095	04095	04094	04095	04095	04095	04095	04095	04095	
04095	04095	04094	04095	04095	04095	04095	04095	04095	
04095	04095	04095	04095	04095	04095	04095	04095	04095	
04095	04095	04095	04095	04095	04095	04095	04095	04095	
04095	04095	04095	04095	04095	04095	04095	04095	04095	
04095	04095	04095	04095	04095	04095	04095	04095	04095	
04095	04095	04095	04095	04095	04095	04095	04095	04095	
04095	04095	04095	04095	04095	04095	04095	04095	04095	
04095	04095	04095	04095	04095	04095	04095	04095	04095	
04095	04095	04095	04095	04095	04095	04095	04095	04095	
04095	04095	04095	04095	04095	04095	04095	04095	04095	
04095	04095	04095	04095	04095	04095	04095	04095	04095	
04095	04095	04095	04095	04095	04095	04095	04095	04095	
04095	04095	04095	04095	04095	04095	04095	04095	04095	
04095	04095	04095	04095	04095	04095	04095	04095	04095	
04095	04095	04095	04095	04095	04095	04095	04095	04095	
04095	04095	04095	04095	04095	04095	04095	04095	04095	
04095	04095	04095	04095	04095	04095	04095	04095	04095	
04095	04095	04095	04095	04095	04095	04095	04095	04095	
04095	04095	04095	04095	04095	04095	04095	04095	04095	
04095	04095	04095	04095	04095	04095	04095	04095	04095	
04095	04095	04095	04095	04095	04095	04095	04095	04095	
04095	04095	04095	04095	04095	04095	04095	04095	04095	
04095	04095	04095	04095	04095	04095	04095	04095	04095	
04095	04095	04095	04095	04095	04095	04095	04095	04095	
04095	04095	04095	04095	04095	04095	04095	04095	04095	
04095	04095	04095	04095	04095	04095	04095	04095	04095	
04095	04095	04095	04095	04095	04095	04095	04095	04095	
04095	04095	04092	04095	04095	04095	04095	04095	04095	
03651	03958	03575	03787	03777	03963	04095	03615	03676	
03152	03774	03006	03445	03408	03796	04095	03094	03187	
02639	03579	02422	03098	03038	03621	04095	02564	02679	
02126	03387	01840	02752	02663	03451	04095	02034	02168	
01609	03189	01257	02398	02283	03277	04095	01501	01652	
01534	03126	01185	02350	02219	03233	04095	01445	01551	
01515	03112	01165	02339	02208	03226	04095	01431	01517	
01507	03104	01155	02333	02201	03222	04095	01424	01500	
01498	03093	01146	02325	02191	03215	04095	01415	01487	
01493	03088	01140	02321	02189	03211	04095	01410	01478	
01490	03087	01135	02320	02188	03210	04095	01408	01472	
01485	03081	01131	02315	02181	03204	04095	01405	01467	
01482	03078	01128	02312	02179	03202	04095	01403	01463	
01481	03078	01126	02313	02180	03202	04095	01402	01460	
01481	03076	01124	02311	02177	03199	04095	01402	01458	
01479	03073	01123	02308	02173	03196	04095	01400	01456	
01479	03075	01123	02308	02176	03198	04095	01400	01455	
01478	03074	01122	02306	02175	03197	04095	01401	01454	
01478	03072	01120	02304	02171	03194	04095	01400	01451	
01478	03071	01120	02305	02172	03195	04095	01399	01449	
01478	03071	01120	02306	02174	03195	04095	01398	01447	
01476	03068	01118	02302	02170	03191	04095	01395	01445	
01476	03067	01118	02300	02169	03190	04095	01394	01445	
01476	03068	01119	02301	02171	03192	04095	01394	01444	
01474	03067	01118	02299	02169	03190	04095	01395	01443	
01473	03064	01118	02298	02167	03189	04095	01395	01444	
01475	03069	01119	02302	02173	03193	04095	01399	01447	
01479	03072	01122	02307	02176	03197	04095	01402	01449	
01481	03073	01124	02309	02177	03200	04095	01405	01452	
01483	03076	01125	02312	02179	03202	04095	01405	01454	
01484	03079	01127	02314	02183	03205	04095	01407	01454	
01484	03076	01125	02312	02178	03201	04095	01404	01452	
01481	03073	01122	02308	02176	03198	04095	01403	01451	
01480	03073	01121	02307	02176	03195	04095	01402	01449	
01477	03071	01119	02304	02172	03192	04095	01400	01447	
01474	03066	01118	02303	02168	03189	04095	01399	01445	
01474	03068	01118	02303	02171	03191	04095	01398	01444	
01473	03068	01118	02302	02171	03190	04095	01397	01442	
01471	03063	01116	02298	02167	03188	04095	01395	01441	
01473	03063	01116	02299	02168	03190	04095	01395	01441	
01474	03066	01116	02301	02171	03192	04095	01396	01442	
01473	03064	01115	02299	02168	03189	04095	01395	01442	
01473	03063	01115	02298	02158	03211	04095	01396	01441	
01473	03063	01114	02299	02160	03211	04095	01395	01441	
01474	03066	01116	02301	02161	03215	04095	01396	01442	
01475	03067	01118	02303	02162	03217	04095	01399	01444	
01480	03072	01122	02309	02169	03225	04095	01403	01449	
01493	03091	01136	02330	02199	03225	04095	01415	01464	
01847	03298	01437	02687	02575	03407	04095	01766	01787	
02319	03501	01860	03042	02960	03584	04095	02220	02224	
02840	03704	02338	03399	03344	03760	04095	02721	02719	
03361	03905	02847	03754	03725	03934	04095	03241	03246	
03874	04095	03368	04095	04084	04095	04095	03767	03762	
04045	04095	03612	04095	04095	04095	04095	03957	03971	
04095	04095	03741	04095	04095	04095	04095	04040	04063	
04095	04095	03817	04095	04095	04095	04095	04076	04095	
04095	04095	03877	04095	04095	04095	04095	04093	04095	
04095	04095	03925	04095	04095	04095	04095	04095	04095	
04095	04095	03951	04095	04095	04095	04095	04095	04095	
04095	04095	03977	04095	04095	04095	04095	04095	04095	
04095	04095	04008	04095	04095	04095	04095	04095	04095	
04095	04095	04025	04095	04095	04095	04095	04095	04095	
04095	04095	04035	04095	04095	04095	04095	04095	04095	
04095	04095	04056	04095	04095	04095	04095	04095	04095	
04095	04095	04069	04095	04095	04095	04095	04095	04095	
04095	04095	04072	04095	04095	04095	04095	04095	04095	
04095	04095	04077	04095	04095	04095	04095	04095	04095	
04095	04095	04084	04095	04095	04095	04095	04095	04095	
04095	04095	04086	04095	04095	04095	04095	04095	04095	
04095	04095	04089	04095	04095	04095	04095	04095	04095	
04095	04095	04094	04095	04095	04095	04095	04095	04095	
04095	04095	04094	04095	04095	04095	04095	04095	04095	
04095	04095	04094	04095	04095	04095	04095	04095	04095	
04095	04095	04095	04095	04095	04095	04095	04095	04095	
04095	04095	04094	04095	04095	04095	04095	04095	04095	
04095	04095	04088	04095	04095	04095	04095	04095	04095	
04095	04095	04088	04095	04095	04095	04095	04095	04095	
04095	04095	04088	04095	04095	04095	04095	04095	04095	
04095	04095	04080	04095	04095	04095	04095	04095	04095	
04095	04095	04074	04095	04095	04095	04095	04095	04095	
04095	04095	04079	04095	04095	04095	04095	04095	04095	
04095	04095	04079	04095	04095	04095	04095	04095	04095	
04095	04095	04077	04095	04095	04095	04095	04095	04095	
04095	04095	04083	04095	04095	04095	04095	04095	04095	
04095	04095	04087	04095	04095	04095	04095	04095	04095	
04095	04095	04080	04095	04095	04095	04095	04095	04095	
04095	04095	04080	04095	04095	04095	04095	04095	04095	
04095	04095	04082	04095	04095	04095	04095	04095	04095	
04095	04095	04078	04095	04095	04095	04095	04095	04095	
04095	04095	04076	04095	04095	04095	04095	04095	04095	
04095	04095	04083	04095	04095	04095	04095	04095	04095	
04095	04095	04083	04095	04095	04095	04095	04095	04095	
03697	03960	03605	03823	03823	03992	04095	03652	03745	
03210	03742	03054	03482	03472	03832	04095	03141	03270	
02701	03506	02480	03126	03100	03660	04095	02613	02766	
02185	03266	01895	02767	02721	03483	04095	02080	02253	
01671	03032	01310	02412	02349	03313	04095	01550	01738	
01552	02929	01200	02327	02255	03244	04095	01461	01570	
01522	02905	01169	02310	02228	03229	04095	01438	01525	
01512	02899	01159	02306	02222	03226	04095	01432	01507	
01511	02898	01156	02309	02225	03230	04095	01431	01498	
01504	02892	01150	02303	02218	03225	04095	01425	01488	
01499	02885	01146	02298	02212	03219	04095	01421	01480	
01498	02883	01144	02296	02213	03220	04095	01418	01475	
01497	02881	01142	02295	02212	03218	04095	01417	01471	
01494	02878	01139	02290	02207	03214	04095	01413	01467	
01493	02878	01138	02289	02207	03213	04095	01413	01465	
01493	02878	01138	02289	02207	03214	04095	01413	01463	
01492	02876	01136	02287	02203	03211	04095	01412	01461	
01490	02873	01134	02284	02200	03209	04095	01409	01460	
01489	02871	01133	02284	02202	03209	04095	01409	01458	
01487	02868	01131	02281	02200	03207	04095	01408	01457	
01485	02865	01128	02277	02196	03203	04095	01405	01455	
01480	02862	01125	02273	02193	03198	04095	01401	01450	
01475	02857	01120	02266	02186	03190	04095	01396	01444	
01468	02848	01114	02257	02175	03179	04095	01390	01437	
01462	02841	01109	02249	02167	03171	04095	01384	01431	
01456	02834	01105	02244	02162	03165	04095	01379	01425	
01453	02828	01101	02239	02156	03160	04095	01376	01422	
01452	02827	01101	02237	02154	03159	04095	01375	01421	
01452	02828	01101	02239	02157	03160	04095	01376	01422	
01452	02829	01102	02238	02157	03159	04095	01376	01421	
01451	02829	01102	02236	02153	03157	04095	01376	01421	
01452	02831	01103	02238	02155	03159	04095	01377	01422	
01452	02833	01103	02239	02157	03160	04095	01377	01422	
01453	02830	01102	02237	02155	03159	04095	01376	01422	
01454	02831	01103	02239	02158	03163	04095	01377	01423	
01456	02834	01105	02243	02163	03167	04095	01380	01426	
01457	02836	01105	02243	02163	03167	04095	01379	01427	
01458	02838	01105	02243	02163	03168	04095	01382	01428	
01459	02841	01108	02247	02166	03172	04095	01384	01430	
01461	02841	01108	02248	02167	03172	04095	01384	01430	
01461	02840	01108	02247	02165	03171	04095	01385	01429	
01466	02845	01113	02255	02174	03178	04095	01392	01434	
01471	02851	01117	02261	02181	03186	04095	01396	01439	
01475	02856	01120	02265	02185	03191	04095	01401	01443	
01586	02990	01219	02438	02328	03353	04095	01510	01550	
01818	03241	01423	02801	02624	03539	04095	01746	01772	
02251	03487	01803	03163	03004	03717	04095	02158	02166	
02752	03732	02252	03527	03385	03894	04095	02630	02633	
03274	03979	02745	03891	03767	04073	04095	03139	03146	
03689	04095	03170	04088	04010	04095	04095	03558	03572	
03985	04095	03502	04095	04095	04095	04095	03857	03884	
04073	04095	03660	04095	04095	04095	04095	03981	04018	
04095	04095	03759	04095	04095	04095	04095	04047	04079	
04095	04095	03814	04095	04095	04095	04095	04075	04095	
04095	04095	03854	04095	04095	04095	04095	04088	04095	
04095	04095	03895	04095	04095	04095	04095	04095	04095	
04095	04095	03921	04095	04095	04095	04095	04095	04095	
04095	04095	03937	04095	04095	04095	04095	04095	04095	
04095	04095	03961	04095	04095	04095	04095	04095	04095	
04095	04095	03980	04095	04095	04095	04095	04095	04095	
04095	04095	03986	04095	04095	04095	04095	04095	04095	
04095	04095	03998	04095	04095	04095	04095	04095	04095	
04095	04095	04015	04095	04095	04095	04095	04095	04095	
04095	04095	04019	04095	04095	04095	04095	04095	04095	
04095	04095	04023	04095	04095	04095	04095	04095	04095	
04095	04095	04037	04095	04095	04095	04095	04095	04095	
04095	04095	04043	04095	04095	04095	04095	04095	04095	
04095	04095	04044	04095	04095	04095	04095	04095	04095	
04095	04095	04056	04095	04095	04095	04095	04095	04095	
04095	04095	04066	04095	04095	04095	04095	04095	04095	
04095	04095	04065	04095	04095	04095	04095	04095	04095	
04095	04095	04071	04095	04095	04095	04095	04095	04095	
04095	04095	04083	04095	04095	04095	04095	04095	04095	
04095	04095	04086	04095	04095	04095	04095	04095	04095	
04095	04095	04086	04095	04095	04095	04095	04095	04095	
04095	04095	04089	04095	04095	04095	04095	04095	04095	
04095	04095	04093	04095	04095	04095	04095	04095	04095	
04095	04095	04093	04095	04095	04095	04095	04095	04095	
04095	04095	04095	04095	04095	04095	04095	04095	04095	
04095	04095	04095	04095	04095	04095	04095	04095	04095	
04095	04095	04095	04095	04095	04095	04095	04095	04095	
04095	04095	04095	04095	04095	04095	04095	04095	04095	
04095	04095	04095	04095	04095	04095	04095	04095	04095	
04095	04095	04095	04095	04095	04095	04095	04095	04095	
04095	04095	04095	04095	04095	04095	04095	04095	04095	
04095	04095	04095	04095	04095	04095	04095	04095	04095	
04095	04095	04095	04095	04095	04095	04095	04095	04095	
04095	04095	04095	04095	04095	04095	04095	04095	04095	
04095	04095	04095	04095	04095	04095	04095	04095	04095	
04095	04095	04095	04095	04095	04095	04095	04095	04095	
04095	04095	04095	04095	04095	04095	04095	04095	04095	
04095	04095	04095	04095	04095	04095	04095	04095	04095	
04095	04095	04095	04095	04095	04095	04095	04095	04095	
04095	04095	04095	04095	04095	04095	04095	04095	04095	
04095	04095	04095	04095	04095	04095	04095	04095	04095	
04095	04095	04095	04095	04095	04095	04095	04095	04095	
04095	04095	04095	04095	04095	04095	04095	04095	04095	
04095	04095	04095	04095	04095	04095	04095	04095	04095	
04095	04095	04095	04095	04095	04095	04095	04095	04095	
04095	04095	04095	04095	04095	04095	04095	04095	04095	
04095	04095	04095	04095	04095	04095	04095	04095	04095	
04095	04095	04095	04095	04095	04095	04095	04095	04095	
04095	04095	04095	04095	04095	04095	04095	04095	04095	
04095	04095	04095	04095	04095	04095	04095	04095	04095	
04095	04095	04095	04095	04095	04095	04095	04095	04095	
04095	04095	04095	04095	04095	04095	04095	04095	04095	
04095	04095	04095	04095	04095	04095	04095	04095	04095	
04095	04095	04095	04095	04095	04095	04095	04095	04095	
04095	04095	04095	04095	04095	04095	04095	04095	04095	
