02118	02765	01570	02831	01842	03903	04095	01966	02240	
02115	02763	01567	02828	01838	03898	04095	01963	02240	
02110	02759	01564	02823	01834	03892	04095	01960	02244	
02114	02762	01565	02828	01836	03895	04095	01960	02254	
02113	02763	01564	02828	01837	03896	04095	01959	02256	
02108	02757	01559	02820	01832	03892	04095	01955	02244	
02108	02756	01558	02821	01835	03894	04095	01954	02233	
02110	02757	01558	02823	01837	03897	04095	01954	02225	
02107	02756	01556	02818	01834	03895	04095	01953	02218	
02107	02756	01556	02818	01834	03894	04095	01952	02221	
02112	02760	01559	02825	01837	03897	04095	01955	02235	
02111	02760	01558	02822	01834	03895	04095	01954	02241	
02109	02757	01555	02819	01831	03891	04095	01951	02239	
02110	02757	01556	02821	01835	03894	04095	01951	02236	
02110	02756	01555	02819	01835	03894	04095	01951	02228	
02105	02751	01551	02813	01831	03890	04095	01949	02213	
02103	02749	01549	02811	01830	03889	04095	01947	02208	
02104	02750	01548	02812	01829	03889	04095	01946	02212	
02099	02743	01544	02806	01822	03880	04095	01941	02214	
02096	02740	01541	02803	01818	03875	04095	01938	02218	
02097	02741	01541	02805	01819	03875	04095	01937	02221	
02096	02740	01541	02804	01819	03874	04095	01937	02216	
02092	02736	01539	02799	01817	03871	04095	01935	02205	
02093	02739	01541	02802	01820	03876	04095	01937	02199	
02096	02741	01541	02803	01822	03878	04095	01937	02196	
02090	02736	01538	02796	01817	03873	04095	01934	02195	
02089	02734	01536	02794	01816	03871	04095	01932	02201	
02091	02736	01536	02797	01816	03873	04095	01932	02210	
02087	02732	01532	02791	01812	03867	04095	01928	02209	
02082	02728	01530	02787	01810	03863	04095	01927	02203	
02085	02731	01531	02791	01813	03867	04095	01927	02197	
02084	02730	01530	02789	01813	03868	04095	01927	02190	
02081	02726	01528	02786	01810	03864	04095	01926	02184	
02084	02729	01530	02789	01813	03866	04095	01928	02189	
02085	02731	01531	02791	01813	03867	04095	01927	02197	
02081	02726	01529	02786	01809	03861	04095	01925	02202	
02082	02726	01529	02788	01810	03861	04095	01925	02205	
02085	02729	01531	02791	01814	03865	04095	01926	02204	
02083	02727	01530	02787	01812	03864	04095	01925	02195	
02081	02725	01529	02785	01812	03862	04095	01925	02186	
02085	02729	01530	02789	01816	03865	04095	01927	02185	
02087	02730	01531	02790	01811	03865	04095	01929	02216	
02083	02728	01530	02786	01808	03861	04095	01928	02221	
02086	02730	01531	02790	01810	03863	04095	01929	02230	
02089	02732	01533	02794	01811	03865	04095	01931	02235	
02085	02730	01531	02791	01809	03864	04095	01930	02230	
02083	02728	01530	02789	01814	03864	04095	01928	02195	
02088	02732	01532	02794	01817	03869	04095	01929	02191	
02086	02731	01531	02791	01816	03868	04095	01929	02187	
02085	02731	01531	02788	01815	03867	04095	01929	02189	
02090	02735	01534	02793	01818	03870	04095	01931	02200	
02092	02737	01535	02794	01817	03871	04095	01931	02207	
02088	02734	01533	02790	01815	03868	04095	01929	02208	
02091	02735	01534	02793	01818	03870	04095	01930	02207	
02094	02737	01534	02797	01820	03873	04095	01931	02202	
02089	02734	01533	02792	01817	03871	04095	01931	02193	
02088	02733	01533	02792	01819	03870	04095	01932	02192	
02093	02736	01536	02798	01821	03873	04095	01935	02198	
02090	02735	01535	02795	01819	03871	04095	01934	02203	
02087	02734	01534	02792	01817	03868	04095	01932	02207	
02090	02736	01536	02796	01819	03871	04095	01934	02212	
02091	02736	01535	02796	01819	03871	04095	01933	02210	
02085	02731	01531	02789	01816	03867	04095	01931	02199	
02087	02732	01532	02791	01819	03869	04095	01932	02195	
02090	02734	01533	02794	01820	03871	04095	01933	02194	
02087	02732	01531	02789	01818	03868	04095	01931	02195	
02086	02732	01531	02789	01817	03867	04095	01931	02200	
02096	02742	01538	02800	01826	03877	04095	01937	02215	
02356	03013	01828	03060	02241	03921	04095	02265	02472	
02662	03284	02195	03318	02697	03964	04095	02667	02783	
03001	03556	02614	03581	03155	04010	04095	03100	03131	
03352	03830	03056	03843	03605	04058	04095	03534	03495	
03693	04095	03494	04095	04055	04095	04095	03961	03860	
03791	04095	03661	04095	04095	04095	04095	04065	03983	
03849	04095	03764	04095	04095	04095	04095	04095	04049	
03871	04095	03824	04095	04095	04095	04095	04095	04079	
03884	04095	03865	04095	04095	04095	04095	04095	04091	
03911	04095	03907	04095	04095	04095	04095	04095	04095	
03923	04095	03936	04095	04095	04095	04095	04095	04095	
03921	04095	03949	04095	04095	04095	04095	04095	04095	
03934	04095	03967	04095	04095	04095	04095	04095	04095	
03948	04095	03987	04095	04095	04095	04095	04095	04095	
03942	04095	03992	04095	04095	04095	04095	04095	04095	
03944	04095	03998	04095	04095	04095	04095	04095	04095	
03960	04095	04015	04095	04095	04095	04095	04095	04095	
03957	04095	04021	04095	04095	04095	04095	04095	04095	
03951	04095	04022	04095	04095	04095	04095	04095	04095	
03964	04095	04034	04095	04095	04095	04095	04095	04095	
03970	04095	04042	04095	04095	04095	04095	04095	04095	
03960	04095	04039	04095	04095	04095	04095	04095	04095	
03967	04095	04045	04095	04095	04095	04095	04095	04095	
03977	04095	04055	04095	04095	04095	04095	04095	04095	
03966	04095	04050	04095	04095	04095	04095	04095	04095	
03961	04095	04049	04095	04095	04095	04095	04095	04095	
03975	04095	04062	04095	04095	04095	04095	04095	04095	
03973	04095	04065	04095	04095	04095	04095	04095	04095	
03969	04095	04066	04095	04095	04095	04095	04095	04095	
03986	04095	04081	04095	04095	04095	04095	04095	04095	
03998	04095	04092	04095	04095	04095	04095	04095	04095	
03994	04095	04095	04095	04095	04095	04095	04095	04095	
04005	04095	04095	04095	04095	04095	04095	04095	04095	
04019	04095	04095	04095	04095	04095	04095	04095	04095	
04014	04095	04095	04095	04095	04095	04095	04095	04095	
04011	04095	04095	04095	04095	04095	04095	04095	04095	
04023	04095	04095	04095	04095	04095	04095	04095	04095	
04023	04095	04095	04095	04095	04095	04095	04095	04095	
04013	04095	04095	04095	04095	04095	04095	04095	04095	
04021	04095	04095	04095	04095	04095	04095	04095	04095	
04030	04095	04095	04095	04095	04095	04095	04095	04095	
04022	04095	04095	04095	04095	04095	04095	04095	04095	
04026	04095	04095	04095	04095	04095	04095	04095	04095	
04041	04095	04095	04095	04095	04095	04095	04095	04095	
04036	04095	04095	04095	04095	04095	04095	04095	04095	
03761	03951	03733	03924	03771	04079	04095	03735	03893	
03421	03747	03275	03694	03376	04017	04095	03286	03606	
03053	03527	02787	03442	02964	03937	04095	02810	03282	
02676	03317	02295	03196	02567	03866	04095	02336	02947	
02311	03111	01803	02951	02167	03796	04095	01858	02602	
02211	03041	01666	02871	02082	03737	04095	01735	02454	
02179	03024	01625	02849	02064	03722	04095	01702	02394	
02173	03019	01610	02851	02062	03722	04095	01697	02373	
02168	03004	01599	02847	02055	03712	04095	01688	02366	
02157	02984	01588	02839	02043	03701	04095	01683	02366	
02152	02973	01582	02836	02037	03696	04095	01681	02366	
02153	02976	01579	02839	02041	03699	04095	01678	02359	
02149	02985	01575	02835	02042	03701	04095	01673	02342	
02142	02989	01569	02827	02041	03701	04095	01667	02320	
02143	02995	01568	02828	02043	03702	04095	01664	02309	
02143	02993	01566	02826	02042	03700	04095	01663	02308	
02136	02979	01561	02820	02030	03690	04095	01664	02311	
02135	02965	01559	02818	02023	03683	04095	01664	02322	
02138	02960	01559	02821	02021	03681	04095	01665	02332	
02135	02960	01556	02816	02019	03680	04095	01664	02329	
02131	02966	01555	02813	02020	03681	04095	01661	02313	
02135	02981	01556	02817	02030	03688	04095	01658	02301	
02134	02989	01556	02816	02034	03692	04095	01657	02293	
02130	02983	01555	02812	02030	03687	04095	01656	02289	
02130	02974	01555	02813	02027	03684	04095	01655	02294	
02132	02965	01555	02815	02024	03680	04095	01657	02308	
02127	02953	01552	02810	02016	03673	04095	01657	02316	
02126	02950	01551	02808	02016	03673	04095	01655	02315	
02130	02960	01552	02812	02017	03681	04095	01657	02336	
02129	02970	01552	02811	02020	03685	04095	01656	02324	
02126	02974	01550	02808	02020	03685	04095	01654	02313	
02130	02977	01551	02813	02024	03687	04095	01655	02314	
02133	02974	01553	02816	02022	03687	04095	01658	02322	
02130	02961	01551	02813	02019	03680	04095	01660	02305	
02133	02956	01553	02815	02019	03680	04095	01661	02318	
02137	02961	01556	02820	02023	03685	04095	01663	02324	
02135	02967	01556	02817	02025	03687	04095	01661	02314	
02132	02973	01554	02813	02027	03688	04095	01656	02299	
02135	02983	01554	02817	02034	03694	04095	01654	02293	
02133	02982	01553	02814	02033	03691	04095	01654	02289	
02129	02972	01552	02812	02029	03685	04095	01656	02290	
02133	02967	01554	02816	02028	03685	04095	01659	02305	
02138	02965	01558	02822	02030	03688	04095	01665	02322	
02137	02963	01559	02820	02027	03688	04095	01667	02325	
02140	02969	01562	02824	02032	03695	04095	01668	02323	
02144	02982	01564	02829	02039	03703	04095	01668	02316	
02171	03021	01581	02862	02077	03743	04095	01696	02342	
02173	03023	01583	02863	02078	03743	04095	01697	02340	
02399	03248	01822	03119	02427	03823	04095	01993	02556	
02700	03468	02177	03372	02837	03900	04095	02421	02854	
03022	03685	02581	03624	03247	03977	04095	02901	03189	
03340	03872	03001	03843	03623	04017	04095	03358	03513	
03691	04095	03461	04095	04035	04095	04095	03840	03864	
03819	04095	03695	04095	04095	04095	04095	04031	04005	
03876	04095	03812	04095	04095	04095	04095	04088	04066	
03923	04095	03895	04095	04095	04095	04095	04095	04094	
03940	04095	03946	04095	04095	04095	04095	04095	04095	
03946	04095	03980	04095	04095	04095	04095	04095	04095	
03967	04095	04014	04095	04095	04095	04095	04095	04095	
03981	04095	04041	04095	04095	04095	04095	04095	04095	
03975	04095	04052	04095	04095	04095	04095	04095	04095	
03986	04095	04070	04095	04095	04095	04095	04095	04095	
04002	04095	04079	04095	04095	04095	04095	04095	04095	
03998	04095	04080	04095	04095	04095	04095	04095	04095	
03999	04095	04086	04095	04095	04095	04095	04095	04095	
04017	04095	04093	04095	04095	04095	04095	04095	04095	
04017	04095	04095	04095	04095	04095	04095	04095	04095	
04010	04095	04095	04095	04095	04095	04095	04095	04095	
04022	04095	04095	04095	04095	04095	04095	04095	04095	
04030	04095	04095	04095	04095	04095	04095	04095	04095	
04021	04095	04095	04095	04095	04095	04095	04095	04095	
04025	04095	04095	04095	04095	04095	04095	04095	04095	
04038	04095	04095	04095	04095	04095	04095	04095	04095	
04030	04095	04095	04095	04095	04095	04095	04095	04095	
04025	04095	04095	04095	04095	04095	04095	04095	04095	
04038	04095	04095	04095	04095	04095	04095	04095	04095	
04039	04095	04095	04095	04095	04095	04095	04095	04095	
04032	04095	04095	04095	04095	04095	04095	04095	04095	
04045	04095	04095	04095	04095	04095	04095	04095	04095	
04057	04095	04095	04095	04095	04095	04095	04095	04095	
04053	04095	04095	04095	04095	04095	04095	04095	04095	
04060	04095	04095	04095	04095	04095	04095	04095	04095	
04075	04095	04095	04095	04095	04095	04095	04095	04095	
04073	04095	04095	04095	04095	04095	04095	04095	04095	
04070	04095	04095	04095	04095	04095	04095	04095	04095	
04080	04095	04095	04095	04095	04095	04095	04095	04095	
04083	04095	04095	04095	04095	04095	04095	04095	04095	
04074	04095	04095	04095	04095	04095	04095	04095	04095	
04079	04095	04095	04095	04095	04095	04095	04095	04095	
04085	04095	04095	04095	04095	04095	04095	04095	04095	
04079	04095	04095	04095	04095	04095	04095	04095	04095	
04076	04095	04095	04095	04095	04095	04095	04095	04095	
03789	03976	03712	03916	03811	04066	04095	03651	03844	
03448	03823	03268	03705	03501	04011	04095	03167	03532	
03069	03632	02782	03453	03134	03913	04095	02644	03168	
02695	03442	02289	03204	02768	03817	04095	02120	02796	
02314	03248	01790	02952	02399	03719	04095	01592	02419	
02223	03173	01673	02879	02312	03652	04095	01508	02293	
02177	03132	01615	02838	02263	03610	04095	01465	02224	
02169	03131	01600	02840	02261	03611	04095	01458	02205	
02159	03124	01589	02835	02254	03607	04095	01454	02189	
02156	03122	01582	02835	02253	03606	04095	01452	02176	
02155	03122	01576	02834	02253	03605	04095	01449	02163	
02149	03118	01571	02830	02247	03601	04095	01447	02151	
02145	03113	01566	02825	02241	03597	04095	01445	02142	
02146	03116	01565	02826	02244	03598	04095	01444	02141	
02144	03114	01563	02824	02241	03596	04095	01442	02141	
02139	03108	01560	02819	02236	03592	04095	01441	02142	
02139	03109	01560	02820	02239	03594	04095	01441	02143	
02140	03111	01559	02822	02241	03595	04095	01441	02140	
02137	03108	01557	02818	02237	03593	04095	01441	02134	
02137	03108	01556	02818	02238	03593	04095	01441	02128	
02140	03112	01557	02821	02242	03596	04095	01442	02127	
02137	03109	01555	02816	02238	03592	04095	01441	02126	
02134	03105	01553	02812	02234	03589	04095	01439	02127	
02135	03105	01553	02813	02236	03589	04095	01436	02129	
02134	03105	01551	02812	02236	03590	04095	01434	02130	
02130	03102	01549	02807	02233	03587	04095	01432	02124	
02131	03103	01549	02809	02236	03588	04095	01433	02121	
02134	03106	01549	02813	02240	03592	04095	01434	02118	
02132	03104	01549	02812	02237	03590	04095	01436	02116	
02133	03104	01551	02813	02238	03591	04095	01438	02118	
02137	03108	01553	02818	02243	03595	04095	01441	02127	
02135	03107	01553	02817	02241	03593	04095	01439	02129	
02130	03101	01551	02811	02235	03588	04095	01437	02128	
02130	03101	01550	02811	02237	03587	04095	01435	02126	
02128	03100	01547	02810	02234	03584	04095	01432	02120	
02122	03094	01543	02803	02228	03577	04095	01429	02109	
02123	03092	01543	02805	02222	03578	04095	01431	02135	
02129	03098	01545	02811	02228	03583	04095	01434	02139	
02128	03098	01546	02809	02225	03583	04095	01435	02142	
02129	03097	01546	02808	02225	03582	04095	01436	02144	
02134	03101	01548	02813	02229	03586	04095	01436	02148	
02132	03101	01547	02809	02233	03584	04095	01434	02116	
02127	03096	01543	02802	02226	03579	04095	01430	02109	
02127	03097	01543	02803	02229	03579	04095	01429	02106	
02127	03098	01543	02804	02230	03580	04095	01429	02106	
02149	03124	01568	02836	02260	03610	04095	01455	02132	
02401	03325	01852	03096	02617	03714	04095	01801	02392	
02730	03526	02240	03356	02994	03819	04095	02281	02741	
03074	03725	02672	03613	03367	03922	04095	02810	03124	
03431	03923	03130	03871	03741	04024	04095	03343	03520	
03778	04095	03592	04095	04083	04095	04095	03848	03889	
03902	04095	03810	04095	04095	04095	04095	04035	04028	
03947	04095	03922	04095	04095	04095	04095	04091	04080	
03983	04095	03998	04095	04095	04095	04095	04095	04095	
04010	04095	04049	04095	04095	04095	04095	04095	04095	
04013	04095	04071	04095	04095	04095	04095	04095	04095	
04020	04095	04081	04095	04095	04095	04095	04095	04095	
04037	04095	04092	04095	04095	04095	04095	04095	04095	
04039	04095	04095	04095	04095	04095	04095	04095	04095	
04035	04095	04095	04095	04095	04095	04095	04095	04095	
04050	04095	04095	04095	04095	04095	04095	04095	04095	
04058	04095	04095	04095	04095	04095	04095	04095	04095	
04050	04095	04095	04095	04095	04095	04095	04095	04095	
04057	04095	04095	04095	04095	04095	04095	04095	04095	
04069	04095	04095	04095	04095	04095	04095	04095	04095	
04062	04095	04095	04095	04095	04095	04095	04095	04095	
04058	04095	04095	04095	04095	04095	04095	04095	04095	
04070	04095	04095	04095	04095	04095	04095	04095	04095	
04068	04095	04095	04095	04095	04095	04095	04095	04095	
04060	04095	04095	04095	04095	04095	04095	04095	04095	
04072	04095	04095	04095	04095	04095	04095	04095	04095	
04080	04095	04095	04095	04095	04095	04095	04095	04095	
04074	04095	04095	04095	04095	04095	04095	04095	04095	
04080	04095	04095	04095	04095	04095	04095	04095	04095	
04088	04095	04095	04095	04095	04095	04095	04095	04095	
04085	04095	04095	04095	04095	04095	04095	04095	04095	
04085	04095	04095	04095	04095	04095	04095	04095	04095	
04091	04095	04095	04095	04095	04095	04095	04095	04095	
04091	04095	04095	04095	04095	04095	04095	04095	04095	
04091	04095	04095	04095	04095	04095	04095	04095	04095	
04095	04095	04095	04095	04095	04095	04095	04095	04095	
04095	04095	04095	04095	04095	04095	04095	04095	04095	
04095	04095	04095	04095	04095	04095	04095	04095	04095	
04095	04095	04095	04095	04095	04095	04095	04095	04095	
04095	04095	04095	04095	04095	04095	04095	04095	04095	
04095	04095	04095	04095	04095	04095	04095	04095	04095	
04095	04095	04095	04095	04095	04095	04095	04095	04095	
04095	04095	04095	04095	04095	04095	04095	04095	04095	
04095	04095	04095	04095	04095	04095	04095	04095	04095	
04095	04095	04095	04095	04095	04095	04095	04095	04095	
04095	04095	04095	04095	04095	04095	04095	04095	04095	
04095	04095	04095	04095	04095	04095	04095	04095	04095	
04095	04095	04095	04095	04095	04095	04095	04095	04095	
04095	04095	04095	04095	04095	04095	04095	04095	04095	
04095	04095	04095	04095	04095	04095	04095	04095	04095	
04095	04095	04095	04095	04095	04095	04095	04095	04095	
04095	04095	04095	04095	04095	04095	04095	04095	04095	
04095	04095	04095	04095	04095	04095	04095	04095	04095	
04095	04095	04095	04095	04095	04095	04095	04095	04095	
04095	04095	04095	04095	04095	04095	04095	04095	04095	
04095	04095	04095	04095	04095	04095	04095	04095	04095	
03872	04051	03779	04011	03938	04067	04095	03773	03911	
03499	03883	03253	03781	03624	03909	04095	03274	03545	
03104	03703	02698	03539	03296	03742	04095	02756	03142	
02700	03519	02131	03295	02962	03571	04095	02232	02724	
02291	03330	01559	03044	02620	03394	04095	01703	02296	
02103	03180	01302	02873	02440	03242	04095	01494	02045	
02069	03157	01257	02853	02412	03222	04095	01463	01977	
02055	03144	01236	02842	02397	03210	04095	01450	01942	
02042	03132	01223	02831	02383	03201	04095	01441	01919	
02035	03127	01216	02827	02380	03198	04095	01436	01904	
02031	03127	01210	02826	02381	03196	04095	01432	01894	
02021	03120	01205	02820	02373	03191	04095	01427	01884	
02015	03116	01201	02815	02369	03188	04095	01423	01876	
02017	03117	01199	02817	02373	03188	04095	01422	01872	
02016	03116	01197	02813	02369	03187	04095	01420	01869	
02014	03113	01195	02809	02364	03184	04095	01420	01865	
02017	03115	01195	02812	02369	03185	04095	01422	01865	
02017	03117	01195	02812	02370	03186	04095	01423	01865	
02012	03112	01195	02808	02365	03183	04095	01421	01862	
02007	03111	01193	02808	02364	03182	04095	01421	01859	
02007	03112	01192	02809	02366	03182	04095	01419	01858	
02004	03107	01190	02804	02360	03178	04095	01417	01854	
02004	03103	01190	02800	02356	03176	04095	01415	01852	
02009	03106	01191	02801	02359	03177	04095	01415	01852	
02009	03106	01191	02800	02358	03177	04095	01414	01852	
02006	03102	01190	02796	02355	03175	04095	01414	01851	
02006	03105	01190	02799	02360	03177	04095	01414	01851	
02004	03107	01190	02800	02361	03178	04095	01414	01850	
01999	03103	01189	02796	02357	03175	04095	01412	01847	
02000	03102	01189	02796	02357	03174	04095	01411	01845	
02003	03104	01188	02798	02360	03176	04095	01410	01845	
02003	03101	01187	02794	02356	03173	04095	01410	01843	
02001	03098	01187	02792	02354	03173	04095	01410	01842	
02004	03100	01189	02797	02357	03175	04095	01411	01844	
02003	03102	01189	02798	02358	03176	04095	01412	01845	
02000	03101	01191	02797	02350	03176	04095	01414	01874	
02003	03106	01194	02803	02355	03182	04095	01417	01877	
02009	03110	01197	02809	02360	03185	04095	01420	01881	
02011	03111	01199	02807	02359	03187	04095	01421	01883	
02229	03308	01426	03066	02636	03369	04095	01687	02101	
02569	03507	01836	03326	02984	03553	04095	02137	02436	
02934	03702	02306	03581	03330	03732	04095	02647	02853	
03315	03898	02816	03836	03676	03913	04095	03181	03300	
03717	04095	03360	04095	04024	04095	04095	03716	03748	
03909	04095	03703	04095	04095	04095	04095	03986	03979	
03977	04095	03872	04095	04095	04095	04095	04071	04064	
04026	04095	03978	04095	04095	04095	04095	04095	04095	
04059	04095	04044	04095	04095	04095	04095	04095	04095	
04070	04095	04079	04095	04095	04095	04095	04095	04095	
04081	04095	04092	04095	04095	04095	04095	04095	04095	
04093	04095	04095	04095	04095	04095	04095	04095	04095	
04093	04095	04095	04095	04095	04095	04095	04095	04095	
04093	04095	04095	04095	04095	04095	04095	04095	04095	
04095	04095	04095	04095	04095	04095	04095	04095	04095	
04095	04095	04095	04095	04095	04095	04095	04095	04095	
04095	04095	04095	04095	04095	04095	04095	04095	04095	
04095	04095	04095	04095	04095	04095	04095	04095	04095	
04095	04095	04095	04095	04095	04095	04095	04095	04095	
04095	04095	04095	04095	04095	04095	04095	04095	04095	
04095	04095	04095	04095	04095	04095	04095	04095	04095	
04095	04095	04095	04095	04095	04095	04095	04095	04095	
04095	04095	04095	04095	04095	04095	04095	04095	04095	
04095	04095	04095	04095	04095	04095	04095	04095	04095	
04095	04095	04095	04095	04095	04095	04095	04095	04095	
04095	04095	04095	04095	04095	04095	04095	04095	04095	
04095	04095	04095	04095	04095	04095	04095	04095	04095	
04095	04095	04095	04095	04095	04095	04095	04095	04095	
04095	04095	04095	04095	04095	04095	04095	04095	04095	
04095	04095	04095	04095	04095	04095	04095	04095	04095	
04095	04095	04095	04095	04095	04095	04095	04095	04095	
04095	04095	04095	04095	04095	04095	04095	04095	04095	
04095	04095	04095	04095	04095	04095	04095	04095	04095	
04095	04095	04095	04095	04095	04095	04095	04095	04095	
04095	04095	04095	04095	04095	04095	04095	04095	04095	
04095	04095	04095	04095	04095	04095	04095	04095	04095	
04095	04095	04095	04095	04095	04095	04095	04095	04095	
04095	04095	04095	04095	04095	04095	04095	04095	04095	
04095	04095	04095	04095	04095	04095	04095	04095	04095	
04095	04095	04095	04095	04095	04095	04095	04095	04095	
04095	04095	04095	04095	04095	04095	04095	04095	04095	
03885	04091	03799	04050	03981	04095	04095	03801	03880	
03487	03938	03258	03821	03675	03935	04095	03299	03430	
03065	03768	02691	03578	03348	03765	04095	02780	02949	
02635	03592	02115	03331	03016	03589	04095	02254	02456	
02199	03414	01532	03079	02677	03410	04095	01723	01951	
01967	03234	01240	02867	02447	03251	04095	01485	01652	
01924	03203	01196	02840	02411	03228	04095	01452	01589	
01907	03189	01176	02830	02398	03219	04095	01437	01560	
01896	03179	01165	02820	02386	03213	04095	01429	01542	
01889	03173	01159	02814	02379	03210	04095	01424	01532	
01888	03173	01157	02814	02389	03186	04095	01421	01527	
01886	03174	01154	02812	02387	03184	04095	01419	01522	
01881	03172	01152	02807	02381	03180	04095	01416	01516	
01882	03174	01151	02807	02383	03181	04095	01415	01515	
01882	03174	01149	02808	02385	03181	04095	01414	01514	
01878	03169	01147	02803	02379	03178	04095	01413	01512	
01876	03165	01145	02802	02378	03177	04095	01414	01511	
01878	03165	01144	02803	02380	03178	04095	01414	01510	
01875	03162	01143	02802	02378	03176	04095	01414	01508	
01873	03161	01142	02800	02375	03174	04095	01414	01506	
01874	03165	01142	02803	02379	03177	04095	01416	01507	
01874	03166	01141	02803	02381	03175	04095	01414	01506	
01872	03163	01142	02800	02378	03174	04095	01413	01505	
01874	03164	01144	02802	02380	03176	04095	01413	01504	
01878	03166	01145	02806	02384	03178	04095	01414	01505	
01877	03163	01145	02805	02381	03177	04095	01414	01505	
01878	03165	01147	02806	02381	03180	04095	01415	01506	
01882	03172	01147	02810	02387	03183	04095	01416	01506	
01883	03174	01148	02810	02387	03184	04095	01416	01506	
01882	03177	01149	02811	02388	03187	04095	01418	01508	
01888	03182	01152	02817	02394	03194	04095	01421	01512	
01892	03186	01155	02822	02398	03198	04095	01425	01516	
01892	03185	01156	02821	02398	03200	04095	01428	01519	
01894	03187	01158	02825	02402	03203	04095	01431	01522	
01896	03189	01159	02827	02404	03205	04095	01431	01523	
01893	03187	01158	02823	02400	03201	04095	01431	01522	
01890	03185	01156	02819	02396	03198	04095	01429	01520	
01890	03187	01155	02821	02398	03198	04095	01428	01519	
01888	03185	01155	02819	02396	03196	04095	01427	01518	
01885	03179	01153	02814	02393	03193	04095	01426	01517	
01885	03178	01152	02813	02395	03193	04095	01425	01517	
01899	03193	01163	02831	02413	03213	04095	01439	01531	
02169	03374	01440	03085	02733	03392	04095	01763	01818	
02536	03557	01865	03340	03074	03572	04095	02218	02232	
02945	03743	02368	03598	03417	03752	04095	02733	02713	
03367	03927	02904	03856	03751	03934	04095	03268	03230	
03782	04095	03444	04095	04075	04095	04095	03788	03733	
03953	04095	03738	04095	04095	04095	04095	03998	03963	
04027	04095	03896	04095	04095	04095	04095	04076	04061	
04059	04095	03983	04095	04095	04095	04095	04095	04095	
04081	04095	04037	04095	04095	04095	04095	04095	04095	
04093	04095	04074	04095	04095	04095	04095	04095	04095	
04093	04095	04090	04095	04095	04095	04095	04095	04095	
04093	04095	04095	04095	04095	04095	04095	04095	04095	
04095	04095	04095	04095	04095	04095	04095	04095	04095	
04095	04095	04095	04095	04095	04095	04095	04095	04095	
04095	04095	04095	04095	04095	04095	04095	04095	04095	
04095	04095	04095	04095	04095	04095	04095	04095	04095	
04095	04095	04095	04095	04095	04095	04095	04095	04095	
04095	04095	04095	04095	04095	04095	04095	04095	04095	
04095	04095	04095	04095	04095	04095	04095	04095	04095	
04095	04095	04095	04095	04095	04095	04095	04095	04095	
04095	04095	04095	04095	04095	04095	04095	04095	04095	
04095	04095	04095	04095	04095	04095	04095	04095	04095	
04095	04095	04095	04095	04095	04095	04095	04095	04095	
04095	04095	04095	04095	04095	04095	04095	04095	04095	
04095	04095	04095	04095	04095	04095	04095	04095	04095	
04095	04095	04095	04095	04095	04095	04095	04095	04095	
04095	04095	04095	04095	04095	04095	04095	04095	04095	
04095	04095	04095	04095	04095	04095	04095	04095	04095	
04095	04095	04095	04095	04095	04095	04095	04095	04095	
04095	04095	04095	04095	04095	04095	04095	04095	04095	
04095	04095	04095	04095	04095	04095	04095	04095	04095	
04095	04095	04095	04095	04095	04095	04095	04095	04095	
04095	04095	04095	04095	04095	04095	04095	04095	04095	
04095	04095	04095	04095	04095	04095	04095	04095	04095	
04095	04095	04095	04095	04095	04095	04095	04095	04095	
04095	04095	04095	04095	04095	04095	04095	04095	04095	
04095	04095	04095	04095	04095	04095	04095	04095	04095	
04095	04095	04095	04095	04095	04095	04095	04095	04095	
04095	04095	04095	04095	04095	04095	04095	04095	04095	
04095	04095	04095	04095	04095	04095	04095	04095	04095	
04095	04095	04095	04095	04095	04095	04095	04095	04095	
04095	04095	04095	04095	04095	04095	04095	04095	04095	
04095	04095	04095	04095	04095	04095	04095	04095	04095	
04095	04095	04095	04095	04095	04095	04095	04095	04095	
04095	04095	04095	04095	04095	04095	04095	04095	04095	
04095	04095	04095	04095	04095	04095	04095	04095	04095	
04095	04095	04095	04095	04095	04095	04095	04095	04095	
04095	04095	04095	04095	04095	04095	04095	04095	04095	
04095	04095	04095	04095	04095	04095	04095	04095	04095	
04095	04095	04095	04095	04095	04095	04095	04095	04095	
04095	04095	04095	04095	04095	04095	04095	04095	04095	
04095	04095	04095	04095	04095	04095	04095	04095	04095	
04095	04095	04095	04095	04095	04095	04095	04095	04095	
04095	04095	04095	04095	04095	04095	04095	04095	04095	
04095	04095	04095	04095	04095	04095	04095	04095	04095	
04095	04095	04095	04095	04095	04095	04095	04095	04095	
04095	04095	04095	04095	04095	04095	04095	04095	04095	
04095	04095	04095	04095	04095	04095	04095	04095	04095	
04095	04095	04095	04095	04095	04095	04095	04095	04095	
04095	04095	04095	04095	04095	04095	04095	04095	04095	
04095	04095	04095	04095	04095	04095	04095	04095	04095	
04095	04095	04095	04095	04095	04095	04095	04095	04095	
04095	04095	04095	04095	04095	04095	04095	04095	04095	
04095	04095	04095	04095	04095	04095	04095	04095	04095	
04095	04095	04095	04095	04095	04095	04095	04095	04095	
04095	04095	04095	04095	04095	04095	04095	04095	04095	
04095	04095	04095	04095	04095	04095	04095	04095	04095	
04095	04095	04095	04095	04095	04095	04095	04095	04095	
04095	04095	04095	04095	04095	04095	04095	04095	04095	
04095	04095	04095	04095	04095	04095	04095	04095	04095	
04095	04095	04095	04095	04095	04095	04095	04095	04095	
04095	04095	04095	04095	04095	04095	04095	04095	04095	
04095	04095	04095	04095	04095	04095	04095	04095	04095	
04095	04095	04095	04095	04095	04095	04095	04095	04095	
03765	04020	03668	03930	03893	04007	04095	03685	03765	
03342	03883	03140	03694	03623	03876	04095	03199	03322	
02886	03717	02578	03426	03320	03712	04095	02683	02836	
02443	03570	02026	03182	03034	03580	04095	02184	02362	
01970	03386	01444	02897	02719	03400	04095	01654	01851	
01821	03272	01286	02774	02591	03306	04095	01529	01664	
01765	03218	01228	02721	02528	03254	04095	01480	01587	
01741	03193	01202	02698	02498	03234	04095	01460	01551	
01703	03152	01165	02653	02457	03183	04095	01424	01504	
01694	03147	01157	02647	02453	03179	04095	01418	01491	
01690	03145	01152	02643	02452	03177	04095	01415	01483	
01688	03145	01149	02642	02455	03177	04095	01414	01478	
01688	03146	01148	02643	02456	03178	04095	01414	01475	
01687	03141	01145	02640	02447	03175	04095	01412	01472	
01684	03137	01143	02637	02437	03173	04095	01410	01469	
01685	03136	01142	02638	02434	03173	04095	01410	01467	
01683	03133	01141	02635	02430	03171	04095	01408	01464	
01681	03130	01139	02633	02430	03168	04095	01406	01462	
01680	03132	01138	02633	02437	03169	04095	01405	01459	
01680	03134	01137	02633	02444	03169	04095	01405	01457	
01678	03131	01135	02629	02439	03167	04095	01403	01455	
01677	03129	01135	02628	02436	03166	04095	01402	01454	
01679	03129	01136	02629	02434	03168	04095	01401	01454	
01677	03124	01135	02626	02426	03166	04095	01400	01453	
01676	03121	01134	02624	02422	03164	04095	01399	01452	
01677	03125	01135	02626	02432	03167	04095	01400	01453	
01678	03128	01136	02626	02438	03168	04095	01401	01452	
01677	03128	01134	02624	02440	03167	04095	01402	01452	
01679	03131	01136	02627	02444	03171	04095	01404	01453	
01680	03133	01136	02629	02444	03173	04095	01406	01454	
01678	03129	01135	02626	02433	03170	04095	01406	01454	
01678	03127	01135	02626	02428	03170	04095	01407	01455	
01679	03129	01136	02628	02430	03171	04095	01407	01456	
01678	03129	01135	02626	02430	03168	04095	01406	01455	
01677	03128	01134	02624	02433	03166	04095	01405	01454	
01679	03131	01134	02626	02441	03168	04095	01404	01454	
01677	03131	01133	02624	02441	03167	04095	01402	01452	
01675	03127	01132	02620	02433	03163	04095	01400	01451	
01675	03125	01131	02619	02430	03164	04095	01401	01451	
01675	03124	01132	02620	02419	03164	04095	01403	01481	
01673	03120	01131	02618	02412	03160	04095	01403	01479	
01672	03119	01131	02618	02413	03158	04095	01403	01479	
01673	03124	01132	02620	02421	03161	04095	01404	01480	
01672	03124	01131	02620	02424	03159	04095	01402	01478	
01820	03290	01266	02859	02629	03347	04095	01561	01597	
02190	03485	01642	03154	02967	03534	04095	01971	01974	
02623	03679	02107	03449	03301	03722	04095	02455	02440	
03079	03870	02614	03743	03631	03907	04095	02969	02950	
03557	04065	03161	04039	03965	04095	04095	03509	03480	
03893	04095	03596	04095	04095	04095	04095	03887	03860	
04008	04095	03793	04095	04095	04095	04095	04016	04012	
04059	04095	03911	04095	04095	04095	04095	04071	04076	
04086	04095	03995	04095	04095	04095	04095	04095	04095	
04095	04095	04041	04095	04095	04095	04095	04095	04095	
04095	04095	04065	04095	04095	04095	04095	04095	04095	
04095	04095	04085	04095	04095	04095	04095	04095	04095	
04095	04095	04095	04095	04095	04095	04095	04095	04095	
04095	04095	04095	04095	04095	04095	04095	04095	04095	
04095	04095	04095	04095	04095	04095	04095	04095	04095	
04095	04095	04095	04095	04095	04095	04095	04095	04095	
04095	04095	04095	04095	04095	04095	04095	04095	04095	
04095	04095	04095	04095	04095	04095	04095	04095	04095	
04095	04095	04095	04095	04095	04095	04095	04095	04095	
04095	04095	04095	04095	04095	04095	04095	04095	04095	
04095	04095	04095	04095	04095	04095	04095	04095	04095	
04095	04095	04095	04095	04095	04095	04095	04095	04095	
04095	04095	04095	04095	04095	04095	04095	04095	04095	
04095	04095	04095	04095	04095	04095	04095	04095	04095	
04095	04095	04095	04095	04095	04095	04095	04095	04095	
04095	04095	04095	04095	04095	04095	04095	04095	04095	
04095	04095	04095	04095	04095	04095	04095	04095	04095	
04095	04095	04095	04095	04095	04095	04095	04095	04095	
04095	04095	04095	04095	04095	04095	04095	04095	04095	
04095	04095	04095	04095	04095	04095	04095	04095	04095	
04095	04095	04095	04095	04095	04095	04095	04095	04095	
04095	04095	04095	04095	04095	04095	04095	04095	04095	
04095	04095	04095	04095	04095	04095	04095	04095	04095	
04095	04095	04095	04095	04095	04095	04095	04095	04095	
04095	04095	04095	04095	04095	04095	04095	04095	04095	
04095	04095	04095	04095	04095	04095	04095	04095	04095	
04095	04095	04095	04095	04095	04095	04095	04095	04095	
04095	04095	04095	04095	04095	04095	04095	04095	04095	
04095	04095	04095	04095	04095	04095	04095	04095	04095	
04095	04095	04095	04095	04095	04095	04095	04095	04095	
04095	04095	04095	04095	04095	04095	04095	04095	04095	
04095	04095	04095	04095	04095	04095	04095	04095	04095	
04095	04095	04095	04095	04095	04095	04095	04095	04095	
04095	04095	04095	04095	04095	04095	04095	04095	04095	
04095	04095	04095	04095	04095	04095	04095	04095	04095	
04095	04095	04095	04095	04095	04095	04095	04095	04095	
04095	04095	04095	04095	04095	04095	04095	04095	04095	
04095	04095	04095	04095	04095	04095	04095	04095	04095	
04095	04095	04095	04095	04095	04095	04095	04095	04095	
04095	04095	04095	04095	04095	04095	04095	04095	04095	
04095	04095	04095	04095	04095	04095	04095	04095	04095	
04095	04095	04095	04095	04095	04095	04095	04095	04095	
04095	04095	04095	04095	04095	04095	04095	04095	04095	
04095	04095	04095	04095	04095	04095	04095	04095	04095	
04095	04095	04095	04095	04095	04095	04095	04095	04095	
03702	04000	03644	03869	03914	04035	04095	03678	03742	
03200	03801	03082	03523	03600	03863	04095	03160	03258	
02690	03604	02510	03176	03279	03691	04095	02637	02759	
02173	03398	01928	02820	02949	03510	04095	02105	02247	
01649	03182	01342	02459	02614	03326	04095	01570	01728	
01515	03051	01201	02319	02461	03196	04095	01447	01556	
01491	03027	01171	02299	02433	03179	04095	01426	01515	
01474	03007	01153	02282	02413	03162	04095	01410	01487	
01464	02993	01142	02272	02399	03153	04095	01400	01471	
01460	02983	01136	02267	02391	03147	04095	01396	01462	
01459	02980	01133	02266	02393	03147	04095	01394	01457	
01458	02978	01131	02264	02391	03147	04095	01394	01454	
01456	02975	01129	02260	02385	03144	04095	01392	01450	
01455	02979	01128	02261	02385	03146	04095	01393	01449	
01455	02984	01127	02260	02386	03146	04095	01392	01448	
01453	02983	01125	02258	02381	03142	04095	01390	01445	
01453	02979	01124	02258	02381	03141	04095	01390	01443	
01453	02976	01124	02259	02384	03143	04095	01391	01442	
01452	02971	01123	02257	02382	03141	04095	01390	01441	
01450	02968	01121	02255	02379	03140	04095	01389	01439	
01451	02970	01121	02255	02381	03142	04095	01390	01439	
01450	02971	01121	02253	02378	03140	04095	01388	01437	
01448	02971	01118	02249	02374	03137	04095	01385	01435	
01449	02972	01119	02251	02376	03138	04095	01385	01434	
01448	02970	01119	02250	02377	03138	04095	01384	01433	
01446	02965	01117	02247	02374	03134	04095	01383	01431	
01446	02962	01117	02246	02374	03135	04095	01383	01431	
01446	02961	01117	02247	02377	03136	04095	01385	01432	
01445	02960	01115	02245	02373	03134	04095	01386	01431	
01446	02964	01115	02244	02372	03134	04095	01386	01431	
01447	02969	01116	02246	02375	03136	04095	01387	01432	
01447	02969	01115	02246	02375	03137	04095	01387	01432	
01444	02963	01114	02243	02372	03135	04095	01385	01431	
01444	02961	01114	02243	02373	03135	04095	01384	01431	
01444	02959	01114	02244	02375	03135	04095	01383	01431	
01443	02955	01113	02242	02371	03132	04095	01381	01428	
01443	02956	01113	02242	02371	03132	04095	01381	01428	
01444	02961	01114	02242	02374	03134	04095	01382	01428	
01444	02962	01113	02242	02372	03132	04095	01382	01429	
01443	02962	01112	02241	02368	03131	04095	01381	01427	
01444	02965	01114	02243	02363	03134	04095	01383	01460	
01444	02965	01115	02244	02364	03134	04095	01385	01461	
01444	02960	01115	02244	02363	03132	04095	01384	01461	
01446	02960	01115	02244	02365	03135	04095	01385	01461	
01447	02964	01116	02246	02369	03137	04095	01387	01463	
01447	02966	01114	02244	02375	03136	04095	01385	01432	
01447	02967	01114	02245	02373	03136	04095	01384	01432	
01449	02971	01116	02247	02376	03138	04095	01385	01432	
01448	02969	01117	02248	02377	03137	04095	01385	01433	
01447	02964	01117	02246	02375	03136	04095	01385	01433	
01448	02964	01118	02249	02379	03137	04095	01388	01435	
01449	02965	01119	02250	02380	03138	04095	01390	01435	
01448	02965	01118	02247	02377	03137	04095	01389	01435	
01448	02967	01118	02247	02377	03138	04095	01390	01436	
01449	02972	01119	02248	02380	03141	04095	01391	01436	
01448	02972	01119	02246	02377	03138	04095	01389	01434	
01446	02969	01119	02246	02376	03137	04095	01388	01435	
01446	02965	01118	02246	02377	03137	04095	01387	01433	
01445	02961	01117	02244	02374	03134	04095	01384	01430	
01443	02956	01115	02241	02370	03131	04095	01381	01428	
01443	02958	01114	02241	02372	03131	04095	01382	01428	
01603	03149	01250	02524	02581	03324	04095	01553	01587	
01995	03380	01620	02894	02927	03516	04095	01953	01963	
02464	03606	02074	03265	03274	03709	04095	02425	02424	
02968	03831	02584	03636	03621	03902	04095	02938	02934	
03487	04055	03118	04008	03958	04095	04095	03465	03468	
03855	04095	03525	04095	04095	04095	04095	03829	03841	
03992	04095	03717	04095	04095	04095	04095	03971	03998	
04054	04095	03834	04095	04095	04095	04095	04042	04071	
04080	04095	03906	04095	04095	04095	04095	04072	04095	
04093	04095	03962	04095	04095	04095	04095	04087	04095	
04095	04095	04009	04095	04095	04095	04095	04095	04095	
04095	04095	04037	04095	04095	04095	04095	04095	04095	
04095	04095	04061	04095	04095	04095	04095	04095	04095	
04095	04095	04077	04095	04095	04095	04095	04095	04095	
04095	04095	04083	04095	04095	04095	04095	04095	04095	
04095	04095	04088	04095	04095	04095	04095	04095	04095	
04095	04095	04093	04095	04095	04095	04095	04095	04095	
04095	04095	04095	04095	04095	04095	04095	04095	04095	
04095	04095	04095	04095	04095	04095	04095	04095	04095	
04095	04095	04095	04095	04095	04095	04095	04095	04095	
04095	04095	04095	04095	04095	04095	04095	04095	04095	
04095	04095	04095	04095	04095	04095	04095	04095	04095	
04095	04095	04095	04095	04095	04095	04095	04095	04095	
04095	04095	04095	04095	04095	04095	04095	04095	04095	
04095	04095	04095	04095	04095	04095	04095	04095	04095	
04095	04095	04095	04095	04095	04095	04095	04095	04095	
04095	04095	04095	04095	04095	04095	04095	04095	04095	
04095	04095	04095	04095	04095	04095	04095	04095	04095	
04095	04095	04095	04095	04095	04095	04095	04095	04095	
04095	04095	04095	04095	04095	04095	04095	04095	04095	
04095	04095	04095	04095	04095	04095	04095	04095	04095	
04095	04095	04095	04095	04095	04095	04095	04095	04095	
04095	04095	04095	04095	04095	04095	04095	04095	04095	
04095	04095	04095	04095	04095	04095	04095	04095	04095	
04095	04095	04095	04095	04095	04095	04095	04095	04095	
04095	04095	04095	04095	04095	04095	04095	04095	04095	
04095	04095	04095	04095	04095	04095	04095	04095	04095	
04095	04095	04095	04095	04095	04095	04095	04095	04095	
04095	04095	04095	04095	04095	04095	04095	04095	04095	
04095	04095	04095	04095	04095	04095	04095	04095	04095	
04095	04095	04095	04095	04095	04095	04095	04095	04095	
04095	04095	04095	04095	04095	04095	04095	04095	04095	
04095	04095	04095	04095	04095	04095	04095	04095	04095	
04095	04095	04095	04095	04095	04095	04095	04095	04095	
04095	04095	04095	04095	04095	04095	04095	04095	04095	
04095	04095	04095	04095	04095	04095	04095	04095	04095	
04095	04095	04095	04095	04095	04095	04095	04095	04095	
04095	04095	04095	04095	04095	04095	04095	04095	04095	
04095	04095	04095	04095	04095	04095	04095	04095	04095	
04095	04095	04095	04095	04095	04095	04095	04095	04095	
04095	04095	04095	04095	04095	04095	04095	04095	04095	
04095	04095	04095	04095	04095	04095	04095	04095	04095	
04095	04095	04095	04095	04095	04095	04095	04095	04095	
04095	04095	04095	04095	04095	04095	04095	04095	04095	
04095	04095	04095	04095	04095	04095	04095	04095	04095	
04095	04095	04095	04095	04095	04095	04095	04095	04095	
04095	04095	04095	04095	04095	04095	04095	04095	04095	
04095	04095	04095	04095	04095	04095	04095	04095	04095	
04095	04095	04095	04095	04095	04095	04095	04095	04095	
04095	04095	04095	04095	04095	04095	04095	04095	04095	
04095	04095	04095	04095	04095	04095	04095	04095	04095	
04095	04095	04095	04095	04095	04095	04095	04095	04095	
04095	04095	04095	04095	04095	04095	04095	04095	04095	
04095	04095	04095	04095	04095	04095	04095	04095	04095	
04095	04095	04095	04095	04095	04095	04095	04095	04095	
04095	04095	04095	04095	04095	04095	04095	04095	04095	
04095	04095	04095	04095	04095	04095	04095	04095	04095	
04095	04095	04095	04095	04095	04095	04095	04095	04095	
03666	03923	03608	03823	03864	03988	04095	03642	03705	
03162	03667	03043	03475	03561	03813	04095	03122	03217	
02649	03399	02467	03122	03240	03635	04095	02594	02714	
02128	03127	01882	02762	02908	03450	04095	02059	02197	
01603	02855	01293	02398	02573	03262	04095	01521	01675	
01505	02757	01189	02307	02466	03183	04095	01436	01542	
01482	02739	01162	02288	02438	03166	04095	01416	01503	
01470	02730	01146	02278	02421	03159	04095	01405	01482	
01467	02723	01141	02278	02419	03160	04095	01402	01473	
01467	02717	01140	02280	02421	03165	04095	01404	01470	
01468	02711	01138	02282	02423	03166	04095	01405	01468	
01471	02712	01141	02286	02420	03171	04095	01409	01499	
01473	02716	01143	02290	02426	03177	04095	01413	01499	
01474	02725	01143	02290	02425	03177	04095	01413	01497	
01474	02730	01142	02288	02421	03176	04095	01412	01496	
01475	02734	01143	02289	02422	03178	04095	01413	01495	
01474	02733	01143	02288	02427	03179	04095	01412	01464	
01471	02724	01140	02283	02420	03172	04095	01410	01460	
01469	02714	01138	02281	02416	03170	04095	01408	01459	
01469	02712	01138	02282	02417	03171	04095	01408	01457	
01468	02713	01136	02281	02415	03168	04095	01407	01455	
01466	02716	01134	02277	02412	03166	04095	01405	01453	
01467	02723	01133	02277	02415	03167	04095	01404	01453	
01466	02727	01133	02276	02414	03167	04095	01404	01453	
01465	02723	01133	02274	02411	03166	04095	01403	01452	
01464	02717	01132	02272	02411	03166	04095	01402	01451	
01464	02712	01132	02273	02412	03166	04095	01403	01452	
01463	02707	01132	02270	02407	03163	04095	01401	01450	
01461	02705	01130	02268	02406	03161	04095	01401	01449	
01460	02710	01129	02267	02405	03160	04095	01399	01447	
01456	02712	01126	02263	02400	03156	04095	01396	01444	
01454	02710	01124	02259	02396	03152	04095	01393	01442	
01453	02708	01122	02259	02397	03152	04095	01392	01439	
01452	02702	01121	02257	02395	03149	04095	01391	01437	
01449	02692	01119	02254	02390	03144	04095	01389	01435	
01450	02689	01119	02255	02393	03145	04095	01390	01435	
01450	02692	01120	02255	02394	03146	04095	01389	01435	
01450	02696	01119	02253	02392	03144	04095	01388	01434	
01450	02703	01120	02253	02391	03145	04095	01388	01434	
01452	02707	01120	02254	02395	03148	04095	01389	01435	
01451	02704	01120	02253	02391	03146	04095	01388	01435	
01450	02698	01119	02252	02390	03144	04095	01388	01435	
01451	02695	01120	02254	02393	03146	04095	01389	01436	
01450	02693	01120	02253	02394	03146	04095	01388	01437	
01449	02692	01120	02252	02389	03144	04095	01388	01436	
01450	02699	01120	02253	02393	03146	04095	01390	01437	
01452	02705	01121	02254	02394	03149	04095	01391	01438	
01452	02707	01120	02254	02391	03147	04095	01391	01437	
01453	02706	01120	02254	02392	03148	04095	01391	01437	
01455	02703	01121	02257	02397	03150	04095	01393	01439	
01453	02696	01120	02255	02393	03148	04095	01391	01438	
01451	02692	01120	02254	02391	03145	04095	01390	01436	
01452	02695	01121	02256	02394	03147	04095	01392	01436	
01452	02700	01121	02257	02395	03146	04095	01392	01435	
01451	02704	01119	02253	02391	03143	04095	01390	01434	
01451	02707	01119	02253	02392	03143	04095	01390	01433	
01452	02706	01118	02253	02394	03145	04095	01390	01434	
01450	02701	01117	02251	02391	03143	04095	01388	01432	
01806	02977	01436	02619	02732	03333	04095	01751	01767	
02266	03256	01872	02989	03077	03524	04095	02209	02207	
02758	03534	02360	03357	03418	03714	04095	02701	02695	
03268	03814	02874	03726	03751	03904	04095	03211	03213	
03797	04095	03405	04095	04095	04095	04095	03737	03746	
03969	04095	03628	04095	04095	04095	04095	03909	03943	
04039	04095	03742	04095	04095	04095	04095	03986	04036	
04076	04095	03819	04095	04095	04095	04095	04034	04080	
04095	04095	03880	04095	04095	04095	04095	04066	04095	
04095	04095	03918	04095	04095	04095	04095	04081	04095	
04095	04095	03946	04095	04095	04095	04095	04088	04095	
04095	04095	03979	04095	04095	04095	04095	04095	04095	
04095	04095	04000	04095	04095	04095	04095	04095	04095	
04095	04095	04011	04095	04095	04095	04095	04095	04095	
04095	04095	04029	04095	04095	04095	04095	04095	04095	
04095	04095	04047	04095	04095	04095	04095	04095	04095	
04095	04095	04051	04095	04095	04095	04095	04095	04095	
04095	04095	04060	04095	04095	04095	04095	04095	04095	
04095	04095	04070	04095	04095	04095	04095	04095	04095	
04095	04095	04074	04095	04095	04095	04095	04095	04095	
04095	04095	04077	04095	04095	04095	04095	04095	04095	
04095	04095	04087	04095	04095	04095	04095	04095	04095	
04095	04095	04087	04095	04095	04095	04095	04095	04095	
04095	04095	04087	04095	04095	04095	04095	04095	04095	
04095	04095	04091	04095	04095	04095	04095	04095	04095	
04095	04095	04095	04095	04095	04095	04095	04095	04095	
04095	04095	04095	04095	04095	04095	04095	04095	04095	
04095	04095	04095	04095	04095	04095	04095	04095	04095	
04095	04095	04095	04095	04095	04095	04095	04095	04095	
04095	04095	04095	04095	04095	04095	04095	04095	04095	
04095	04095	04095	04095	04095	04095	04095	04095	04095	
04095	04095	04095	04095	04095	04095	04095	04095	04095	
04095	04095	04095	04095	04095	04095	04095	04095	04095	
04095	04095	04095	04095	04095	04095	04095	04095	04095	
04095	04095	04095	04095	04095	04095	04095	04095	04095	
04095	04095	04095	04095	04095	04095	04095	04095	04095	
04095	04095	04095	04095	04095	04095	04095	04095	04095	
04095	04095	04095	04095	04095	04095	04095	04095	04095	
04095	04095	04095	04095	04095	04095	04095	04095	04095	
04095	04095	04095	04095	04095	04095	04095	04095	04095	
04095	04095	04095	04095	04095	04095	04095	04095	04095	
04095	04095	04095	04095	04095	04095	04095	04095	04095	
04095	04095	04095	04095	04095	04095	04095	04095	04095	
04095	04095	04095	04095	04095	04095	04095	04095	04095	
04095	04095	04095	04095	04095	04095	04095	04095	04095	
04095	04095	04095	04095	04095	04095	04095	04095	04095	
04095	04095	04095	04095	04095	04095	04095	04095	04095	
04095	04095	04095	04095	04095	04095	04095	04095	04095	
04095	04095	04095	04095	04095	04095	04095	04095	04095	
04095	04095	04095	04095	04095	04095	04095	04095	04095	
04095	04095	04095	04095	04095	04095	04095	04095	04095	
04095	04095	04095	04095	04095	04095	04095	04095	04095	
04095	04095	04095	04095	04095	04095	04095	04095	04095	
04095	04095	04095	04095	04095	04095	04095	04095	04095	
04095	04095	04095	04095	04095	04095	04095	04095	04095	
04095	04095	04095	04095	04095	04095	04095	04095	04095	
04095	04095	04095	04095	04095	04095	04095	04095	04095	
04095	04095	04095	04095	04095	04095	04095	04095	04095	
04095	04095	04095	04095	04095	04095	04095	04095	04095	
04095	04095	04095	04095	04095	04095	04095	04095	04095	
04095	04095	04095	04095	04095	04095	04095	04095	04095	
04095	04095	04095	04095	04095	04095	04095	04095	04095	
04095	04095	04095	04095	04095	04095	04095	04095	04095	
04095	04095	04095	04095	04095	04095	04095	04095	04095	
04095	04095	04095	04095	04095	04095	04095	04095	04095	
