03954	04095	04093	04095	04095	04095	04095	04095	04095	
03966	04095	04093	04095	04095	04095	04095	04095	04095	
03959	04095	04093	04095	04095	04095	04095	04095	04095	
03956	04095	04093	04095	04095	04095	04095	04095	04095	
03971	04095	04095	04095	04095	04095	04095	04095	04095	
03970	04095	04095	04095	04095	04095	04095	04095	04095	
03961	04095	04095	04095	04095	04095	04095	04095	04095	
03970	04095	04095	04095	04095	04095	04095	04095	04095	
03978	04095	04095	04095	04095	04095	04095	04095	04095	
03966	04095	04095	04095	04095	04095	04095	04095	04095	
03968	04095	04095	04095	04095	04095	04095	04095	04095	
03981	04095	04095	04095	04095	04095	04095	04095	04095	
03973	04095	04095	04095	04095	04095	04095	04095	04095	
03942	04095	04077	04095	04095	04095	04095	04095	04095	
03634	03918	03747	03907	03727	04095	04095	03786	03841	
03273	03701	03354	03681	03317	04066	04095	03421	03530	
02899	03483	02953	03452	02916	04027	04095	03050	03205	
02501	03226	02511	03185	02467	03962	04095	02638	02839	
02148	02982	02082	02921	02030	03926	04095	02246	02490	
02053	02893	01952	02835	01943	03860	04095	02135	02366	
02004	02844	01883	02792	01898	03823	04095	02078	02294	
01955	02794	01819	02747	01850	03794	04095	02022	02232	
01965	02815	01820	02772	01870	03824	04095	02034	02233	
01945	02807	01815	02779	01865	03806	04095	02015	02206	
01948	02817	01821	02788	01873	03807	04095	02016	02203	
01947	02820	01820	02785	01873	03802	04095	02013	02197	
01945	02818	01816	02782	01871	03799	04095	02012	02191	
01925	02790	01793	02753	01846	03770	04095	01987	02165	
01911	02774	01778	02737	01832	03759	04095	01971	02148	
01897	02759	01764	02724	01819	03752	04095	01958	02132	
01893	02755	01758	02721	01817	03750	04095	01953	02126	
01893	02757	01757	02721	01818	03747	04095	01950	02122	
01888	02753	01753	02713	01813	03735	04095	01944	02115	
01885	02751	01750	02707	01810	03726	04095	01940	02110	
01888	02752	01752	02711	01813	03729	04095	01941	02111	
01888	02752	01750	02711	01812	03733	04095	01941	02110	
01884	02748	01747	02709	01809	03737	04095	01940	02108	
01887	02750	01748	02714	01813	03746	04095	01944	02111	
01890	02753	01749	02718	01817	03751	04095	01947	02112	
01888	02753	01746	02712	01815	03744	04095	01946	02110	
01888	02754	01747	02710	01816	03738	04095	01946	02109	
01892	02757	01749	02712	01819	03737	04095	01946	02111	
01889	02755	01747	02708	01817	03734	04095	01943	02107	
01887	02752	01745	02707	01815	03733	04095	01941	02105	
01891	02754	01747	02714	01818	03743	04095	01942	02108	
01892	02754	01746	02716	01819	03748	04095	01944	02108	
01887	02751	01744	02711	01814	03746	04095	01942	02105	
01888	02751	01745	02711	01815	03743	04095	01943	02106	
01887	02752	01745	02709	01814	03739	04095	01942	02106	
01879	02745	01739	02698	01808	03726	04095	01936	02099	
01875	02742	01736	02693	01804	03720	04095	01932	02094	
01876	02740	01735	02696	01798	03746	04095	01930	02092	
01871	02734	01729	02692	01793	03745	04095	01926	02087	
01867	02728	01725	02687	01788	03744	04095	01921	02082	
01869	02729	01726	02691	01789	03747	04095	01922	02083	
01869	02728	01725	02689	01787	03742	04095	01920	02083	
01865	02725	01722	02681	01791	03708	04095	01918	02079	
01866	02727	01723	02680	01792	03706	04095	01918	02080	
01869	02731	01726	02684	01796	03710	04095	01920	02082	
01867	02729	01723	02681	01794	03711	04095	01919	02080	
01866	02727	01722	02682	01795	03716	04095	01920	02080	
01869	02730	01724	02689	01799	03726	04095	01922	02084	
01868	02729	01723	02688	01798	03725	04095	01923	02083	
01866	02728	01722	02684	01798	03719	04095	01922	02082	
01870	02734	01726	02688	01801	03719	04095	01924	02085	
01872	02737	01728	02688	01801	03716	04095	01925	02087	
01870	02735	01727	02684	01798	03711	04095	01923	02084	
01873	02738	01730	02688	01803	03718	04095	01924	02087	
01878	02742	01732	02695	01806	03727	04095	01928	02091	
01876	02738	01730	02692	01805	03729	04095	01929	02090	
01877	02738	01731	02692	01806	03730	04095	01930	02091	
01881	02742	01734	02697	01810	03732	04095	01934	02096	
01881	02743	01734	02693	01808	03725	04095	01935	02094	
01877	02741	01733	02688	01806	03718	04095	01933	02092	
01880	02744	01735	02693	01808	03721	04095	01933	02094	
01881	02745	01736	02695	01811	03725	04095	01934	02095	
01877	02741	01732	02693	01808	03726	04095	01931	02092	
01879	02741	01733	02697	01810	03732	04095	01931	02092	
01880	02743	01735	02700	01811	03735	04095	01931	02093	
01877	02740	01732	02693	01807	03727	04095	01928	02089	
01875	02738	01731	02689	01805	03719	04095	01926	02085	
01879	02741	01734	02692	01807	03719	04095	01927	02087	
01876	02739	01732	02687	01804	03715	04095	01924	02085	
01873	02734	01728	02685	01800	03713	04095	01923	02083	
01875	02735	01728	02690	01803	03722	04095	01924	02086	
01875	02736	01727	02691	01803	03727	04095	01925	02088	
01869	02731	01723	02686	01799	03722	04095	01923	02085	
01870	02733	01724	02686	01801	03720	04095	01925	02085	
01872	02737	01726	02687	01803	03717	04095	01925	02086	
01869	02735	01724	02679	01799	03709	04095	01923	02083	
01868	02733	01725	02679	01799	03707	04095	01923	02082	
01873	02736	01727	02685	01803	03716	04095	01926	02086	
01871	02732	01725	02685	01801	03719	04095	01926	02084	
01878	02741	01732	02700	01812	03739	04095	01938	02094	
02127	03014	01968	02984	02180	03817	04095	02219	02324	
02462	03287	02309	03267	02640	03892	04095	02608	02641	
02821	03559	02687	03547	03091	03963	04095	03032	02989	
03200	03834	03087	03828	03552	04038	04095	03466	03365	
03587	04095	03494	04095	04001	04095	04095	03888	03749	
03728	04095	03681	04095	04095	04095	04095	04041	03918	
03786	04095	03775	04095	04095	04095	04095	04086	04004	
03834	04095	03845	04095	04095	04095	04095	04095	04056	
03860	04095	03892	04095	04095	04095	04095	04095	04083	
03867	04095	03918	04095	04095	04095	04095	04095	04091	
03890	04095	03947	04095	04095	04095	04095	04095	04095	
03911	04095	03975	04095	04095	04095	04095	04095	04095	
03908	04095	03986	04095	04095	04095	04095	04095	04095	
03914	04095	03997	04095	04095	04095	04095	04095	04095	
03931	04095	04016	04095	04095	04095	04095	04095	04095	
03930	04095	04024	04095	04095	04095	04095	04095	04095	
03925	04095	04028	04095	04095	04095	04095	04095	04095	
03941	04095	04042	04095	04095	04095	04095	04095	04095	
03947	04095	04051	04095	04095	04095	04095	04095	04095	
03939	04095	04050	04095	04095	04095	04095	04095	04095	
03947	04095	04058	04095	04095	04095	04095	04095	04095	
03958	04095	04066	04095	04095	04095	04095	04095	04095	
03948	04095	04064	04095	04095	04095	04095	04095	04095	
03947	04095	04066	04095	04095	04095	04095	04095	04095	
03957	04095	04075	04095	04095	04095	04095	04095	04095	
03950	04095	04072	04095	04095	04095	04095	04095	04095	
03940	04095	04068	04095	04095	04095	04095	04095	04095	
03951	04095	04070	04095	04095	04095	04095	04095	04095	
03950	04095	04072	04095	04095	04095	04095	04095	04095	
03938	04095	04066	04095	04095	04095	04095	04095	04095	
03944	04095	04070	04095	04095	04095	04095	04095	04095	
03954	04095	04074	04095	04095	04095	04095	04095	04095	
03943	04095	04074	04095	04095	04095	04095	04095	04095	
03943	04095	04073	04095	04095	04095	04095	04095	04095	
03957	04095	04083	04095	04095	04095	04095	04095	04095	
03955	04095	04088	04095	04095	04095	04095	04095	04095	
03950	04095	04088	04095	04095	04095	04095	04095	04095	
03966	04095	04088	04095	04095	04095	04095	04095	04095	
03974	04095	04095	04095	04095	04095	04095	04095	04095	
03967	04095	04095	04095	04095	04095	04095	04095	04095	
03978	04095	04095	04095	04095	04095	04095	04095	04095	
03995	04095	04095	04095	04095	04095	04095	04095	04095	
03993	04095	04095	04095	04095	04095	04095	04095	04095	
03995	04095	04095	04095	04095	04095	04095	04095	04095	
04011	04095	04095	04095	04095	04095	04095	04095	04095	
04009	04095	04095	04095	04095	04095	04095	04095	04095	
03999	04095	04095	04095	04095	04095	04095	04095	04095	
04009	04095	04095	04095	04095	04095	04095	04095	04095	
04014	04095	04095	04095	04095	04095	04095	04095	04095	
04002	04095	04095	04095	04095	04095	04095	04095	04095	
04007	04095	04095	04095	04095	04095	04095	04095	04095	
04019	04095	04095	04095	04095	04095	04095	04095	04095	
04009	04095	04095	04095	04095	04095	04095	04095	04095	
04006	04095	04095	04095	04095	04095	04095	04095	04095	
04019	04095	04095	04095	04095	04095	04095	04095	04095	
04016	04095	04095	04095	04095	04095	04095	04095	04095	
03986	04095	04095	04095	04095	04095	04095	04095	04095	
03609	03905	03678	03895	03721	04057	04095	03651	03778	
03205	03702	03224	03683	03327	03978	04095	03177	03423	
02781	03492	02756	03470	02925	03891	04095	02695	03051	
02363	03273	02282	03255	02521	03804	04095	02208	02669	
01967	03046	01804	03037	02115	03715	04095	01720	02282	
01920	03001	01738	03011	02087	03661	04095	01674	02205	
01901	02977	01708	03000	02073	03649	04095	01656	02167	
01892	02969	01691	02994	02068	03646	04095	01646	02146	
01884	02969	01678	02984	02061	03641	04095	01638	02131	
01878	02976	01667	02974	02056	03637	04095	01632	02121	
01878	02984	01662	02975	02058	03639	04095	01628	02116	
01876	02981	01659	02973	02056	03639	04095	01626	02111	
01871	02968	01655	02968	02052	03633	04095	01623	02103	
01871	02960	01654	02972	02052	03632	04095	01622	02100	
01872	02957	01653	02977	02055	03632	04095	01621	02098	
01868	02955	01649	02973	02050	03627	04095	01619	02094	
01867	02959	01646	02968	02049	03627	04095	01617	02092	
01871	02969	01647	02971	02053	03632	04095	01618	02093	
01869	02973	01646	02968	02052	03633	04095	01618	02092	
01868	02970	01645	02966	02050	03632	04095	01617	02091	
01872	02971	01648	02974	02055	03635	04095	01618	02093	
01874	02967	01649	02980	02056	03635	04095	01620	02094	
01871	02958	01646	02975	02052	03631	04095	01619	02090	
01873	02958	01646	02976	02054	03632	04095	01619	02090	
01874	02966	01646	02978	02057	03635	04095	01619	02091	
01871	02969	01643	02970	02052	03632	04095	01617	02088	
01870	02972	01642	02968	02051	03632	04095	01616	02086	
01873	02976	01644	02973	02055	03635	04095	01618	02087	
01871	02969	01644	02973	02053	03633	04095	01618	02086	
01870	02960	01644	02972	02051	03630	04095	01618	02083	
01873	02960	01645	02978	02055	03632	04095	01619	02085	
01875	02962	01646	02981	02058	03633	04095	01619	02086	
01872	02963	01643	02974	02053	03630	04095	01618	02084	
01873	02970	01643	02972	02055	03632	04095	01618	02085	
01874	02975	01642	02970	02056	03634	04095	01616	02085	
01870	02970	01638	02964	02051	03628	04095	01614	02080	
01867	02962	01637	02962	02048	03624	04095	01612	02077	
01868	02957	01639	02968	02050	03625	04095	01612	02077	
01865	02950	01638	02967	02046	03621	04095	01610	02074	
01863	02947	01637	02963	02044	03618	04095	01610	02072	
01865	02953	01637	02965	02047	03622	04095	01610	02074	
01866	02962	01638	02965	02049	03627	04095	01612	02077	
02118	03193	01890	03188	02392	03720	04095	01921	02318	
02462	03421	02250	03413	02804	03815	04095	02359	02648	
02841	03648	02667	03642	03217	03910	04095	02852	03020	
03227	03871	03105	03868	03618	04004	04095	03350	03409	
03621	04095	03551	04095	04028	04095	04095	03845	03810	
03778	04095	03759	04095	04095	04095	04095	04031	03972	
03842	04095	03866	04095	04095	04095	04095	04090	04046	
03868	04095	03929	04095	04095	04095	04095	04095	04079	
03901	04095	03981	04095	04095	04095	04095	04095	04094	
03927	04095	04023	04095	04095	04095	04095	04095	04095	
03930	04095	04047	04095	04095	04095	04095	04095	04095	
03942	04095	04070	04095	04095	04095	04095	04095	04095	
03964	04095	04084	04095	04095	04095	04095	04095	04095	
03962	04095	04086	04095	04095	04095	04095	04095	04095	
03961	04095	04089	04095	04095	04095	04095	04095	04095	
03977	04095	04094	04095	04095	04095	04095	04095	04095	
03980	04095	04095	04095	04095	04095	04095	04095	04095	
03972	04095	04095	04095	04095	04095	04095	04095	04095	
03983	04095	04095	04095	04095	04095	04095	04095	04095	
03993	04095	04095	04095	04095	04095	04095	04095	04095	
03983	04095	04095	04095	04095	04095	04095	04095	04095	
03987	04095	04095	04095	04095	04095	04095	04095	04095	
03999	04095	04095	04095	04095	04095	04095	04095	04095	
03992	04095	04095	04095	04095	04095	04095	04095	04095	
03985	04095	04095	04095	04095	04095	04095	04095	04095	
03995	04095	04095	04095	04095	04095	04095	04095	04095	
03992	04095	04095	04095	04095	04095	04095	04095	04095	
03983	04095	04095	04095	04095	04095	04095	04095	04095	
03995	04095	04095	04095	04095	04095	04095	04095	04095	
04007	04095	04095	04095	04095	04095	04095	04095	04095	
04003	04095	04095	04095	04095	04095	04095	04095	04095	
04009	04095	04095	04095	04095	04095	04095	04095	04095	
04025	04095	04095	04095	04095	04095	04095	04095	04095	
04023	04095	04095	04095	04095	04095	04095	04095	04095	
04019	04095	04095	04095	04095	04095	04095	04095	04095	
04032	04095	04095	04095	04095	04095	04095	04095	04095	
04035	04095	04095	04095	04095	04095	04095	04095	04095	
04025	04095	04095	04095	04095	04095	04095	04095	04095	
04031	04095	04095	04095	04095	04095	04095	04095	04095	
04039	04095	04095	04095	04095	04095	04095	04095	04095	
04029	04095	04095	04095	04095	04095	04095	04095	04095	
04029	04095	04095	04095	04095	04095	04095	04095	04095	
04043	04095	04095	04095	04095	04095	04095	04095	04095	
04039	04095	04095	04095	04095	04095	04095	04095	04095	
04036	04095	04095	04095	04095	04095	04095	04095	04095	
04050	04095	04095	04095	04095	04095	04095	04095	04095	
04053	04095	04095	04095	04095	04095	04095	04095	04095	
04041	04095	04095	04095	04095	04095	04095	04095	04095	
04048	04095	04095	04095	04095	04095	04095	04095	04095	
04055	04095	04095	04095	04095	04095	04095	04095	04095	
04045	04095	04095	04095	04095	04095	04095	04095	04095	
04045	04095	04095	04095	04095	04095	04095	04095	04095	
04057	04095	04095	04095	04095	04095	04095	04095	04095	
03805	04037	03838	04031	03910	04092	04095	03768	03921	
03409	03862	03375	03839	03573	03980	04095	03265	03592	
03000	03673	02882	03637	03224	03858	04095	02743	03228	
02582	03483	02381	03432	02869	03737	04095	02219	02854	
02155	03288	01874	03223	02507	03613	04095	01691	02471	
01976	03148	01617	03075	02327	03509	04095	01485	02253	
01936	03120	01561	03053	02298	03489	04095	01452	02187	
01916	03104	01533	03039	02282	03477	04095	01439	02151	
01903	03092	01515	03027	02272	03467	04095	01428	02128	
01895	03086	01503	03021	02264	03459	04095	01418	02110	
01890	03079	01495	03014	02266	03429	04095	01414	02099	
01888	03078	01491	03010	02262	03427	04095	01411	02090	
01889	03080	01489	03012	02264	03429	04095	01410	02086	
01885	03078	01485	03009	02262	03426	04095	01406	02080	
01881	03073	01480	03006	02260	03424	04095	01406	02076	
01881	03075	01479	03008	02262	03427	04095	01407	02075	
01880	03076	01479	03010	02263	03428	04095	01407	02073	
01879	03073	01478	03006	02258	03426	04095	01407	02070	
01883	03075	01479	03009	02262	03429	04095	01410	02070	
01885	03079	01480	03011	02266	03431	04095	01410	02071	
01881	03075	01478	03007	02261	03428	04095	01407	02068	
01879	03072	01477	03004	02259	03428	04095	01407	02068	
01881	03076	01479	03010	02263	03432	04095	01408	02070	
01879	03076	01478	03009	02262	03431	04095	01408	02068	
01879	03074	01477	03008	02261	03431	04095	01408	02068	
01885	03079	01481	03014	02268	03436	04095	01412	02071	
01889	03083	01483	03018	02270	03437	04095	01414	02072	
01886	03078	01482	03011	02263	03434	04095	01411	02069	
01889	03079	01484	03013	02263	03435	04095	01412	02069	
01890	03082	01484	03016	02265	03437	04095	01413	02070	
01887	03081	01483	03013	02261	03436	04095	01413	02069	
01886	03080	01483	03013	02259	03437	04095	01412	02068	
01893	03087	01488	03022	02266	03442	04095	01417	02073	
01897	03091	01492	03024	02268	03447	04095	01421	02078	
01899	03092	01496	03025	02270	03449	04095	01423	02079	
01905	03097	01500	03031	02274	03453	04095	01426	02083	
01909	03103	01505	03037	02278	03458	04095	01430	02087	
01907	03100	01506	03034	02273	03458	04095	01430	02087	
01906	03099	01506	03034	02273	03457	04095	01429	02086	
01904	03099	01503	03034	02273	03457	04095	01427	02087	
01899	03094	01500	03027	02268	03452	04095	01424	02083	
01897	03091	01498	03023	02264	03450	04095	01423	02081	
01900	03093	01498	03027	02267	03450	04095	01421	02080	
01898	03092	01496	03024	02263	03448	04095	01421	02078	
01896	03089	01496	03021	02261	03446	04095	01419	02076	
01899	03095	01498	03028	02267	03454	04095	01422	02080	
01899	03098	01496	03030	02268	03457	04095	01421	02080	
01897	03099	01497	03028	02267	03459	04095	01422	02081	
01900	03104	01500	03033	02271	03465	04095	01424	02085	
01908	03113	01504	03043	02279	03473	04095	01429	02090	
02185	03310	01806	03254	02637	03599	04095	01790	02354	
02533	03508	02200	03466	03006	03725	04095	02264	02695	
02918	03706	02645	03678	03372	03850	04095	02791	03077	
03308	03902	03116	03888	03734	03973	04095	03323	03477	
03698	04095	03609	04095	04095	04095	04095	03855	03877	
03834	04095	03821	04095	04095	04095	04095	04028	04014	
03903	04095	03945	04095	04095	04095	04095	04089	04075	
03929	04095	04018	04095	04095	04095	04095	04095	04095	
03956	04095	04064	04095	04095	04095	04095	04095	04095	
03986	04095	04088	04095	04095	04095	04095	04095	04095	
03992	04095	04094	04095	04095	04095	04095	04095	04095	
03997	04095	04095	04095	04095	04095	04095	04095	04095	
04017	04095	04095	04095	04095	04095	04095	04095	04095	
04023	04095	04095	04095	04095	04095	04095	04095	04095	
04018	04095	04095	04095	04095	04095	04095	04095	04095	
04033	04095	04095	04095	04095	04095	04095	04095	04095	
04043	04095	04095	04095	04095	04095	04095	04095	04095	
04035	04095	04095	04095	04095	04095	04095	04095	04095	
04039	04095	04095	04095	04095	04095	04095	04095	04095	
04052	04095	04095	04095	04095	04095	04095	04095	04095	
04045	04095	04095	04095	04095	04095	04095	04095	04095	
04042	04095	04095	04095	04095	04095	04095	04095	04095	
04054	04095	04095	04095	04095	04095	04095	04095	04095	
04051	04095	04095	04095	04095	04095	04095	04095	04095	
04039	04095	04095	04095	04095	04095	04095	04095	04095	
04046	04095	04095	04095	04095	04095	04095	04095	04095	
04050	04095	04095	04095	04095	04095	04095	04095	04095	
04041	04095	04095	04095	04095	04095	04095	04095	04095	
04047	04095	04095	04095	04095	04095	04095	04095	04095	
04064	04095	04095	04095	04095	04095	04095	04095	04095	
04063	04095	04095	04095	04095	04095	04095	04095	04095	
04066	04095	04095	04095	04095	04095	04095	04095	04095	
04079	04095	04095	04095	04095	04095	04095	04095	04095	
04083	04095	04095	04095	04095	04095	04095	04095	04095	
04077	04095	04095	04095	04095	04095	04095	04095	04095	
04083	04095	04095	04095	04095	04095	04095	04095	04095	
04087	04095	04095	04095	04095	04095	04095	04095	04095	
04082	04095	04095	04095	04095	04095	04095	04095	04095	
04083	04095	04095	04095	04095	04095	04095	04095	04095	
04089	04095	04095	04095	04095	04095	04095	04095	04095	
04089	04095	04095	04095	04095	04095	04095	04095	04095	
04089	04095	04095	04095	04095	04095	04095	04095	04095	
04095	04095	04095	04095	04095	04095	04095	04095	04095	
04095	04095	04095	04095	04095	04095	04095	04095	04095	
04091	04095	04095	04095	04095	04095	04095	04095	04095	
04091	04095	04095	04095	04095	04095	04095	04095	04095	
04091	04095	04095	04095	04095	04095	04095	04095	04095	
04091	04095	04095	04095	04095	04095	04095	04095	04095	
04091	04095	04095	04095	04095	04095	04095	04095	04095	
04094	04095	04095	04095	04095	04095	04095	04095	04095	
04094	04095	04095	04095	04095	04095	04095	04095	04095	
04094	04095	04095	04095	04095	04095	04095	04095	04095	
04095	04095	04095	04095	04095	04095	04095	04095	04095	
04095	04095	04095	04095	04095	04095	04095	04095	04095	
04093	04095	04095	04095	04095	04095	04095	04095	04095	
04093	04095	04095	04095	04095	04095	04095	04095	04095	
04076	04095	04095	04095	04095	04095	04095	04095	04095	
03745	03987	03650	03968	03861	03984	04095	03662	03821	
03345	03829	03121	03793	03572	03835	04095	03164	03466	
02921	03649	02564	03594	03259	03664	04095	02643	03076	
02485	03461	01992	03386	02945	03485	04095	02115	02667	
02065	03272	01417	03178	02620	03307	04095	01584	02249	
01959	03194	01286	03099	02532	03242	04095	01486	02103	
01921	03161	01238	03066	02496	03212	04095	01451	02035	
01905	03150	01220	03055	02482	03205	04095	01440	02001	
01901	03149	01213	03058	02481	03206	04095	01436	01983	
01905	03155	01213	03066	02488	03215	04095	01439	01978	
01905	03154	01213	03066	02488	03217	04095	01440	01972	
01905	03154	01210	03066	02490	03219	04095	01441	01968	
01905	03156	01207	03066	02492	03219	04095	01441	01966	
01900	03151	01204	03059	02485	03217	04095	01438	01963	
01894	03144	01199	03052	02479	03209	04095	01434	01957	
01895	03145	01199	03054	02481	03208	04095	01433	01954	
01894	03145	01200	03053	02479	03208	04095	01433	01950	
01895	03143	01202	03054	02480	03208	04095	01435	01949	
01900	03148	01205	03060	02486	03211	04095	01438	01951	
01897	03145	01203	03056	02484	03207	04095	01436	01948	
01889	03135	01198	03045	02473	03199	04095	01433	01944	
01889	03134	01195	03044	02474	03198	04095	01432	01942	
01889	03136	01193	03045	02476	03198	04095	01431	01941	
01884	03131	01192	03040	02470	03195	04095	01429	01936	
01884	03131	01192	03041	02470	03194	04095	01428	01934	
01887	03134	01192	03046	02475	03196	04095	01427	01932	
01884	03131	01190	03041	02469	03193	04095	01425	01929	
01880	03126	01187	03035	02463	03187	04095	01423	01926	
01882	03126	01185	03035	02466	03188	04095	01422	01928	
01880	03125	01184	03032	02464	03186	04095	01421	01927	
01876	03122	01183	03027	02458	03183	04095	01421	01925	
01877	03122	01185	03031	02462	03185	04095	01423	01926	
01879	03124	01186	03034	02464	03186	04095	01423	01923	
01877	03123	01186	03033	02460	03186	04095	01423	01921	
01878	03123	01188	03035	02463	03189	04095	01424	01922	
01882	03127	01189	03039	02470	03192	04095	01425	01927	
01878	03125	01186	03033	02464	03189	04095	01422	01925	
01875	03122	01183	03027	02460	03187	04095	01420	01925	
01874	03120	01182	03026	02460	03183	04095	01417	01923	
01871	03116	01179	03022	02455	03177	04095	01415	01919	
01865	03109	01178	03015	02446	03170	04095	01412	01912	
01866	03109	01178	03017	02449	03170	04095	01413	01910	
01867	03111	01178	03018	02451	03171	04095	01413	01909	
01866	03109	01178	03015	02448	03170	04095	01414	01910	
01867	03108	01179	03015	02449	03170	04095	01414	01913	
01868	03109	01178	03015	02452	03171	04095	01414	01915	
01865	03105	01177	03010	02447	03168	04095	01412	01915	
01861	03099	01176	03007	02442	03163	04095	01409	01910	
01863	03099	01177	03009	02437	03162	04095	01408	01936	
01861	03097	01179	03008	02434	03160	04095	01408	01934	
01859	03095	01179	03006	02431	03159	04095	01407	01934	
01862	03098	01180	03009	02434	03160	04095	01409	01936	
01865	03103	01180	03011	02439	03164	04095	01411	01941	
01862	03102	01178	03007	02443	03162	04095	01409	01914	
01863	03103	01178	03009	02445	03164	04095	01409	01915	
01865	03107	01179	03013	02448	03166	04095	01409	01915	
01862	03104	01179	03011	02445	03164	04095	01407	01913	
01860	03101	01179	03010	02440	03161	04095	01406	01909	
01862	03103	01179	03012	02444	03164	04095	01406	01910	
01861	03100	01178	03010	02442	03161	04095	01406	01910	
01858	03096	01177	03006	02437	03160	04095	01405	01911	
01860	03098	01177	03008	02440	03161	04095	01406	01914	
01861	03099	01176	03009	02443	03161	04095	01405	01914	
01859	03097	01176	03005	02438	03158	04095	01404	01911	
01860	03098	01178	03008	02441	03160	04095	01406	01909	
01862	03101	01179	03011	02445	03161	04095	01406	01907	
02098	03299	01424	03226	02728	03347	04095	01693	02143	
02441	03497	01845	03443	03060	03533	04095	02144	02498	
02834	03697	02338	03662	03385	03722	04095	02660	02908	
03237	03897	02861	03878	03716	03908	04095	03198	03342	
03646	04095	03410	04095	04048	04095	04095	03736	03781	
03835	04095	03737	04095	04095	04095	04095	03986	03982	
03917	04095	03900	04095	04095	04095	04095	04073	04064	
03949	04095	03990	04095	04095	04095	04095	04095	04093	
03980	04095	04048	04095	04095	04095	04095	04095	04095	
04009	04095	04082	04095	04095	04095	04095	04095	04095	
04015	04095	04095	04095	04095	04095	04095	04095	04095	
04021	04095	04095	04095	04095	04095	04095	04095	04095	
04041	04095	04095	04095	04095	04095	04095	04095	04095	
04045	04095	04095	04095	04095	04095	04095	04095	04095	
04042	04095	04095	04095	04095	04095	04095	04095	04095	
04057	04095	04095	04095	04095	04095	04095	04095	04095	
04066	04095	04095	04095	04095	04095	04095	04095	04095	
04061	04095	04095	04095	04095	04095	04095	04095	04095	
04071	04095	04095	04095	04095	04095	04095	04095	04095	
04081	04095	04095	04095	04095	04095	04095	04095	04095	
04077	04095	04095	04095	04095	04095	04095	04095	04095	
04077	04095	04095	04095	04095	04095	04095	04095	04095	
04085	04095	04095	04095	04095	04095	04095	04095	04095	
04084	04095	04095	04095	04095	04095	04095	04095	04095	
04080	04095	04095	04095	04095	04095	04095	04095	04095	
04085	04095	04095	04095	04095	04095	04095	04095	04095	
04090	04095	04095	04095	04095	04095	04095	04095	04095	
04087	04095	04095	04095	04095	04095	04095	04095	04095	
04088	04095	04095	04095	04095	04095	04095	04095	04095	
04092	04095	04095	04095	04095	04095	04095	04095	04095	
04092	04095	04095	04095	04095	04095	04095	04095	04095	
04092	04095	04095	04095	04095	04095	04095	04095	04095	
04095	04095	04095	04095	04095	04095	04095	04095	04095	
04095	04095	04095	04095	04095	04095	04095	04095	04095	
04095	04095	04095	04095	04095	04095	04095	04095	04095	
04095	04095	04095	04095	04095	04095	04095	04095	04095	
04095	04095	04095	04095	04095	04095	04095	04095	04095	
04095	04095	04095	04095	04095	04095	04095	04095	04095	
04095	04095	04095	04095	04095	04095	04095	04095	04095	
04095	04095	04095	04095	04095	04095	04095	04095	04095	
04095	04095	04095	04095	04095	04095	04095	04095	04095	
04095	04095	04095	04095	04095	04095	04095	04095	04095	
04095	04095	04095	04095	04095	04095	04095	04095	04095	
04095	04095	04095	04095	04095	04095	04095	04095	04095	
04095	04095	04095	04095	04095	04095	04095	04095	04095	
04095	04095	04095	04095	04095	04095	04095	04095	04095	
04095	04095	04095	04095	04095	04095	04095	04095	04095	
04095	04095	04095	04095	04095	04095	04095	04095	04095	
04095	04095	04095	04095	04095	04095	04095	04095	04095	
04095	04095	04095	04095	04095	04095	04095	04095	04095	
04095	04095	04095	04095	04095	04095	04095	04095	04095	
04095	04095	04095	04095	04095	04095	04095	04095	04095	
04095	04095	04095	04095	04095	04095	04095	04095	04095	
04080	04095	04095	04095	04095	04095	04095	04095	04095	
03689	03972	03604	03914	03848	03973	04095	03632	03707	
03243	03801	03048	03684	03549	03804	04095	03118	03243	
02786	03623	02479	03446	03240	03630	04095	02597	02764	
02317	03435	01900	03200	02930	03448	04095	02068	02267	
01862	03247	01317	02952	02609	03264	04095	01535	01764	
01779	03175	01221	02882	02530	03200	04095	01462	01645	
01754	03155	01192	02863	02505	03185	04095	01442	01604	
01739	03144	01174	02853	02494	03178	04095	01429	01578	
01736	03145	01167	02854	02494	03180	04095	01427	01568	
01734	03146	01166	02855	02494	03185	04095	01428	01564	
01736	03148	01165	02856	02496	03188	04095	01430	01561	
01736	03148	01164	02857	02499	03188	04095	01429	01558	
01732	03144	01161	02852	02494	03184	04095	01427	01554	
01726	03136	01156	02843	02486	03177	04095	01421	01547	
01723	03133	01152	02841	02485	03173	04095	01419	01541	
01720	03131	01151	02839	02483	03172	04095	01418	01538	
01717	03127	01149	02835	02477	03168	04095	01416	01534	
01717	03128	01149	02836	02480	03170	04095	01417	01535	
01718	03130	01149	02837	02482	03171	04095	01418	01536	
01716	03126	01148	02832	02477	03167	04095	01416	01535	
01717	03125	01148	02832	02477	03167	04095	01415	01535	
01720	03131	01150	02836	02484	03173	04095	01418	01538	
01721	03132	01151	02837	02485	03176	04095	01419	01540	
01724	03133	01153	02840	02487	03180	04095	01421	01543	
01728	03139	01156	02846	02494	03187	04095	01424	01547	
01731	03143	01159	02850	02497	03191	04095	01428	01550	
01731	03141	01160	02849	02494	03190	04095	01429	01548	
01733	03142	01160	02850	02497	03192	04095	01429	01548	
01735	03145	01162	02853	02490	03194	04095	01431	01578	
01733	03144	01163	02852	02488	03194	04095	01432	01577	
01736	03146	01164	02854	02491	03195	04095	01434	01578	
01739	03152	01168	02860	02497	03200	04095	01438	01581	
01739	03153	01170	02862	02498	03200	04095	01440	01582	
01740	03152	01169	02861	02507	03200	04095	01439	01554	
01743	03156	01170	02865	02513	03204	04095	01440	01555	
01742	03155	01169	02863	02511	03203	04095	01440	01554	
01740	03151	01167	02858	02506	03200	04095	01437	01552	
01742	03152	01167	02859	02508	03201	04095	01437	01553	
01740	03151	01166	02857	02506	03198	04095	01437	01551	
01735	03145	01163	02852	02497	03191	04095	01433	01548	
01732	03141	01160	02847	02494	03186	04095	01430	01545	
01729	03138	01157	02845	02492	03183	04095	01427	01542	
01723	03131	01153	02837	02483	03175	04095	01423	01536	
01721	03128	01151	02834	02479	03172	04095	01420	01533	
01949	03321	01365	03085	02750	03356	04095	01670	01766	
02314	03514	01771	03337	03074	03540	04095	02100	02156	
02721	03706	02253	03588	03397	03723	04095	02589	02611	
03158	03900	02789	03842	03724	03909	04095	03120	03111	
03607	04095	03351	04095	04040	04095	04095	03655	03623	
03827	04095	03706	04095	04095	04095	04095	03939	03902	
03922	04095	03886	04095	04095	04095	04095	04044	04025	
03982	04095	03993	04095	04095	04095	04095	04090	04082	
04005	04095	04047	04095	04095	04095	04095	04095	04095	
04023	04095	04074	04095	04095	04095	04095	04095	04095	
04049	04095	04092	04095	04095	04095	04095	04095	04095	
04058	04095	04095	04095	04095	04095	04095	04095	04095	
04060	04095	04095	04095	04095	04095	04095	04095	04095	
04075	04095	04095	04095	04095	04095	04095	04095	04095	
04084	04095	04095	04095	04095	04095	04095	04095	04095	
04080	04095	04095	04095	04095	04095	04095	04095	04095	
04085	04095	04095	04095	04095	04095	04095	04095	04095	
04091	04095	04095	04095	04095	04095	04095	04095	04095	
04089	04095	04095	04095	04095	04095	04095	04095	04095	
04089	04095	04095	04095	04095	04095	04095	04095	04095	
04093	04095	04095	04095	04095	04095	04095	04095	04095	
04093	04095	04095	04095	04095	04095	04095	04095	04095	
04093	04095	04095	04095	04095	04095	04095	04095	04095	
04095	04095	04095	04095	04095	04095	04095	04095	04095	
04095	04095	04095	04095	04095	04095	04095	04095	04095	
04095	04095	04095	04095	04095	04095	04095	04095	04095	
04095	04095	04095	04095	04095	04095	04095	04095	04095	
04095	04095	04095	04095	04095	04095	04095	04095	04095	
04095	04095	04095	04095	04095	04095	04095	04095	04095	
04095	04095	04095	04095	04095	04095	04095	04095	04095	
04095	04095	04095	04095	04095	04095	04095	04095	04095	
04095	04095	04095	04095	04095	04095	04095	04095	04095	
04095	04095	04095	04095	04095	04095	04095	04095	04095	
04095	04095	04095	04095	04095	04095	04095	04095	04095	
04095	04095	04095	04095	04095	04095	04095	04095	04095	
04095	04095	04095	04095	04095	04095	04095	04095	04095	
04095	04095	04095	04095	04095	04095	04095	04095	04095	
04095	04095	04095	04095	04095	04095	04095	04095	04095	
04095	04095	04095	04095	04095	04095	04095	04095	04095	
04095	04095	04095	04095	04095	04095	04095	04095	04095	
04095	04095	04095	04095	04095	04095	04095	04095	04095	
04095	04095	04095	04095	04095	04095	04095	04095	04095	
04095	04095	04095	04095	04095	04095	04095	04095	04095	
04095	04095	04095	04095	04095	04095	04095	04095	04095	
04095	04095	04095	04095	04095	04095	04095	04095	04095	
04095	04095	04095	04095	04095	04095	04095	04095	04095	
04095	04095	04095	04095	04095	04095	04095	04095	04095	
04095	04095	04095	04095	04095	04095	04095	04095	04095	
04095	04095	04095	04095	04095	04095	04095	04095	04095	
04095	04095	04095	04095	04095	04095	04095	04095	04095	
04095	04095	04095	04095	04095	04095	04095	04095	04095	
04095	04095	04095	04095	04095	04095	04095	04095	04095	
04095	04095	04095	04095	04095	04095	04095	04095	04095	
04095	04095	04095	04095	04095	04095	04095	04095	04095	
04095	04095	04095	04095	04095	04095	04095	04095	04095	
03746	04021	03682	03954	03914	04010	04095	03693	03766	
03301	03876	03151	03727	03650	03870	04095	03202	03315	
02821	03696	02582	03462	03348	03694	04095	02679	02818	
02330	03507	02003	03186	03037	03511	04095	02150	02309	
01834	03318	01420	02906	02735	03327	04095	01617	01793	
01690	03204	01250	02775	02606	03232	04095	01487	01606	
01642	03160	01198	02727	02555	03190	04095	01445	01539	
01629	03150	01182	02718	02544	03185	04095	01435	01517	
01625	03151	01175	02719	02543	03187	04095	01431	01507	
01622	03149	01170	02718	02538	03186	04095	01428	01499	
01616	03143	01165	02712	02532	03181	04095	01425	01492	
01616	03143	01162	02710	02534	03181	04095	01423	01487	
01616	03140	01160	02708	02534	03180	04095	01422	01483	
01614	03134	01156	02703	02528	03175	04095	01419	01479	
01614	03134	01154	02703	02530	03176	04095	01419	01477	
01613	03133	01153	02703	02529	03175	04095	01418	01474	
01608	03129	01151	02699	02522	03171	04095	01416	01472	
01605	03126	01149	02697	02517	03168	04095	01414	01469	
01604	03126	01148	02697	02518	03167	04095	01413	01467	
01602	03121	01146	02694	02514	03163	04095	01411	01464	
01601	03119	01144	02690	02513	03161	04095	01410	01463	
01602	03121	01145	02690	02517	03164	04095	01409	01462	
01601	03121	01144	02689	02516	03163	04095	01409	01461	
01600	03119	01143	02687	02513	03163	04095	01409	01462	
01602	03121	01143	02691	02515	03165	04095	01411	01463	
01602	03123	01143	02692	02515	03165	04095	01411	01463	
01599	03119	01142	02688	02509	03161	04095	01410	01461	
01601	03119	01141	02686	02510	03161	04095	01410	01460	
01603	03121	01142	02688	02515	03162	04095	01410	01459	
01602	03117	01141	02684	02502	03159	04095	01408	01487	
01602	03114	01141	02683	02502	03157	04095	01407	01487	
01602	03116	01142	02686	02505	03159	04095	01409	01488	
01600	03115	01142	02687	02502	03158	04095	01408	01487	
01599	03115	01142	02686	02498	03158	04095	01409	01488	
01602	03119	01143	02690	02512	03162	04095	01410	01460	
01605	03122	01143	02691	02515	03164	04095	01411	01461	
01604	03120	01143	02688	02512	03163	04095	01411	01461	
01605	03121	01143	02688	02516	03166	04095	01412	01461	
01606	03123	01143	02689	02519	03166	04095	01413	01462	
01602	03119	01142	02685	02514	03162	04095	01411	01460	
01600	03118	01142	02685	02511	03161	04095	01411	01460	
01601	03119	01142	02686	02514	03161	04095	01410	01459	
01599	03117	01141	02685	02511	03158	04095	01408	01457	
01599	03114	01141	02683	02508	03156	04095	01407	01456	
01602	03117	01141	02685	02513	03159	04095	01408	01457	
01604	03117	01142	02688	02515	03161	04095	01410	01459	
01602	03114	01141	02685	02511	03159	04095	01409	01457	
01630	03148	01166	02727	02547	03203	04095	01437	01483	
01920	03344	01451	03009	02867	03390	04095	01757	01777	
02319	03538	01886	03290	03173	03577	04095	02205	02197	
02762	03734	02375	03571	03490	03762	04095	02698	02676	
03235	03931	02907	03855	03812	03950	04095	03225	03196	
03682	04095	03434	04095	04095	04095	04095	03734	03697	
03870	04095	03720	04095	04095	04095	04095	03951	03932	
03966	04095	03874	04095	04095	04095	04095	04040	04039	
04018	04095	03973	04095	04095	04095	04095	04082	04086	
04040	04095	04033	04095	04095	04095	04095	04093	04095	
04064	04095	04072	04095	04095	04095	04095	04095	04095	
04083	04095	04091	04095	04095	04095	04095	04095	04095	
04085	04095	04094	04095	04095	04095	04095	04095	04095	
04089	04095	04095	04095	04095	04095	04095	04095	04095	
04095	04095	04095	04095	04095	04095	04095	04095	04095	
04095	04095	04095	04095	04095	04095	04095	04095	04095	
04095	04095	04095	04095	04095	04095	04095	04095	04095	
04095	04095	04095	04095	04095	04095	04095	04095	04095	
04095	04095	04095	04095	04095	04095	04095	04095	04095	
04095	04095	04095	04095	04095	04095	04095	04095	04095	
04095	04095	04095	04095	04095	04095	04095	04095	04095	
04095	04095	04095	04095	04095	04095	04095	04095	04095	
04095	04095	04095	04095	04095	04095	04095	04095	04095	
04095	04095	04095	04095	04095	04095	04095	04095	04095	
04095	04095	04095	04095	04095	04095	04095	04095	04095	
04095	04095	04095	04095	04095	04095	04095	04095	04095	
04095	04095	04095	04095	04095	04095	04095	04095	04095	
04095	04095	04095	04095	04095	04095	04095	04095	04095	
04095	04095	04095	04095	04095	04095	04095	04095	04095	
04095	04095	04095	04095	04095	04095	04095	04095	04095	
04095	04095	04095	04095	04095	04095	04095	04095	04095	
04095	04095	04095	04095	04095	04095	04095	04095	04095	
04095	04095	04095	04095	04095	04095	04095	04095	04095	
04095	04095	04095	04095	04095	04095	04095	04095	04095	
04095	04095	04095	04095	04095	04095	04095	04095	04095	
04095	04095	04095	04095	04095	04095	04095	04095	04095	
04095	04095	04095	04095	04095	04095	04095	04095	04095	
04095	04095	04095	04095	04095	04095	04095	04095	04095	
04095	04095	04095	04095	04095	04095	04095	04095	04095	
04095	04095	04095	04095	04095	04095	04095	04095	04095	
04095	04095	04095	04095	04095	04095	04095	04095	04095	
04095	04095	04095	04095	04095	04095	04095	04095	04095	
04095	04095	04095	04095	04095	04095	04095	04095	04095	
04095	04095	04095	04095	04095	04095	04095	04095	04095	
04095	04095	04095	04095	04095	04095	04095	04095	04095	
04095	04095	04095	04095	04095	04095	04095	04095	04095	
04095	04095	04095	04095	04095	04095	04095	04095	04095	
04095	04095	04095	04095	04095	04095	04095	04095	04095	
04095	04095	04095	04095	04095	04095	04095	04095	04095	
04095	04095	04095	04095	04095	04095	04095	04095	04095	
04095	04095	04095	04095	04095	04095	04095	04095	04095	
04095	04095	04095	04095	04095	04095	04095	04095	04095	
04095	04095	04095	04095	04095	04095	04095	04095	04095	
03813	04085	03795	03997	04013	04080	04095	03787	03861	
03321	03915	03249	03663	03763	03909	04095	03280	03395	
02808	03723	02678	03310	03486	03723	04095	02753	02895	
02293	03535	02104	02960	03212	03547	04095	02228	02391	
01771	03337	01521	02601	02939	03359	04095	01696	01875	
01529	03152	01237	02341	02739	03190	04095	01470	01591	
01499	03128	01197	02317	02708	03177	04095	01444	01538	
01491	03128	01182	02315	02708	03180	04095	01436	01517	
01479	03117	01166	02300	02696	03167	04095	01424	01496	
01474	03115	01158	02296	02692	03166	04095	01419	01485	
01471	03108	01151	02290	02686	03161	04095	01413	01475	
01466	03101	01147	02285	02679	03155	04095	01409	01468	
01459	03091	01143	02276	02665	03147	04095	01404	01462	
01457	03087	01140	02275	02662	03146	04095	01403	01459	
01456	03084	01138	02273	02663	03143	04095	01402	01457	
01452	03081	01136	02270	02659	03140	04095	01401	01455	
01451	03078	01133	02266	02659	03137	04095	01399	01453	
01451	03078	01132	02266	02662	03138	04095	01400	01451	
01451	03078	01132	02264	02660	03136	04095	01398	01449	
01449	03073	01131	02262	02652	03134	04095	01396	01447	
01450	03073	01131	02261	02652	03134	04095	01396	01446	
01450	03073	01131	02262	02651	03133	04095	01397	01445	
01449	03070	01131	02261	02647	03130	04095	01396	01445	
01451	03071	01131	02262	02650	03133	04095	01397	01446	
01452	03075	01133	02262	02656	03136	04095	01399	01448	
01451	03073	01132	02262	02656	03136	04095	01398	01449	
01451	03073	01133	02262	02656	03138	04095	01399	01449	
01453	03076	01134	02264	02659	03141	04095	01399	01449	
01452	03076	01134	02264	02656	03140	04095	01398	01447	
01451	03073	01133	02264	02643	03137	04095	01398	01475	
01455	03078	01136	02267	02649	03141	04095	01400	01477	
01455	03080	01135	02268	02653	03141	04095	01400	01478	
01456	03079	01135	02266	02651	03140	04095	01399	01477	
01456	03081	01136	02268	02656	03142	04095	01401	01479	
01458	03084	01136	02269	02667	03144	04095	01402	01451	
01455	03080	01134	02266	02661	03140	04095	01401	01450	
01455	03078	01134	02266	02658	03140	04095	01402	01450	
01455	03079	01135	02267	02660	03142	04095	01404	01451	
01455	03079	01134	02267	02658	03141	04095	01402	01450	
01454	03077	01134	02265	02656	03139	04095	01401	01448	
01456	03081	01135	02266	02661	03142	04095	01402	01448	
01456	03083	01136	02266	02663	03142	04095	01402	01448	
01455	03081	01135	02264	02658	03138	04095	01401	01448	
01455	03081	01136	02264	02658	03139	04095	01403	01449	
01455	03081	01136	02265	02658	03140	04095	01404	01450	
01454	03078	01135	02264	02654	03137	04095	01403	01450	
01716	03280	01372	02629	02933	03328	04095	01680	01705	
02130	03484	01777	02996	03225	03520	04095	02108	02106	
02588	03686	02251	03361	03514	03710	04095	02584	02570	
03071	03890	02763	03728	03795	03902	04095	03088	03071	
03577	04095	03296	04095	04085	04095	04095	03613	03600	
03825	04095	03607	04095	04095	04095	04095	03868	03873	
03922	04095	03760	04095	04095	04095	04095	03977	04001	
03986	04095	03861	04095	04095	04095	04095	04038	04066	
04032	04095	03936	04095	04095	04095	04095	04073	04095	
04050	04095	03982	04095	04095	04095	04095	04086	04095	
04067	04095	04018	04095	04095	04095	04095	04092	04095	
04083	04095	04053	04095	04095	04095	04095	04095	04095	
04090	04095	04069	04095	04095	04095	04095	04095	04095	
04090	04095	04076	04095	04095	04095	04095	04095	04095	
04095	04095	04088	04095	04095	04095	04095	04095	04095	
04095	04095	04095	04095	04095	04095	04095	04095	04095	
04095	04095	04095	04095	04095	04095	04095	04095	04095	
04095	04095	04095	04095	04095	04095	04095	04095	04095	
04095	04095	04095	04095	04095	04095	04095	04095	04095	
04095	04095	04095	04095	04095	04095	04095	04095	04095	
04095	04095	04095	04095	04095	04095	04095	04095	04095	
04095	04095	04095	04095	04095	04095	04095	04095	04095	
04095	04095	04095	04095	04095	04095	04095	04095	04095	
04095	04095	04095	04095	04095	04095	04095	04095	04095	
04095	04095	04095	04095	04095	04095	04095	04095	04095	
04095	04095	04095	04095	04095	04095	04095	04095	04095	
04095	04095	04095	04095	04095	04095	04095	04095	04095	
04095	04095	04095	04095	04095	04095	04095	04095	04095	
04095	04095	04095	04095	04095	04095	04095	04095	04095	
04095	04095	04095	04095	04095	04095	04095	04095	04095	
04095	04095	04095	04095	04095	04095	04095	04095	04095	
04095	04095	04095	04095	04095	04095	04095	04095	04095	
04095	04095	04095	04095	04095	04095	04095	04095	04095	
04095	04095	04095	04095	04095	04095	04095	04095	04095	
04095	04095	04095	04095	04095	04095	04095	04095	04095	
04095	04095	04095	04095	04095	04095	04095	04095	04095	
04095	04095	04095	04095	04095	04095	04095	04095	04095	
04095	04095	04095	04095	04095	04095	04095	04095	04095	
04095	04095	04095	04095	04095	04095	04095	04095	04095	
04095	04095	04095	04095	04095	04095	04095	04095	04095	
04095	04095	04095	04095	04095	04095	04095	04095	04095	
04095	04095	04095	04095	04095	04095	04095	04095	04095	
04095	04095	04095	04095	04095	04095	04095	04095	04095	
04095	04095	04095	04095	04095	04095	04095	04095	04095	
04095	04095	04095	04095	04095	04095	04095	04095	04095	
04095	04095	04095	04095	04095	04095	04095	04095	04095	
04095	04095	04095	04095	04095	04095	04095	04095	04095	
04095	04095	04095	04095	04095	04095	04095	04095	04095	
04095	04095	04095	04095	04095	04095	04095	04095	04095	
04095	04095	04095	04095	04095	04095	04095	04095	04095	
04095	04095	04095	04095	04095	04095	04095	04095	04095	
04095	04095	04095	04095	04095	04095	04095	04095	04095	
04095	04095	04095	04095	04095	04095	04095	04095	04095	
04095	04095	04095	04095	04095	04095	04095	04095	04095	
04095	04095	04095	04095	04095	04095	04095	04095	04095	
04095	04095	04095	04095	04095	04095	04095	04095	04095	
04095	04095	04095	04095	04095	04095	04095	04095	04095	
04095	04095	04095	04095	04095	04095	04095	04095	04095	
04095	04095	04095	04095	04095	04095	04095	04095	04095	
03701	03955	03652	03863	03915	03991	04095	03671	03740	
03203	03712	03096	03524	03631	03819	04095	03158	03262	
02687	03452	02521	03171	03325	03635	04095	02630	02758	
02163	03185	01938	02812	03010	03446	04095	02096	02242	
01642	02921	01354	02456	02709	03262	04095	01563	01726	
01515	02795	01213	02331	02577	03183	04095	01454	01563	
01490	02771	01182	02313	02547	03168	04095	01432	01520	
01482	02764	01171	02306	02539	03166	04095	01424	01502	
01481	02763	01166	02305	02542	03169	04095	01422	01493	
01475	02757	01159	02298	02536	03163	04095	01418	01483	
01470	02750	01153	02291	02528	03157	04095	01412	01475	
01467	02746	01149	02288	02527	03156	04095	01410	01469	
01464	02743	01145	02285	02522	03153	04095	01408	01464	
01461	02739	01142	02281	02513	03148	04095	01405	01460	
01460	02738	01140	02280	02511	03148	04095	01404	01459	
01461	02738	01140	02280	02515	03149	04095	01404	01457	
01459	02736	01137	02277	02513	03146	04095	01402	01455	
01459	02735	01136	02276	02512	03146	04095	01402	01453	
01460	02736	01137	02277	02514	03148	04095	01403	01453	
01458	02735	01136	02275	02512	03147	04095	01401	01452	
01456	02734	01134	02272	02507	03145	04095	01399	01451	
01457	02734	01135	02272	02507	03147	04095	01400	01451	
01456	02733	01135	02272	02505	03146	04095	01399	01450	
01454	02731	01133	02269	02504	03143	04095	01398	01449	
01455	02731	01134	02270	02500	03144	04095	01401	01479	
01458	02732	01135	02271	02504	03147	04095	01402	01479	
01456	02731	01134	02271	02501	03145	04095	01403	01478	
01457	02731	01134	02270	02502	03145	04095	01403	01479	
01459	02732	01135	02273	02504	03148	04095	01404	01480	
01459	02731	01135	02272	02507	03145	04095	01402	01449	
01457	02730	01134	02271	02504	03143	04095	01402	01449	
01458	02733	01135	02272	02509	03146	04095	01402	01450	
01458	02734	01136	02272	02511	03146	04095	01403	01450	
01456	02734	01135	02270	02508	03144	04095	01402	01449	
01457	02736	01135	02271	02510	03146	04095	01403	01449	
01459	02737	01135	02272	02512	03148	04095	01404	01448	
01457	02734	01134	02270	02507	03146	04095	01402	01446	
01456	02733	01134	02270	02504	03145	04095	01402	01446	
01457	02735	01135	02272	02506	03148	04095	01404	01447	
01456	02735	01135	02271	02507	03146	04095	01402	01447	
01455	02732	01135	02270	02507	03145	04095	01401	01447	
01455	02733	01135	02270	02510	03147	04095	01401	01447	
01455	02732	01134	02269	02509	03146	04095	01400	01446	
01452	02727	01131	02265	02505	03141	04095	01397	01444	
01452	02726	01131	02265	02504	03142	04095	01397	01443	
01451	02725	01129	02264	02501	03141	04095	01397	01443	
01449	02723	01128	02263	02497	03138	04095	01396	01441	
01449	02722	01128	02264	02498	03137	04095	01397	01442	
01760	02997	01416	02630	02821	03330	04095	01724	01737	
02181	03271	01832	02996	03131	03521	04095	02159	02146	
02645	03546	02297	03363	03453	03711	04095	02634	02611	
03140	03820	02800	03729	03775	03903	04095	03139	03114	
03643	04095	03322	04095	04095	04095	04095	03655	03635	
03837	04095	03572	04095	04095	04095	04095	03851	03872	
03937	04095	03710	04095	04095	04095	04095	03953	03992	
03999	04095	03801	04095	04095	04095	04095	04018	04058	
04023	04095	03853	04095	04095	04095	04095	04047	04086	
04047	04095	03895	04095	04095	04095	04095	04070	04095	
04071	04095	03937	04095	04095	04095	04095	04087	04095	
04079	04095	03961	04095	04095	04095	04095	04089	04095	
04082	04095	03980	04095	04095	04095	04095	04090	04095	
04092	04095	04007	04095	04095	04095	04095	04095	04095	
04094	04095	04024	04095	04095	04095	04095	04095	04095	
04094	04095	04031	04095	04095	04095	04095	04095	04095	
04095	04095	04046	04095	04095	04095	04095	04095	04095	
04095	04095	04059	04095	04095	04095	04095	04095	04095	
04095	04095	04063	04095	04095	04095	04095	04095	04095	
04095	04095	04072	04095	04095	04095	04095	04095	04095	
04095	04095	04079	04095	04095	04095	04095	04095	04095	
04095	04095	04080	04095	04095	04095	04095	04095	04095	
04095	04095	04082	04095	04095	04095	04095	04095	04095	
04095	04095	04089	04095	04095	04095	04095	04095	04095	
04095	04095	04092	04095	04095	04095	04095	04095	04095	
04095	04095	04092	04095	04095	04095	04095	04095	04095	
04095	04095	04092	04095	04095	04095	04095	04095	04095	
04095	04095	04095	04095	04095	04095	04095	04095	04095	
04095	04095	04095	04095	04095	04095	04095	04095	04095	
04095	04095	04095	04095	04095	04095	04095	04095	04095	
04095	04095	04095	04095	04095	04095	04095	04095	04095	
04095	04095	04095	04095	04095	04095	04095	04095	04095	
04095	04095	04095	04095	04095	04095	04095	04095	04095	
04095	04095	04095	04095	04095	04095	04095	04095	04095	
04095	04095	04095	04095	04095	04095	04095	04095	04095	
04095	04095	04095	04095	04095	04095	04095	04095	04095	
04095	04095	04095	04095	04095	04095	04095	04095	04095	
04095	04095	04095	04095	04095	04095	04095	04095	04095	
04095	04095	04095	04095	04095	04095	04095	04095	04095	
04095	04095	04095	04095	04095	04095	04095	04095	04095	
04095	04095	04095	04095	04095	04095	04095	04095	04095	
04095	04095	04095	04095	04095	04095	04095	04095	04095	
04095	04095	04095	04095	04095	04095	04095	04095	04095	
04095	04095	04095	04095	04095	04095	04095	04095	04095	
04095	04095	04095	04095	04095	04095	04095	04095	04095	
04095	04095	04095	04095	04095	04095	04095	04095	04095	
04095	04095	04095	04095	04095	04095	04095	04095	04095	
04095	04095	04095	04095	04095	04095	04095	04095	04095	
04094	04095	04095	04095	04095	04095	04095	04095	04095	
04094	04095	04095	04095	04095	04095	04095	04095	04095	
04094	04095	04095	04095	04095	04095	04095	04095	04095	
04091	04095	04095	04095	04095	04095	04095	04095	04095	
04090	04095	04095	04095	04095	04095	04095	04095	04095	
04091	04095	04095	04095	04095	04095	04095	04095	04095	
04085	04095	04095	04095	04095	04095	04095	04095	04095	
04077	04095	04095	04095	04095	04095	04095	04095	04095	
04081	04095	04095	04095	04095	04095	04095	04095	04095	
