03926	04095	04082	04095	04095	04095	04095	04095	04095	
03914	04095	04075	04095	04095	04095	04095	04095	04095	
03917	04095	04076	04095	04095	04095	04095	04095	04095	
03927	04095	04083	04095	04095	04095	04095	04095	04095	
03920	04095	04083	04095	04095	04095	04095	04095	04095	
03918	04095	04083	04095	04095	04095	04095	04095	04095	
03934	04095	04091	04095	04095	04095	04095	04095	04095	
03934	04095	04093	04095	04095	04095	04095	04095	04095	
03928	04095	04087	04095	04095	04095	04095	04095	04095	
03938	04095	04087	04095	04095	04095	04095	04095	04095	
03943	04095	04087	04095	04095	04095	04095	04095	04095	
03930	04095	04082	04095	04095	04095	04095	04095	04095	
03933	04095	04083	04095	04095	04095	04095	04095	04095	
03944	04095	04088	04095	04095	04095	04095	04095	04095	
03933	04095	04088	04095	04095	04095	04095	04095	04095	
03929	04095	04088	04095	04095	04095	04095	04095	04095	
03941	04095	04093	04095	04095	04095	04095	04095	04095	
03938	04095	04093	04095	04095	04095	04095	04095	04095	
03928	04095	04088	04095	04095	04095	04095	04095	04095	
03939	04095	04088	04095	04095	04095	04095	04095	04095	
03942	04095	04088	04095	04095	04095	04095	04095	04095	
03926	04095	04082	04095	04095	04095	04095	04095	04095	
03929	04095	04080	04095	04095	04095	04095	04095	04095	
03936	04095	04084	04095	04095	04095	04095	04095	04095	
03923	04095	04084	04095	04095	04095	04095	04095	04095	
03919	04095	04084	04095	04095	04095	04095	04095	04095	
03932	04095	04091	04095	04095	04095	04095	04095	04095	
03927	04095	04089	04095	04095	04095	04095	04095	04095	
03917	04095	04083	04095	04095	04095	04095	04095	04095	
03927	04095	04084	04095	04095	04095	04095	04095	04095	
03929	04095	04084	04095	04095	04095	04095	04095	04095	
03916	04095	04077	04095	04095	04095	04095	04095	04095	
03922	04095	04080	04095	04095	04095	04095	04095	04095	
03929	04095	04085	04095	04095	04095	04095	04095	04095	
03919	04095	04084	04095	04095	04095	04095	04095	04095	
03917	04095	04084	04095	04095	04095	04095	04095	04095	
03929	04095	04091	04095	04095	04095	04095	04095	04095	
03923	04095	04089	04095	04095	04095	04095	04095	04095	
03917	04095	04086	04095	04095	04095	04095	04095	04095	
03931	04095	04087	04095	04095	04095	04095	04095	04095	
03935	04095	04087	04095	04095	04095	04095	04095	04095	
03925	04095	04082	04095	04095	04095	04095	04095	04095	
03933	04095	04085	04095	04095	04095	04095	04095	04095	
03615	03899	03782	03920	03735	04053	04095	03749	03811	
03233	03656	03399	03700	03326	03977	04095	03343	03467	
02848	03409	02999	03483	02927	03904	04095	02928	03112	
02466	03160	02594	03268	02514	03834	04095	02508	02750	
02051	02885	02160	03023	02075	03734	04095	02063	02359	
01959	02802	02027	02948	01992	03671	04095	01960	02244	
01922	02769	01971	02918	01960	03642	04095	01916	02184	
01888	02735	01928	02880	01922	03604	04095	01876	02128	
01855	02701	01892	02837	01887	03562	04095	01839	02076	
01847	02695	01881	02830	01880	03554	04095	01829	02057	
01843	02691	01873	02828	01879	03554	04095	01825	02049	
01838	02688	01862	02826	01877	03556	04095	01822	02047	
01839	02689	01856	02832	01880	03565	04095	01825	02053	
01843	02693	01855	02841	01887	03573	04095	01828	02061	
01845	02697	01855	02841	01888	03578	04095	01829	02062	
01846	02699	01858	02837	01888	03575	04095	01829	02055	
01849	02702	01863	02837	01889	03572	04095	01828	02048	
01848	02699	01864	02833	01886	03567	04095	01825	02040	
01845	02695	01859	02828	01882	03564	04095	01822	02036	
01843	02692	01854	02832	01883	03567	04095	01821	02038	
01843	02691	01848	02835	01885	03571	04095	01821	02043	
01838	02686	01842	02832	01882	03570	04095	01818	02045	
01837	02686	01841	02830	01882	03568	04095	01817	02043	
01839	02688	01844	02830	01882	03565	04095	01816	02037	
01836	02686	01844	02820	01875	03555	04095	01812	02025	
01833	02683	01846	02816	01872	03550	04095	01810	02018	
01835	02686	01846	02820	01875	03554	04095	01812	02020	
01834	02684	01841	02821	01868	03557	04095	01811	02049	
01832	02682	01836	02821	01867	03559	04095	01811	02053	
01836	02685	01836	02829	01873	03566	04095	01814	02062	
01838	02687	01837	02831	01875	03567	04095	01816	02063	
01836	02685	01838	02823	01871	03560	04095	01814	02055	
01837	02686	01842	02822	01878	03557	04095	01814	02024	
01839	02689	01847	02823	01879	03557	04095	01815	02021	
01835	02686	01845	02819	01875	03555	04095	01813	02018	
01835	02685	01842	02820	01877	03559	04095	01813	02022	
01838	02687	01840	02828	01881	03566	04095	01816	02030	
01836	02685	01836	02828	01880	03566	04095	01816	02034	
01835	02683	01834	02825	01879	03564	04095	01815	02033	
01839	02686	01838	02826	01880	03564	04095	01815	02030	
01841	02687	01842	02823	01879	03560	04095	01813	02024	
01838	02685	01842	02817	01876	03555	04095	01811	02018	
01840	02687	01843	02819	01878	03558	04095	01811	02018	
01842	02687	01841	02824	01881	03565	04095	01812	02026	
01837	02682	01833	02821	01879	03564	04095	01810	02028	
01833	02679	01829	02821	01877	03564	04095	01809	02030	
01835	02681	01830	02824	01879	03564	04095	01810	02031	
01832	02679	01830	02816	01875	03557	04095	01808	02023	
01828	02677	01830	02809	01871	03548	04095	01804	02014	
01831	02681	01836	02812	01873	03549	04095	01806	02012	
01832	02682	01837	02813	01874	03552	04095	01806	02013	
01828	02678	01832	02810	01872	03552	04095	01804	02015	
01830	02679	01830	02816	01875	03559	04095	01805	02022	
01832	02679	01829	02820	01877	03564	04095	01807	02029	
01830	02677	01826	02816	01874	03560	04095	01806	02026	
01830	02676	01828	02813	01873	03554	04095	01805	02021	
01834	02681	01833	02815	01876	03554	04095	01807	02018	
01833	02679	01834	02810	01874	03549	04095	01806	02013	
01832	02681	01835	02812	01875	03551	04095	01808	02013	
02120	02966	02102	03070	02288	03662	04095	02137	02284	
02466	03249	02434	03328	02735	03773	04095	02544	02621	
02828	03529	02800	03583	03179	03880	04095	02983	02986	
03219	03813	03195	03841	03616	03990	04095	03441	03376	
03616	04095	03595	04095	04060	04095	04095	03896	03777	
03721	04095	03732	04095	04095	04095	04095	04026	03914	
03776	04095	03811	04095	04095	04095	04095	04077	03995	
03821	04095	03869	04095	04095	04095	04095	04095	04046	
03835	04095	03903	04095	04095	04095	04095	04095	04073	
03841	04095	03925	04095	04095	04095	04095	04095	04085	
03865	04095	03953	04095	04095	04095	04095	04095	04094	
03877	04095	03971	04095	04095	04095	04095	04095	04095	
03871	04095	03979	04095	04095	04095	04095	04095	04095	
03885	04095	03992	04095	04095	04095	04095	04095	04095	
03898	04095	04007	04095	04095	04095	04095	04095	04095	
03891	04095	04008	04095	04095	04095	04095	04095	04095	
03892	04095	04014	04095	04095	04095	04095	04095	04095	
03907	04095	04026	04095	04095	04095	04095	04095	04095	
03902	04095	04028	04095	04095	04095	04095	04095	04095	
03893	04095	04026	04095	04095	04095	04095	04095	04095	
03903	04095	04033	04095	04095	04095	04095	04095	04095	
03903	04095	04037	04095	04095	04095	04095	04095	04095	
03890	04095	04031	04095	04095	04095	04095	04095	04095	
03898	04095	04033	04095	04095	04095	04095	04095	04095	
03907	04095	04041	04095	04095	04095	04095	04095	04095	
03897	04095	04039	04095	04095	04095	04095	04095	04095	
03897	04095	04040	04095	04095	04095	04095	04095	04095	
03911	04095	04051	04095	04095	04095	04095	04095	04095	
03906	04095	04056	04095	04095	04095	04095	04095	04095	
03901	04095	04062	04095	04095	04095	04095	04095	04095	
03917	04095	04077	04095	04095	04095	04095	04095	04095	
03923	04095	04089	04095	04095	04095	04095	04095	04095	
03917	04095	04089	04095	04095	04095	04095	04095	04095	
03929	04095	04091	04095	04095	04095	04095	04095	04095	
03942	04095	04095	04095	04095	04095	04095	04095	04095	
03935	04095	04095	04095	04095	04095	04095	04095	04095	
03939	04095	04095	04095	04095	04095	04095	04095	04095	
03954	04095	04095	04095	04095	04095	04095	04095	04095	
03949	04095	04095	04095	04095	04095	04095	04095	04095	
03945	04095	04095	04095	04095	04095	04095	04095	04095	
03958	04095	04095	04095	04095	04095	04095	04095	04095	
03959	04095	04095	04095	04095	04095	04095	04095	04095	
03949	04095	04095	04095	04095	04095	04095	04095	04095	
03958	04095	04095	04095	04095	04095	04095	04095	04095	
03966	04095	04095	04095	04095	04095	04095	04095	04095	
03954	04095	04095	04095	04095	04095	04095	04095	04095	
03955	04095	04095	04095	04095	04095	04095	04095	04095	
03966	04095	04095	04095	04095	04095	04095	04095	04095	
03959	04095	04095	04095	04095	04095	04095	04095	04095	
03953	04095	04095	04095	04095	04095	04095	04095	04095	
03965	04095	04095	04095	04095	04095	04095	04095	04095	
03967	04095	04095	04095	04095	04095	04095	04095	04095	
03955	04095	04095	04095	04095	04095	04095	04095	04095	
03959	04095	04095	04095	04095	04095	04095	04095	04095	
03963	04095	04095	04095	04095	04095	04095	04095	04095	
03948	04095	04095	04095	04095	04095	04095	04095	04095	
03945	04095	04095	04095	04095	04095	04095	04095	04095	
03930	04095	04092	04095	04095	04095	04095	04095	04095	
03580	03890	03689	03884	03722	04013	04095	03674	03767	
03205	03665	03246	03653	03319	03914	04095	03224	03399	
02820	03427	02785	03414	02908	03806	04095	02758	03003	
02416	03186	02319	03171	02495	03696	04095	02288	02589	
02024	02941	01853	02925	02079	03584	04095	01818	02165	
01959	02901	01786	02893	02046	03553	04095	01768	02067	
01920	02877	01752	02874	02026	03535	04095	01740	02006	
01903	02864	01729	02861	02013	03523	04095	01725	01979	
01907	02858	01709	02854	02006	03516	04095	01712	01975	
01919	02855	01692	02850	01999	03513	04095	01701	01981	
01921	02847	01677	02839	01978	03505	04095	01692	02008	
01921	02846	01672	02838	01980	03504	04095	01691	02005	
01913	02847	01672	02842	01985	03507	04095	01691	01993	
01895	02843	01673	02840	01986	03505	04095	01691	01971	
01881	02839	01673	02836	01987	03501	04095	01692	01954	
01883	02841	01673	02840	02001	03504	04095	01692	01925	
01894	02843	01668	02840	01998	03505	04095	01690	01934	
01905	02841	01660	02833	01991	03501	04095	01686	01948	
01919	02843	01658	02835	01992	03502	04095	01685	01961	
01922	02845	01657	02837	01994	03505	04095	01683	01962	
01910	02842	01656	02833	01993	03500	04095	01682	01950	
01893	02838	01659	02832	01996	03499	04095	01683	01932	
01884	02839	01666	02838	02001	03503	04095	01689	01919	
01879	02838	01666	02836	01998	03501	04095	01690	01914	
01885	02837	01661	02832	01995	03498	04095	01688	01921	
01902	02842	01657	02835	01995	03501	04095	01686	01937	
01915	02843	01654	02834	01991	03501	04095	01684	01949	
01912	02838	01650	02827	01984	03496	04095	01678	01949	
01905	02837	01652	02826	01985	03496	04095	01678	01942	
01892	02836	01656	02829	01989	03496	04095	01680	01927	
01875	02830	01658	02823	01987	03493	04095	01680	01911	
01868	02827	01659	02821	01985	03491	04095	01680	01905	
01878	02831	01659	02826	01987	03494	04095	01683	01915	
01890	02833	01654	02824	01983	03493	04095	01679	01926	
01899	02831	01649	02819	01977	03491	04095	01675	01937	
01906	02835	01649	02823	01981	03495	04095	01676	01945	
01904	02840	01652	02829	01988	03500	04095	01680	01943	
01889	02837	01654	02825	01987	03498	04095	01680	01926	
01878	02838	01660	02828	01992	03501	04095	01684	01914	
01875	02842	01663	02832	01998	03504	04095	01687	01911	
01877	02840	01659	02828	01996	03501	04095	01683	01913	
01887	02837	01651	02823	01991	03496	04095	01676	01921	
01902	02840	01648	02826	01991	03499	04095	01675	01937	
01906	02837	01646	02824	01986	03497	04095	01675	01942	
01901	02835	01647	02822	01985	03496	04095	01676	01937	
01894	02838	01654	02829	01991	03501	04095	01682	01928	
01884	02840	01661	02834	01997	03504	04095	01687	01918	
01877	02839	01664	02833	01999	03505	04095	01689	01911	
01887	02847	01668	02842	02006	03513	04095	01693	01919	
01909	02862	01675	02856	02015	03528	04095	01701	01942	
01927	02870	01679	02862	02017	03537	04095	01707	01963	
01940	02879	01685	02869	02025	03547	04095	01715	01978	
01947	02890	01695	02882	02037	03558	04095	01724	01985	
01938	02891	01701	02884	02041	03560	04095	01728	01977	
01921	02883	01702	02878	02039	03553	04095	01728	01960	
01913	02882	01704	02878	02041	03551	04095	01726	01950	
01913	02879	01700	02875	02036	03547	04095	01722	01948	
01916	02874	01693	02868	02026	03541	04095	01715	01954	
01928	02875	01689	02867	02022	03540	04095	01713	01967	
01936	02878	01688	02869	02021	03542	04095	01712	01975	
01930	02872	01685	02864	02006	03560	04095	01711	01970	
01919	02870	01686	02861	02008	03558	04095	01711	01960	
01910	02872	01691	02865	02015	03561	04095	01714	01948	
01899	02869	01692	02861	02014	03558	04095	01714	01937	
01896	02865	01690	02856	02008	03554	04095	01710	01934	
01907	02867	01689	02858	02015	03534	04095	01709	01945	
01922	02872	01691	02864	02016	03541	04095	01712	01962	
02061	03035	01811	03064	02197	03651	04095	01864	02110	
02370	03282	02125	03312	02616	03764	04095	02239	02420	
02721	03528	02511	03562	03037	03877	04095	02685	02783	
03078	03774	02927	03808	03447	03989	04095	03155	03165	
03444	04014	03351	04050	03862	04095	04095	03629	03562	
03698	04095	03672	04095	04095	04095	04095	03952	03843	
03779	04095	03807	04095	04095	04095	04095	04054	03965	
03812	04095	03883	04095	04095	04095	04095	04087	04030	
03849	04095	03942	04095	04095	04095	04095	04095	04070	
03872	04095	03983	04095	04095	04095	04095	04095	04091	
03875	04095	04008	04095	04095	04095	04095	04095	04095	
03891	04095	04034	04095	04095	04095	04095	04095	04095	
03912	04095	04054	04095	04095	04095	04095	04095	04095	
03911	04095	04064	04095	04095	04095	04095	04095	04095	
03915	04095	04077	04095	04095	04095	04095	04095	04095	
03931	04095	04089	04095	04095	04095	04095	04095	04095	
03932	04095	04094	04095	04095	04095	04095	04095	04095	
03925	04095	04094	04095	04095	04095	04095	04095	04095	
03938	04095	04094	04095	04095	04095	04095	04095	04095	
03945	04095	04095	04095	04095	04095	04095	04095	04095	
03937	04095	04095	04095	04095	04095	04095	04095	04095	
03941	04095	04095	04095	04095	04095	04095	04095	04095	
03954	04095	04095	04095	04095	04095	04095	04095	04095	
03947	04095	04095	04095	04095	04095	04095	04095	04095	
03944	04095	04095	04095	04095	04095	04095	04095	04095	
03958	04095	04095	04095	04095	04095	04095	04095	04095	
03958	04095	04095	04095	04095	04095	04095	04095	04095	
03949	04095	04095	04095	04095	04095	04095	04095	04095	
03959	04095	04095	04095	04095	04095	04095	04095	04095	
03967	04095	04095	04095	04095	04095	04095	04095	04095	
03958	04095	04095	04095	04095	04095	04095	04095	04095	
03963	04095	04095	04095	04095	04095	04095	04095	04095	
03979	04095	04095	04095	04095	04095	04095	04095	04095	
03975	04095	04095	04095	04095	04095	04095	04095	04095	
03972	04095	04095	04095	04095	04095	04095	04095	04095	
03986	04095	04095	04095	04095	04095	04095	04095	04095	
03984	04095	04095	04095	04095	04095	04095	04095	04095	
03973	04095	04095	04095	04095	04095	04095	04095	04095	
03982	04095	04095	04095	04095	04095	04095	04095	04095	
03987	04095	04095	04095	04095	04095	04095	04095	04095	
03962	04095	04095	04095	04095	04095	04095	04095	04095	
03637	03950	03689	03913	03794	04026	04095	03633	03774	
03295	03803	03251	03736	03491	03972	04095	03158	03426	
02897	03611	02764	03515	03141	03871	04095	02645	03048	
02485	03403	02260	03282	02776	03758	04095	02118	02626	
02091	03192	01748	03044	02406	03641	04095	01585	02194	
02005	03126	01638	02986	02334	03592	04095	01514	02079	
01942	03064	01557	02921	02263	03529	04095	01454	01989	
01928	03051	01525	02903	02253	03513	04095	01433	01928	
01929	03053	01509	02896	02244	03508	04095	01424	01910	
01929	03053	01500	02890	02238	03504	04095	01421	01900	
01927	03052	01495	02889	02237	03503	04095	01419	01894	
01920	03047	01492	02891	02238	03501	04095	01418	01888	
01905	03035	01488	02886	02232	03493	04095	01415	01880	
01893	03027	01485	02882	02230	03489	04095	01413	01874	
01894	03028	01484	02885	02233	03492	04095	01413	01873	
01899	03031	01482	02881	02229	03492	04095	01411	01870	
01906	03036	01480	02877	02225	03493	04095	01410	01868	
01916	03045	01480	02880	02229	03500	04095	01411	01871	
01918	03046	01480	02881	02231	03500	04095	01411	01870	
01908	03035	01476	02874	02226	03492	04095	01409	01866	
01898	03026	01474	02874	02226	03489	04095	01408	01864	
01889	03021	01474	02875	02228	03487	04095	01406	01860	
01883	03014	01471	02868	02222	03481	04095	01404	01855	
01885	03016	01468	02865	02219	03481	04095	01401	01853	
01898	03027	01469	02869	02223	03488	04095	01402	01855	
01904	03033	01468	02868	02221	03488	04095	01402	01855	
01904	03031	01467	02864	02217	03486	04095	01403	01855	
01901	03031	01467	02869	02221	03488	04095	01404	01856	
01894	03026	01468	02871	02223	03486	04095	01405	01855	
01881	03016	01467	02865	02218	03480	04095	01404	01852	
01880	03015	01467	02866	02219	03480	04095	01404	01852	
01888	03022	01468	02869	02223	03484	04095	01404	01855	
01894	03026	01466	02865	02219	03484	04095	01404	01854	
01901	03030	01465	02862	02217	03486	04095	01402	01853	
01906	03036	01465	02866	02221	03490	04095	01402	01854	
01901	03030	01466	02866	02220	03487	04095	01403	01853	
01890	03021	01465	02864	02218	03482	04095	01404	01852	
01886	03018	01468	02870	02224	03485	04095	01406	01854	
01886	03020	01470	02874	02228	03487	04095	01410	01856	
01889	03022	01471	02872	02226	03487	04095	01410	01857	
01901	03032	01472	02875	02229	03494	04095	01411	01861	
01912	03043	01474	02879	02233	03500	04095	01411	01863	
01913	03044	01473	02877	02231	03499	04095	01412	01862	
01911	03040	01473	02876	02231	03498	04095	01411	01862	
01908	03038	01475	02883	02237	03500	04095	01413	01864	
01899	03031	01476	02883	02236	03496	04095	01413	01862	
01892	03024	01474	02878	02231	03492	04095	01411	01859	
01898	03030	01475	02881	02235	03497	04095	01412	01861	
01905	03036	01474	02879	02234	03499	04095	01413	01863	
01905	03035	01470	02871	02226	03495	04095	01410	01859	
01908	03037	01469	02870	02225	03494	04095	01408	01857	
01907	03036	01468	02872	02226	03493	04095	01407	01856	
01892	03023	01464	02864	02207	03505	04095	01405	01849	
01880	03011	01461	02861	02203	03498	04095	01401	01844	
01888	03022	01469	02876	02218	03514	04095	01410	01854	
02080	03234	01657	03121	02475	03636	04095	01639	02052	
02396	03449	02023	03365	02851	03757	04095	02066	02384	
02769	03670	02460	03614	03231	03861	04095	02566	02777	
03156	03891	02926	03863	03611	03987	04095	03098	03200	
03530	04093	03402	04095	03975	04095	04095	03627	03627	
03730	04095	03713	04095	04095	04095	04095	03937	03878	
03819	04095	03867	04095	04095	04095	04095	04048	03995	
03852	04095	03956	04095	04095	04095	04095	04087	04053	
03872	04095	04015	04095	04095	04095	04095	04095	04082	
03902	04095	04058	04095	04095	04095	04095	04095	04095	
03917	04095	04084	04095	04095	04095	04095	04095	04095	
03915	04095	04090	04095	04095	04095	04095	04095	04095	
03931	04095	04091	04095	04095	04095	04095	04095	04095	
03945	04095	04095	04095	04095	04095	04095	04095	04095	
03941	04095	04095	04095	04095	04095	04095	04095	04095	
03947	04095	04095	04095	04095	04095	04095	04095	04095	
03964	04095	04095	04095	04095	04095	04095	04095	04095	
03963	04095	04095	04095	04095	04095	04095	04095	04095	
03961	04095	04095	04095	04095	04095	04095	04095	04095	
03975	04095	04095	04095	04095	04095	04095	04095	04095	
03978	04095	04095	04095	04095	04095	04095	04095	04095	
03969	04095	04095	04095	04095	04095	04095	04095	04095	
03977	04095	04095	04095	04095	04095	04095	04095	04095	
03988	04095	04095	04095	04095	04095	04095	04095	04095	
03979	04095	04095	04095	04095	04095	04095	04095	04095	
03981	04095	04095	04095	04095	04095	04095	04095	04095	
03998	04095	04095	04095	04095	04095	04095	04095	04095	
03998	04095	04095	04095	04095	04095	04095	04095	04095	
03994	04095	04095	04095	04095	04095	04095	04095	04095	
04011	04095	04095	04095	04095	04095	04095	04095	04095	
04017	04095	04095	04095	04095	04095	04095	04095	04095	
04006	04095	04095	04095	04095	04095	04095	04095	04095	
04013	04095	04095	04095	04095	04095	04095	04095	04095	
04022	04095	04095	04095	04095	04095	04095	04095	04095	
04011	04095	04095	04095	04095	04095	04095	04095	04095	
04007	04095	04095	04095	04095	04095	04095	04095	04095	
04020	04095	04095	04095	04095	04095	04095	04095	04095	
04014	04095	04095	04095	04095	04095	04095	04095	04095	
04006	04095	04095	04095	04095	04095	04095	04095	04095	
04017	04095	04095	04095	04095	04095	04095	04095	04095	
04020	04095	04095	04095	04095	04095	04095	04095	04095	
04009	04095	04095	04095	04095	04095	04095	04095	04095	
04015	04095	04095	04095	04095	04095	04095	04095	04095	
04025	04095	04095	04095	04095	04095	04095	04095	04095	
03994	04095	04095	04095	04095	04095	04095	04095	04095	
03645	03967	03630	03930	03818	03973	04095	03643	03788	
03243	03789	03084	03710	03481	03802	04095	03129	03395	
02812	03594	02517	03477	03127	03618	04095	02602	03000	
02377	03401	01943	03243	02769	03435	04095	02073	02571	
01974	03207	01368	03011	02410	03253	04095	01541	02138	
01889	03138	01257	02940	02323	03189	04095	01460	02008	
01862	03117	01225	02921	02293	03172	04095	01439	01960	
01852	03112	01211	02916	02295	03168	04095	01430	01912	
01846	03106	01201	02911	02294	03164	04095	01423	01898	
01838	03098	01193	02903	02290	03158	04095	01419	01886	
01833	03095	01188	02899	02290	03157	04095	01416	01879	
01834	03096	01186	02901	02294	03158	04095	01416	01875	
01832	03096	01183	02899	02289	03157	04095	01415	01871	
01829	03095	01182	02896	02282	03156	04095	01415	01867	
01830	03098	01181	02899	02281	03157	04095	01415	01866	
01829	03097	01180	02898	02280	03157	04095	01413	01863	
01825	03093	01179	02894	02277	03154	04095	01412	01859	
01825	03091	01179	02894	02281	03154	04095	01412	01858	
01827	03091	01180	02895	02285	03154	04095	01411	01858	
01823	03086	01177	02888	02279	03149	04095	01409	01853	
01820	03083	01174	02885	02276	03147	04095	01408	01851	
01822	03086	01171	02887	02276	03148	04095	01407	01851	
01819	03084	01170	02885	02270	03145	04095	01405	01847	
01815	03080	01168	02880	02264	03142	04095	01402	01843	
01818	03081	01169	02883	02271	03144	04095	01403	01843	
01818	03081	01168	02883	02275	03144	04095	01402	01841	
01814	03077	01167	02879	02272	03141	04095	01401	01839	
01816	03079	01167	02881	02275	03144	04095	01402	01839	
01818	03086	01167	02886	02278	03149	04095	01403	01842	
01816	03087	01167	02885	02270	03148	04095	01403	01841	
01816	03089	01167	02886	02267	03150	04095	01403	01843	
01819	03095	01167	02890	02272	03154	04095	01405	01845	
01817	03093	01167	02888	02272	03152	04095	01406	01845	
01815	03089	01167	02884	02272	03150	04095	01405	01843	
01818	03090	01167	02887	02279	03153	04095	01406	01845	
01819	03091	01167	02888	02282	03153	04095	01406	01845	
01818	03089	01166	02887	02279	03153	04095	01406	01844	
01822	03093	01168	02891	02280	03156	04095	01407	01846	
01827	03100	01171	02898	02283	03161	04095	01410	01849	
01829	03104	01176	02900	02283	03166	04095	01413	01852	
01835	03109	01181	02905	02290	03174	04095	01419	01857	
01841	03115	01186	02913	02302	03180	04095	01424	01863	
01843	03117	01188	02916	02305	03183	04095	01426	01866	
01842	03115	01190	02914	02303	03183	04095	01428	01867	
01844	03115	01190	02917	02304	03183	04095	01429	01868	
01842	03114	01189	02916	02299	03180	04095	01428	01868	
01837	03109	01186	02910	02291	03176	04095	01426	01865	
01835	03108	01187	02908	02290	03175	04095	01424	01864	
01837	03109	01187	02908	02295	03174	04095	01423	01863	
01833	03103	01187	02903	02294	03170	04095	01420	01860	
01831	03099	01186	02900	02293	03167	04095	01417	01856	
01844	03114	01196	02919	02309	03185	04095	01429	01870	
02086	03313	01452	03158	02606	03370	04095	01721	02109	
02423	03511	01860	03395	02965	03555	04095	02157	02456	
02804	03711	02342	03634	03327	03741	04095	02654	02859	
03206	03911	02866	03873	03690	03927	04095	03182	03293	
03594	04095	03406	04095	04038	04095	04095	03705	03724	
03762	04095	03714	04095	04095	04095	04095	03948	03932	
03843	04095	03881	04095	04095	04095	04095	04047	04031	
03878	04095	03981	04095	04095	04095	04095	04086	04076	
03894	04095	04040	04095	04095	04095	04095	04095	04092	
03921	04095	04073	04095	04095	04095	04095	04095	04095	
03937	04095	04089	04095	04095	04095	04095	04095	04095	
03936	04095	04095	04095	04095	04095	04095	04095	04095	
03950	04095	04095	04095	04095	04095	04095	04095	04095	
03965	04095	04095	04095	04095	04095	04095	04095	04095	
03961	04095	04095	04095	04095	04095	04095	04095	04095	
03963	04095	04095	04095	04095	04095	04095	04095	04095	
03980	04095	04095	04095	04095	04095	04095	04095	04095	
03981	04095	04095	04095	04095	04095	04095	04095	04095	
03977	04095	04095	04095	04095	04095	04095	04095	04095	
03992	04095	04095	04095	04095	04095	04095	04095	04095	
04001	04095	04095	04095	04095	04095	04095	04095	04095	
03994	04095	04095	04095	04095	04095	04095	04095	04095	
03999	04095	04095	04095	04095	04095	04095	04095	04095	
04013	04095	04095	04095	04095	04095	04095	04095	04095	
04011	04095	04095	04095	04095	04095	04095	04095	04095	
04012	04095	04095	04095	04095	04095	04095	04095	04095	
04029	04095	04095	04095	04095	04095	04095	04095	04095	
04034	04095	04095	04095	04095	04095	04095	04095	04095	
04028	04095	04095	04095	04095	04095	04095	04095	04095	
04039	04095	04095	04095	04095	04095	04095	04095	04095	
04046	04095	04095	04095	04095	04095	04095	04095	04095	
04037	04095	04095	04095	04095	04095	04095	04095	04095	
04039	04095	04095	04095	04095	04095	04095	04095	04095	
04051	04095	04095	04095	04095	04095	04095	04095	04095	
04043	04095	04095	04095	04095	04095	04095	04095	04095	
04037	04095	04095	04095	04095	04095	04095	04095	04095	
04046	04095	04095	04095	04095	04095	04095	04095	04095	
04044	04095	04095	04095	04095	04095	04095	04095	04095	
04031	04095	04095	04095	04095	04095	04095	04095	04095	
04037	04095	04095	04095	04095	04095	04095	04095	04095	
03689	03977	03625	03943	03918	03979	04095	03648	03726	
03272	03810	03083	03739	03671	03821	04095	03145	03281	
03030	03810	02706	03739	03620	03821	04095	02840	03017	
02606	03624	02136	03515	03350	03643	04095	02318	02540	
02166	03430	01560	03286	03073	03465	04095	01790	02050	
02070	03344	01444	03200	02973	03391	04095	01702	01918	
02035	03309	01400	03167	02934	03362	04095	01669	01862	
01830	03108	01188	02929	02698	03173	04095	01437	01623	
01807	03091	01170	02913	02679	03160	04095	01423	01596	
01794	03084	01156	02903	02675	03150	04095	01414	01578	
01787	03085	01151	02902	02669	03148	04095	01410	01597	
01779	03083	01147	02897	02666	03143	04095	01407	01588	
01777	03078	01146	02895	02662	03142	04095	01406	01585	
01781	03075	01145	02898	02660	03143	04095	01404	01582	
01781	03069	01144	02894	02650	03142	04095	01402	01580	
01782	03065	01143	02892	02653	03140	04095	01403	01552	
01785	03069	01142	02895	02659	03143	04095	01404	01552	
01782	03072	01141	02894	02663	03141	04095	01403	01551	
01777	03073	01140	02891	02662	03139	04095	01403	01549	
01776	03072	01140	02888	02664	03137	04095	01402	01547	
01777	03067	01140	02886	02661	03133	04095	01401	01546	
01773	03054	01139	02878	02648	03127	04095	01399	01543	
01773	03043	01139	02872	02639	03122	04095	01398	01540	
01774	03037	01139	02869	02638	03120	04095	01398	01540	
01773	03035	01139	02867	02635	03116	04095	01398	01539	
01769	03035	01138	02864	02637	03114	04095	01397	01537	
01768	03040	01139	02865	02647	03115	04095	01398	01539	
01766	03041	01139	02864	02649	03113	04095	01396	01537	
01762	03035	01137	02858	02639	03108	04095	01394	01534	
01764	03030	01136	02857	02636	03108	04095	01394	01534	
01767	03028	01136	02857	02631	03108	04095	01393	01534	
01764	03023	01133	02853	02621	03104	04095	01391	01531	
01763	03025	01132	02853	02622	03105	04095	01391	01532	
01764	03035	01132	02859	02633	03110	04095	01392	01534	
01761	03039	01131	02859	02636	03110	04095	01393	01534	
01758	03038	01130	02857	02634	03108	04095	01391	01533	
01761	03037	01130	02859	02635	03109	04095	01392	01533	
01764	03033	01130	02858	02630	03108	04095	01392	01533	
01763	03022	01128	02852	02617	03102	04095	01389	01532	
01765	03018	01128	02851	02614	03100	04095	01388	01532	
01767	03022	01129	02853	02618	03102	04095	01390	01534	
01763	03024	01129	02850	02619	03100	04095	01388	01533	
01761	03027	01129	02849	02622	03101	04095	01389	01534	
01765	03035	01134	02855	02632	03107	04095	01392	01537	
01768	03036	01136	02857	02633	03109	04095	01395	01539	
01769	03032	01138	02857	02626	03110	04095	01396	01540	
01777	03033	01142	02863	02627	03115	04095	01400	01545	
01781	03033	01144	02866	02629	03117	04095	01403	01546	
01778	03032	01143	02864	02626	03115	04095	01403	01546	
01776	03035	01143	02863	02629	03116	04095	01402	01545	
01776	03040	01143	02866	02638	03117	04095	01403	01545	
01773	03039	01141	02862	02636	03113	04095	01401	01544	
01772	03036	01141	02861	02630	03111	04095	01401	01543	
01777	03034	01141	02862	02630	03113	04095	01402	01545	
01778	03029	01141	02861	02623	03110	04095	01402	01546	
01785	03032	01146	02869	02626	03120	04095	01407	01553	
02091	03245	01480	03117	02922	03318	04095	01774	01875	
02463	03461	01925	03363	03221	03516	04095	02230	02287	
02849	03673	02420	03609	03517	03710	04095	02721	02739	
03251	03888	02957	03856	03816	03907	04095	03239	03222	
03667	04095	03512	04095	04095	04095	04095	03771	03719	
03780	04095	03743	04095	04095	04095	04095	03942	03909	
03827	04095	03871	04095	04095	04095	04095	04024	04008	
03868	04095	03962	04095	04095	04095	04095	04071	04064	
03893	04095	04017	04095	04095	04095	04095	04092	04090	
03896	04095	04048	04095	04095	04095	04095	04093	04095	
03911	04095	04074	04095	04095	04095	04095	04095	04095	
03930	04095	04091	04095	04095	04095	04095	04095	04095	
03929	04095	04095	04095	04095	04095	04095	04095	04095	
03931	04095	04095	04095	04095	04095	04095	04095	04095	
03948	04095	04095	04095	04095	04095	04095	04095	04095	
03950	04095	04095	04095	04095	04095	04095	04095	04095	
03944	04095	04095	04095	04095	04095	04095	04095	04095	
03957	04095	04095	04095	04095	04095	04095	04095	04095	
03965	04095	04095	04095	04095	04095	04095	04095	04095	
03957	04095	04095	04095	04095	04095	04095	04095	04095	
03961	04095	04095	04095	04095	04095	04095	04095	04095	
03975	04095	04095	04095	04095	04095	04095	04095	04095	
03971	04095	04095	04095	04095	04095	04095	04095	04095	
03969	04095	04095	04095	04095	04095	04095	04095	04095	
03985	04095	04095	04095	04095	04095	04095	04095	04095	
03990	04095	04095	04095	04095	04095	04095	04095	04095	
03983	04095	04095	04095	04095	04095	04095	04095	04095	
03992	04095	04095	04095	04095	04095	04095	04095	04095	
04003	04095	04095	04095	04095	04095	04095	04095	04095	
03996	04095	04095	04095	04095	04095	04095	04095	04095	
03999	04095	04095	04095	04095	04095	04095	04095	04095	
04013	04095	04095	04095	04095	04095	04095	04095	04095	
04011	04095	04095	04095	04095	04095	04095	04095	04095	
04007	04095	04095	04095	04095	04095	04095	04095	04095	
04020	04095	04095	04095	04095	04095	04095	04095	04095	
04023	04095	04095	04095	04095	04095	04095	04095	04095	
04014	04095	04095	04095	04095	04095	04095	04095	04095	
04019	04095	04095	04095	04095	04095	04095	04095	04095	
04025	04095	04095	04095	04095	04095	04095	04095	04095	
04012	04095	04095	04095	04095	04095	04095	04095	04095	
04008	04095	04095	04095	04095	04095	04095	04095	04095	
04017	04095	04095	04095	04095	04095	04095	04095	04095	
04011	04095	04095	04095	04095	04095	04095	04095	04095	
03580	03907	03585	03843	03887	03938	04095	03611	03662	
03115	03685	03025	03560	03653	03756	04095	03093	03172	
02634	03450	02450	03269	03389	03565	04095	02562	02663	
02141	03211	01868	02972	03122	03372	04095	02030	02147	
01662	02983	01288	02681	02870	03189	04095	01500	01633	
01607	02943	01215	02635	02825	03162	04095	01451	01547	
01589	02934	01188	02616	02813	03155	04095	01435	01515	
01585	02938	01177	02609	02822	03160	04095	01431	01502	
01585	02943	01170	02607	02830	03166	04095	01427	01494	
01576	02935	01160	02600	02818	03159	04095	01419	01482	
01569	02926	01155	02601	02803	03154	04095	01416	01476	
01569	02923	01153	02607	02789	03155	04095	01415	01501	
01567	02922	01151	02607	02786	03154	04095	01413	01497	
01566	02922	01151	02604	02783	03153	04095	01413	01496	
01569	02927	01152	02602	02791	03156	04095	01416	01495	
01571	02931	01153	02596	02802	03158	04095	01417	01495	
01569	02930	01150	02590	02811	03155	04095	01414	01464	
01567	02927	01148	02592	02807	03155	04095	01414	01463	
01569	02927	01149	02602	02806	03157	04095	01414	01463	
01567	02922	01148	02606	02799	03155	04095	01413	01462	
01565	02918	01147	02606	02793	03153	04095	01411	01460	
01567	02921	01148	02606	02799	03156	04095	01412	01461	
01567	02924	01149	02600	02804	03156	04095	01412	01461	
01565	02922	01147	02591	02804	03153	04095	01411	01459	
01565	02923	01147	02588	02808	03153	04095	01411	01460	
01567	02925	01149	02594	02810	03155	04095	01413	01460	
01565	02920	01148	02597	02800	03151	04095	01412	01459	
01563	02916	01148	02602	02794	03150	04095	01412	01458	
01564	02918	01147	02605	02797	03153	04095	01413	01459	
01563	02918	01147	02601	02795	03152	04095	01413	01457	
01561	02918	01145	02592	02793	03149	04095	01412	01455	
01561	02922	01146	02587	02802	03150	04095	01412	01456	
01563	02926	01147	02585	02807	03153	04095	01412	01455	
01561	02923	01147	02587	02800	03150	04095	01412	01455	
01562	02922	01148	02594	02796	03152	04095	01411	01455	
01564	02922	01149	02603	02798	03156	04095	01413	01457	
01565	02920	01149	02604	02793	03156	04095	01413	01457	
01564	02919	01149	02602	02792	03154	04095	01413	01457	
01566	02922	01148	02599	02801	03157	04095	01413	01458	
01567	02925	01149	02593	02808	03159	04095	01415	01460	
01566	02925	01149	02589	02806	03157	04095	01415	01460	
01566	02925	01150	02593	02808	03158	04095	01415	01460	
01567	02925	01150	02599	02806	03159	04095	01415	01460	
01564	02922	01150	02602	02796	03157	04095	01416	01459	
01563	02920	01149	02603	02795	03156	04095	01415	01460	
01565	02922	01151	02603	02802	03158	04095	01416	01460	
01565	02923	01151	02598	02802	03156	04095	01416	01460	
01566	02924	01152	02593	02806	03156	04095	01417	01461	
01569	02928	01153	02592	02814	03159	04095	01417	01463	
01571	02928	01152	02595	02812	03159	04095	01416	01462	
01569	02924	01151	02599	02803	03157	04095	01416	01463	
01570	02924	01151	02606	02802	03159	04095	01416	01462	
01570	02924	01151	02609	02804	03161	04095	01417	01464	
01567	02920	01150	02605	02800	03157	04095	01415	01461	
01567	02922	01150	02600	02803	03157	04095	01416	01462	
01569	02927	01152	02597	02813	03159	04095	01417	01463	
01570	02928	01152	02595	02814	03160	04095	01417	01465	
01573	02931	01154	02601	02813	03164	04095	01420	01467	
01582	02941	01161	02618	02823	03177	04095	01429	01476	
01589	02947	01167	02632	02827	03185	04095	01435	01482	
01592	02949	01170	02638	02828	03190	04095	01441	01487	
01594	02952	01171	02641	02821	03214	04095	01444	01489	
01609	02974	01186	02658	02846	03238	04095	01460	01504	
01619	02986	01196	02665	02860	03251	04095	01470	01515	
01949	03214	01538	02952	03114	03430	04095	01836	01848	
02355	03442	01990	03245	03369	03611	04095	02291	02274	
02790	03672	02492	03541	03623	03773	04095	02781	02746	
03220	03882	03002	03816	03857	03931	04095	03271	03230	
03669	04095	03536	04095	04095	04095	04095	03782	03736	
03806	04095	03751	04095	04095	04095	04095	03945	03924	
03862	04095	03873	04095	04095	04095	04095	04019	04018	
03903	04095	03956	04095	04095	04095	04095	04060	04070	
03940	04095	04019	04095	04095	04095	04095	04087	04094	
03953	04095	04058	04095	04095	04095	04095	04095	04095	
03959	04095	04082	04095	04095	04095	04095	04095	04095	
03981	04095	04093	04095	04095	04095	04095	04095	04095	
03990	04095	04095	04095	04095	04095	04095	04095	04095	
03987	04095	04095	04095	04095	04095	04095	04095	04095	
04001	04095	04095	04095	04095	04095	04095	04095	04095	
04017	04095	04095	04095	04095	04095	04095	04095	04095	
04014	04095	04095	04095	04095	04095	04095	04095	04095	
04020	04095	04095	04095	04095	04095	04095	04095	04095	
04036	04095	04095	04095	04095	04095	04095	04095	04095	
04033	04095	04095	04095	04095	04095	04095	04095	04095	
04029	04095	04095	04095	04095	04095	04095	04095	04095	
04041	04095	04095	04095	04095	04095	04095	04095	04095	
04045	04095	04095	04095	04095	04095	04095	04095	04095	
04038	04095	04095	04095	04095	04095	04095	04095	04095	
04046	04095	04095	04095	04095	04095	04095	04095	04095	
04057	04095	04095	04095	04095	04095	04095	04095	04095	
04049	04095	04095	04095	04095	04095	04095	04095	04095	
04049	04095	04095	04095	04095	04095	04095	04095	04095	
04063	04095	04095	04095	04095	04095	04095	04095	04095	
04062	04095	04095	04095	04095	04095	04095	04095	04095	
04057	04095	04095	04095	04095	04095	04095	04095	04095	
04068	04095	04095	04095	04095	04095	04095	04095	04095	
04072	04095	04095	04095	04095	04095	04095	04095	04095	
04060	04095	04095	04095	04095	04095	04095	04095	04095	
04061	04095	04095	04095	04095	04095	04095	04095	04095	
04067	04095	04095	04095	04095	04095	04095	04095	04095	
04055	04095	04095	04095	04095	04095	04095	04095	04095	
04051	04095	04095	04095	04095	04095	04095	04095	04095	
04063	04095	04095	04095	04095	04095	04095	04095	04095	
04061	04095	04095	04095	04095	04095	04095	04095	04095	
04056	04095	04095	04095	04095	04095	04095	04095	04095	
04069	04095	04095	04095	04095	04095	04095	04095	04095	
04074	04095	04095	04095	04095	04095	04095	04095	04095	
04063	04095	04095	04095	04095	04095	04095	04095	04095	
04065	04095	04095	04095	04095	04095	04095	04095	04095	
04073	04095	04095	04095	04095	04095	04095	04095	04095	
04063	04095	04095	04095	04095	04095	04095	04095	04095	
04062	04095	04095	04095	04095	04095	04095	04095	04095	
04073	04095	04095	04095	04095	04095	04095	04095	04095	
04075	04095	04095	04095	04095	04095	04095	04095	04095	
04068	04095	04095	04095	04095	04095	04095	04095	04095	
04078	04095	04095	04095	04095	04095	04095	04095	04095	
04083	04095	04095	04095	04095	04095	04095	04095	04095	
04075	04095	04095	04095	04095	04095	04095	04095	04095	
04076	04095	04095	04095	04095	04095	04095	04095	04095	
04084	04095	04095	04095	04095	04095	04095	04095	04095	
03627	03929	03592	03805	03915	03961	04095	03623	03675	
03122	03715	03032	03465	03696	03787	04095	03107	03188	
02622	03501	02467	03128	03467	03621	04095	02590	02693	
02109	03278	01892	02780	03227	03444	04095	02065	02187	
01595	03056	01317	02437	02988	03271	04095	01542	01679	
01537	03000	01243	02380	02929	03232	04095	01489	01589	
01523	02990	01222	02371	02916	03228	04095	01477	01561	
01512	02976	01207	02359	02897	03216	04095	01466	01541	
01507	02972	01200	02355	02889	03214	04095	01461	01531	
01503	02967	01192	02347	02883	03210	04095	01456	01522	
01497	02960	01186	02340	02873	03204	04095	01450	01513	
01492	02952	01182	02334	02867	03199	04095	01445	01506	
01490	02950	01178	02330	02870	03197	04095	01443	01501	
01489	02948	01176	02329	02871	03195	04095	01441	01498	
01486	02943	01173	02325	02865	03189	04095	01438	01494	
01486	02943	01172	02325	02863	03189	04095	01438	01493	
01487	02945	01172	02326	02861	03189	04095	01438	01492	
01485	02942	01170	02323	02853	03186	04095	01436	01488	
01483	02939	01169	02322	02852	03185	04095	01436	01488	
01484	02941	01170	02322	02858	03188	04095	01437	01488	
01483	02941	01170	02321	02859	03189	04095	01437	01487	
01484	02943	01171	02322	02863	03190	04095	01438	01489	
01487	02946	01173	02325	02870	03195	04095	01441	01491	
01486	02948	01173	02326	02869	03196	04095	01442	01491	
01487	02948	01174	02329	02864	03197	04095	01444	01493	
01494	02956	01180	02339	02874	03208	04095	01452	01501	
01495	02957	01181	02339	02876	03209	04095	01452	01501	
01496	02957	01182	02339	02876	03209	04095	01452	01501	
01502	02963	01187	02344	02885	03216	04095	01456	01506	
01506	02968	01189	02346	02895	03221	04095	01459	01509	
01501	02963	01185	02340	02888	03212	04095	01454	01504	
01501	02962	01186	02341	02884	03212	04095	01454	01505	
01503	02964	01186	02344	02886	03215	04095	01457	01507	
01500	02961	01183	02340	02880	03210	04095	01453	01503	
01497	02957	01181	02337	02872	03204	04095	01451	01499	
01497	02956	01180	02336	02874	03205	04095	01451	01498	
01497	02957	01180	02336	02880	03206	04095	01451	01498	
01495	02954	01178	02333	02877	03204	04095	01450	01495	
01495	02954	01178	02333	02877	03203	04095	01450	01495	
01496	02956	01179	02334	02879	03207	04095	01452	01497	
01495	02955	01179	02334	02875	03206	04095	01451	01496	
01493	02952	01177	02332	02858	03225	04095	01450	01494	
01599	03083	01266	02513	02997	03404	04095	01560	01602	
01954	03312	01616	02866	03244	03583	04095	01937	01947	
02370	03538	02050	03217	03489	03759	04095	02379	02369	
02820	03766	02539	03569	03737	03936	04095	02860	02838	
03298	03997	03060	03924	03987	04095	04095	03366	03339	
03669	04095	03501	04095	04095	04095	04095	03763	03746	
03796	04095	03691	04095	04095	04095	04095	03904	03921	
03876	04095	03811	04095	04095	04095	04095	03990	04018	
03918	04095	03889	04095	04095	04095	04095	04037	04068	
03935	04095	03938	04095	04095	04095	04095	04061	04089	
03961	04095	03981	04095	04095	04095	04095	04082	04095	
03983	04095	04017	04095	04095	04095	04095	04094	04095	
03983	04095	04038	04095	04095	04095	04095	04095	04095	
03994	04095	04055	04095	04095	04095	04095	04095	04095	
04014	04095	04069	04095	04095	04095	04095	04095	04095	
04015	04095	04081	04095	04095	04095	04095	04095	04095	
04013	04095	04087	04095	04095	04095	04095	04095	04095	
04030	04095	04095	04095	04095	04095	04095	04095	04095	
04037	04095	04095	04095	04095	04095	04095	04095	04095	
04031	04095	04095	04095	04095	04095	04095	04095	04095	
04042	04095	04095	04095	04095	04095	04095	04095	04095	
04055	04095	04095	04095	04095	04095	04095	04095	04095	
04048	04095	04095	04095	04095	04095	04095	04095	04095	
04050	04095	04095	04095	04095	04095	04095	04095	04095	
04063	04095	04095	04095	04095	04095	04095	04095	04095	
04059	04095	04095	04095	04095	04095	04095	04095	04095	
04053	04095	04095	04095	04095	04095	04095	04095	04095	
04065	04095	04095	04095	04095	04095	04095	04095	04095	
04069	04095	04095	04095	04095	04095	04095	04095	04095	
04061	04095	04095	04095	04095	04095	04095	04095	04095	
04066	04095	04095	04095	04095	04095	04095	04095	04095	
04075	04095	04095	04095	04095	04095	04095	04095	04095	
04066	04095	04095	04095	04095	04095	04095	04095	04095	
04057	04095	04095	04095	04095	04095	04095	04095	04095	
04064	04095	04095	04095	04095	04095	04095	04095	04095	
04056	04095	04094	04095	04095	04095	04095	04095	04095	
04043	04095	04091	04095	04095	04095	04095	04095	04095	
04049	04095	04091	04095	04095	04095	04095	04095	04095	
04057	04095	04091	04095	04095	04095	04095	04095	04095	
04049	04095	04091	04095	04095	04095	04095	04095	04095	
04054	04095	04092	04095	04095	04095	04095	04095	04095	
04065	04095	04095	04095	04095	04095	04095	04095	04095	
04057	04095	04093	04095	04095	04095	04095	04095	04095	
04049	04095	04093	04095	04095	04095	04095	04095	04095	
03739	04022	03740	03967	04018	04057	04095	03751	03813	
03265	03797	03208	03654	03787	03905	04095	03260	03360	
02762	03540	02645	03314	03514	03735	04095	02743	02870	
02261	03276	02075	02969	03231	03562	04095	02221	02368	
01761	03014	01499	02623	02948	03389	04095	01696	01859	
01565	02824	01273	02401	02735	03249	04095	01514	01657	
01527	02788	01226	02367	02676	03224	04095	01480	01595	
01516	02784	01209	02358	02658	03220	04095	01470	01572	
01512	02789	01201	02356	02653	03219	04095	01467	01561	
01502	02775	01191	02345	02639	03206	04095	01459	01547	
01495	02761	01182	02334	02645	03197	04095	01450	01508	
01486	02745	01172	02322	02639	03185	04095	01440	01497	
01477	02730	01163	02310	02633	03171	04095	01430	01484	
01467	02717	01152	02296	02620	03158	04095	01420	01473	
01465	02719	01149	02292	02613	03156	04095	01417	01468	
01461	02721	01146	02288	02602	03151	04095	01413	01463	
01459	02724	01145	02288	02598	03151	04095	01413	01461	
01459	02725	01145	02287	02601	03153	04095	01414	01461	
01458	02719	01144	02287	02601	03151	04095	01413	01459	
01456	02711	01143	02286	02604	03149	04095	01412	01458	
01458	02709	01143	02287	02614	03151	04095	01414	01459	
01458	02708	01142	02286	02612	03151	04095	01413	01458	
01454	02706	01139	02283	02600	03146	04095	01410	01456	
01454	02711	01140	02282	02595	03148	04095	01410	01455	
01454	02718	01139	02281	02594	03150	04095	01410	01455	
01451	02715	01139	02279	02589	03147	04095	01408	01453	
01452	02710	01138	02279	02591	03146	04095	01407	01451	
01455	02710	01140	02281	02602	03149	04095	01408	01453	
01455	02707	01139	02281	02609	03148	04095	01409	01453	
01455	02705	01139	02281	02609	03146	04095	01409	01453	
01458	02712	01140	02284	02606	03150	04095	01412	01456	
01458	02718	01142	02284	02602	03152	04095	01414	01457	
01457	02720	01143	02285	02595	03150	04095	01414	01456	
01460	02724	01145	02289	02599	03155	04095	01417	01459	
01465	02727	01149	02294	02610	03163	04095	01420	01463	
01469	02729	01153	02301	02621	03169	04095	01424	01467	
01472	02732	01157	02306	02633	03175	04095	01428	01472	
01478	02740	01163	02313	02644	03185	04095	01434	01478	
01479	02744	01165	02315	02639	03188	04095	01435	01481	
01481	02750	01166	02317	02634	03188	04095	01437	01484	
01484	02757	01168	02318	02633	03192	04095	01438	01485	
01487	02760	01170	02321	02637	03195	04095	01441	01487	
01487	02757	01170	02322	02640	03195	04095	01442	01488	
01488	02756	01172	02323	02651	03196	04095	01444	01489	
01487	02752	01171	02321	02660	03195	04095	01444	01487	
01482	02746	01167	02318	02656	03188	04095	01441	01484	
01479	02744	01165	02314	02646	03184	04095	01438	01482	
01480	02748	01164	02313	02638	03183	04095	01436	01480	
01598	02901	01262	02522	02791	03363	04095	01561	01600	
01770	03112	01424	02823	03007	03545	04095	01748	01777	
02153	03383	01801	03181	03292	03730	04095	02146	02143	
02592	03652	02246	03539	03592	03913	04095	02604	02581	
03048	03919	02725	03894	03888	04095	04095	03082	03052	
03405	04035	03130	04039	04022	04095	04095	03455	03429	
03720	04095	03497	04095	04095	04095	04095	03783	03768	
03827	04095	03657	04095	04095	04095	04095	03902	03926	
03877	04095	03749	04095	04095	04095	04095	03963	04012	
03922	04095	03819	04095	04095	04095	04095	04013	04063	
03947	04095	03865	04095	04095	04095	04095	04043	04088	
03953	04095	03894	04095	04095	04095	04095	04055	04095	
03971	04095	03924	04095	04095	04095	04095	04070	04095	
03991	04095	03952	04095	04095	04095	04095	04085	04095	
03989	04095	03965	04095	04095	04095	04095	04088	04095	
03993	04095	03979	04095	04095	04095	04095	04090	04095	
04010	04095	03998	04095	04095	04095	04095	04094	04095	
04011	04095	04007	04095	04095	04095	04095	04094	04095	
04007	04095	04011	04095	04095	04095	04095	04094	04095	
04022	04095	04025	04095	04095	04095	04095	04095	04095	
04030	04095	04036	04095	04095	04095	04095	04095	04095	
04022	04095	04035	04095	04095	04095	04095	04095	04095	
04027	04095	04043	04095	04095	04095	04095	04095	04095	
04037	04095	04055	04095	04095	04095	04095	04095	04095	
04030	04095	04057	04095	04095	04095	04095	04095	04095	
04030	04095	04060	04095	04095	04095	04095	04095	04095	
04047	04095	04069	04095	04095	04095	04095	04095	04095	
04050	04095	04072	04095	04095	04095	04095	04095	04095	
04047	04095	04071	04095	04095	04095	04095	04095	04095	
04059	04095	04080	04095	04095	04095	04095	04095	04095	
04069	04095	04088	04095	04095	04095	04095	04095	04095	
04061	04095	04088	04095	04095	04095	04095	04095	04095	
04065	04095	04088	04095	04095	04095	04095	04095	04095	
04077	04095	04095	04095	04095	04095	04095	04095	04095	
04068	04095	04095	04095	04095	04095	04095	04095	04095	
04062	04095	04095	04095	04095	04095	04095	04095	04095	
04072	04095	04095	04095	04095	04095	04095	04095	04095	
04070	04095	04095	04095	04095	04095	04095	04095	04095	
04060	04095	04095	04095	04095	04095	04095	04095	04095	
04069	04095	04095	04095	04095	04095	04095	04095	04095	
04077	04095	04095	04095	04095	04095	04095	04095	04095	
04065	04095	04095	04095	04095	04095	04095	04095	04095	
04064	04095	04095	04095	04095	04095	04095	04095	04095	
04070	04095	04095	04095	04095	04095	04095	04095	04095	
04057	04095	04095	04095	04095	04095	04095	04095	04095	
04043	04095	04095	04095	04095	04095	04095	04095	04095	
04049	04095	04095	04095	04095	04095	04095	04095	04095	
04046	04095	04095	04095	04095	04095	04095	04095	04095	
04033	04095	04095	04095	04095	04095	04095	04095	04095	
04039	04095	04095	04095	04095	04095	04095	04095	04095	
04045	04095	04095	04095	04095	04095	04095	04095	04095	
04031	04095	04095	04095	04095	04095	04095	04095	04095	
04026	04095	04095	04095	04095	04095	04095	04095	04095	
04034	04095	04095	04095	04095	04095	04095	04095	04095	
04024	04095	04095	04095	04095	04095	04095	04095	04095	
04013	04095	04095	04095	04095	04095	04095	04095	04095	
04019	04095	04095	04095	04095	04095	04095	04095	04095	
04018	04095	04095	04095	04095	04095	04095	04095	04095	
04004	04095	04095	04095	04095	04095	04095	04095	04095	
