03894	04095	04047	04095	04095	04095	04095	04095	04095	
03895	04095	04047	04095	04095	04095	04095	04095	04095	
03905	04095	04054	04095	04095	04095	04095	04095	04095	
03896	04095	04050	04095	04095	04095	04095	04095	04095	
03890	04095	04046	04095	04095	04095	04095	04095	04095	
03905	04095	04055	04095	04095	04095	04095	04095	04095	
03905	04095	04058	04095	04095	04095	04095	04095	04095	
03897	04095	04053	04095	04095	04095	04095	04095	04095	
03908	04095	04059	04095	04095	04095	04095	04095	04095	
03917	04095	04064	04095	04095	04095	04095	04095	04095	
03904	04095	04058	04095	04095	04095	04095	04095	04095	
03907	04095	04058	04095	04095	04095	04095	04095	04095	
03919	04095	04065	04095	04095	04095	04095	04095	04095	
03910	04095	04061	04095	04095	04095	04095	04095	04095	
03903	04095	04057	04095	04095	04095	04095	04095	04095	
03916	04095	04064	04095	04095	04095	04095	04095	04095	
03913	04095	04064	04095	04095	04095	04095	04095	04095	
03901	04095	04058	04095	04095	04095	04095	04095	04095	
03910	04095	04062	04095	04095	04095	04095	04095	04095	
03917	04095	04066	04095	04095	04095	04095	04095	04095	
03904	04095	04059	04095	04095	04095	04095	04095	04095	
03906	04095	04059	04095	04095	04095	04095	04095	04095	
03915	04095	04064	04095	04095	04095	04095	04095	04095	
03905	04095	04058	04095	04095	04095	04095	04095	04095	
03897	04095	04052	04095	04095	04095	04095	04095	04095	
03907	04095	04056	04095	04095	04095	04095	04095	04095	
03903	04095	04054	04095	04095	04095	04095	04095	04095	
03892	04095	04047	04095	04095	04095	04095	04095	04095	
03900	04095	04051	04095	04095	04095	04095	04095	04095	
03906	04095	04056	04095	04095	04095	04095	04095	04095	
03893	04095	04049	04095	04095	04095	04095	04095	04095	
03894	04095	04049	04095	04095	04095	04095	04095	04095	
03905	04095	04056	04095	04095	04095	04095	04095	04095	
03895	04095	04051	04095	04095	04095	04095	04095	04095	
03889	04095	04047	04095	04095	04095	04095	04095	04095	
03901	04095	04054	04095	04095	04095	04095	04095	04095	
03900	04095	04054	04095	04095	04095	04095	04095	04095	
03889	04095	04047	04095	04095	04095	04095	04095	04095	
03899	04095	04052	04095	04095	04095	04095	04095	04095	
03908	04095	04058	04095	04095	04095	04095	04095	04095	
03898	04095	04054	04095	04095	04095	04095	04095	04095	
03903	04095	04056	04095	04095	04095	04095	04095	04095	
03917	04095	04064	04095	04095	04095	04095	04095	04095	
03560	03873	03683	03880	03695	04013	04095	03763	03782	
03162	03617	03251	03636	03250	03909	04095	03387	03414	
02762	03354	02809	03389	02797	03804	04095	02999	03031	
02355	03090	02361	03144	02345	03698	04095	02610	02644	
01936	02817	01891	02889	01886	03585	04095	02212	02246	
01875	02768	01804	02850	01838	03555	04095	02145	02158	
01855	02754	01770	02838	01823	03547	04095	02119	02120	
01841	02744	01748	02823	01814	03539	04095	02102	02093	
01830	02734	01729	02809	01805	03531	04095	02084	02069	
01828	02735	01724	02809	01804	03533	04095	02080	02057	
01824	02731	01716	02802	01801	03529	04095	02073	02048	
01819	02724	01709	02800	01796	03525	04095	02070	02042	
01817	02721	01705	02803	01794	03522	04095	02068	02041	
01812	02715	01699	02799	01790	03517	04095	02065	02038	
01805	02708	01691	02788	01783	03508	04095	02057	02030	
01803	02706	01688	02783	01782	03506	04095	02051	02022	
01801	02705	01684	02778	01781	03503	04095	02046	02013	
01796	02700	01679	02770	01777	03498	04095	02040	02005	
01796	02700	01678	02770	01778	03498	04095	02039	02002	
01798	02700	01679	02776	01779	03501	04095	02043	02005	
01795	02696	01677	02774	01777	03498	04095	02044	02006	
01793	02693	01675	02774	01776	03496	04095	02043	02008	
01797	02696	01677	02778	01779	03500	04095	02046	02011	
01796	02695	01675	02773	01778	03500	04095	02044	02007	
01794	02694	01673	02766	01777	03497	04095	02040	02000	
01798	02698	01675	02769	01781	03501	04095	02041	02001	
01800	02702	01678	02773	01784	03506	04095	02045	02003	
01800	02703	01680	02776	01786	03507	04095	02048	02005	
01807	02710	01688	02791	01795	03518	04095	02059	02018	
01818	02723	01699	02808	01807	03533	04095	02074	02032	
01823	02729	01706	02814	01812	03541	04095	02082	02040	
01833	02740	01715	02823	01823	03553	04095	02091	02048	
01846	02756	01727	02836	01836	03571	04095	02102	02060	
01852	02766	01733	02840	01843	03577	04095	02108	02063	
01856	02770	01737	02842	01847	03580	04095	02110	02066	
01867	02782	01747	02859	01858	03594	04095	02122	02078	
01871	02787	01752	02867	01863	03599	04095	02128	02087	
01870	02784	01750	02866	01861	03595	04095	02128	02088	
01871	02784	01752	02867	01862	03598	04095	02128	02090	
01872	02787	01753	02868	01863	03601	04095	02128	02090	
01865	02779	01747	02856	01856	03591	04095	02120	02080	
01863	02777	01744	02850	01854	03588	04095	02116	02076	
01873	02788	01752	02864	01864	03602	04095	02125	02085	
01878	02795	01758	02874	01871	03609	04095	02133	02094	
01883	02800	01764	02882	01876	03614	04095	02142	02102	
01891	02809	01772	02895	01876	03647	04095	02153	02114	
01897	02816	01778	02903	01883	03655	04095	02161	02121	
01887	02805	01769	02886	01872	03640	04095	02150	02110	
01880	02795	01761	02872	01863	03630	04095	02139	02097	
01874	02788	01754	02861	01855	03622	04095	02129	02087	
01863	02777	01744	02847	01853	03588	04095	02117	02076	
01856	02769	01737	02841	01846	03578	04095	02111	02069	
01857	02769	01738	02848	01848	03581	04095	02113	02072	
01856	02769	01737	02849	01847	03580	04095	02115	02074	
01854	02767	01735	02846	01846	03578	04095	02113	02074	
01857	02770	01737	02849	01850	03582	04095	02115	02075	
01858	02771	01737	02846	01850	03583	04095	02114	02072	
01857	02769	01736	02841	01849	03581	04095	02111	02067	
01859	02771	01738	02844	01852	03582	04095	02113	02069	
01861	02773	01739	02849	01855	03586	04095	02116	02072	
01859	02770	01738	02848	01852	03582	04095	02117	02073	
01857	02769	01739	02849	01852	03582	04095	02118	02076	
01861	02771	01741	02854	01853	03586	04095	02121	02080	
01859	02772	01741	02849	01852	03586	04095	02120	02076	
01860	02773	01741	02845	01851	03584	04095	02118	02072	
01865	02777	01744	02849	01856	03589	04095	02120	02073	
01867	02778	01744	02852	01857	03590	04095	02121	02073	
01864	02776	01743	02850	01856	03587	04095	02121	02074	
01867	02776	01744	02856	01857	03589	04095	02124	02079	
01867	02775	01744	02860	01857	03590	04095	02125	02082	
01862	02771	01740	02853	01852	03585	04095	02121	02078	
01862	02772	01740	02850	01852	03586	04095	02118	02076	
01864	02773	01742	02851	01854	03588	04095	02118	02074	
01861	02771	01739	02844	01851	03586	04095	02113	02068	
01859	02769	01737	02840	01851	03585	04095	02112	02066	
01861	02772	01740	02847	01854	03588	04095	02115	02071	
01861	02771	01739	02848	01853	03586	04095	02117	02072	
01856	02766	01736	02844	01848	03580	04095	02114	02070	
01857	02766	01736	02846	01850	03580	04095	02116	02072	
01855	02762	01733	02841	01846	03576	04095	02112	02066	
01847	02753	01725	02826	01838	03565	04095	02102	02054	
01841	02747	01720	02818	01832	03558	04095	02096	02046	
01840	02745	01718	02817	01830	03557	04095	02093	02043	
01833	02738	01712	02811	01823	03549	04095	02089	02039	
01829	02735	01709	02809	01820	03544	04095	02086	02037	
01833	02738	01711	02816	01823	03549	04095	02090	02043	
01832	02739	01711	02815	01823	03549	04095	02089	02043	
01828	02734	01706	02807	01819	03544	04095	02084	02039	
01829	02735	01707	02805	01819	03545	04095	02082	02035	
01830	02735	01707	02805	01819	03546	04095	02082	02034	
01825	02730	01703	02799	01814	03540	04095	02079	02028	
01823	02725	01700	02797	01812	03537	04095	02078	02027	
01823	02723	01699	02800	01810	03535	04095	02077	02028	
01936	02869	01799	02981	01972	03645	04095	02202	02147	
02232	03141	02097	03239	02410	03755	04095	02514	02427	
02591	03416	02462	03499	02859	03868	04095	02885	02770	
02966	03692	02850	03759	03319	03981	04095	03275	03135	
03346	03968	03252	04018	03780	04095	04095	03673	03515	
03627	04095	03568	04095	04075	04095	04095	03951	03792	
03727	04095	03701	04095	04095	04095	04095	04041	03915	
03764	04095	03770	04095	04095	04095	04095	04073	03979	
03793	04095	03819	04095	04095	04095	04095	04088	04027	
03825	04095	03862	04095	04095	04095	04095	04095	04061	
03831	04095	03886	04095	04095	04095	04095	04095	04079	
03835	04095	03902	04095	04095	04095	04095	04095	04088	
03857	04095	03926	04095	04095	04095	04095	04095	04094	
03863	04095	03941	04095	04095	04095	04095	04095	04095	
03857	04095	03946	04095	04095	04095	04095	04095	04095	
03871	04095	03960	04095	04095	04095	04095	04095	04095	
03882	04095	03973	04095	04095	04095	04095	04095	04095	
03872	04095	03974	04095	04095	04095	04095	04095	04095	
03877	04095	03981	04095	04095	04095	04095	04095	04095	
03889	04095	03991	04095	04095	04095	04095	04095	04095	
03878	04095	03989	04095	04095	04095	04095	04095	04095	
03871	04095	03987	04095	04095	04095	04095	04095	04095	
03882	04095	03994	04095	04095	04095	04095	04095	04095	
03879	04095	03994	04095	04095	04095	04095	04095	04095	
03869	04095	03990	04095	04095	04095	04095	04095	04095	
03880	04095	03997	04095	04095	04095	04095	04095	04095	
03887	04095	04004	04095	04095	04095	04095	04095	04095	
03876	04095	03999	04095	04095	04095	04095	04095	04095	
03879	04095	04002	04095	04095	04095	04095	04095	04095	
03892	04095	04010	04095	04095	04095	04095	04095	04095	
03883	04095	04007	04095	04095	04095	04095	04095	04095	
03879	04095	04006	04095	04095	04095	04095	04095	04095	
03893	04095	04017	04095	04095	04095	04095	04095	04095	
03891	04095	04024	04095	04095	04095	04095	04095	04095	
03883	04095	04027	04095	04095	04095	04095	04095	04095	
03897	04095	04045	04095	04095	04095	04095	04095	04095	
03907	04095	04059	04095	04095	04095	04095	04095	04095	
03901	04095	04065	04095	04095	04095	04095	04095	04095	
03912	04095	04078	04095	04095	04095	04095	04095	04095	
03927	04095	04091	04095	04095	04095	04095	04095	04095	
03920	04095	04094	04095	04095	04095	04095	04095	04095	
03918	04095	04094	04095	04095	04095	04095	04095	04095	
03930	04095	04094	04095	04095	04095	04095	04095	04095	
03927	04095	04094	04095	04095	04095	04095	04095	04095	
03917	04095	04094	04095	04095	04095	04095	04095	04095	
03929	04095	04095	04095	04095	04095	04095	04095	04095	
03933	04095	04095	04095	04095	04095	04095	04095	04095	
03921	04095	04095	04095	04095	04095	04095	04095	04095	
03927	04095	04095	04095	04095	04095	04095	04095	04095	
03655	03982	03812	03987	03834	04086	04095	03780	03882	
03272	03778	03402	03785	03467	03990	04095	03366	03561	
02880	03563	02967	03575	03088	03892	04095	02936	03215	
02487	03344	02521	03362	02703	03813	04095	02490	02856	
02075	03114	02063	03139	02309	03709	04095	02027	02486	
01937	02988	01876	03016	02169	03606	04095	01867	02317	
01899	02954	01815	02987	02134	03590	04095	01803	02254	
01872	02927	01777	02963	02108	03575	04095	01754	02211	
01849	02902	01746	02939	02099	03532	04095	01724	02176	
01838	02891	01727	02928	02089	03514	04095	01720	02154	
01832	02889	01718	02924	02084	03499	04095	01728	02142	
01823	02883	01711	02915	02077	03486	04095	01734	02130	
01820	02881	01705	02912	02075	03481	04095	01733	02123	
01821	02881	01702	02914	02075	03485	04095	01726	02121	
01816	02875	01697	02908	02069	03489	04095	01709	02116	
01814	02869	01693	02904	02066	03495	04095	01692	02111	
01816	02871	01693	02907	02069	03500	04095	01686	02111	
01814	02869	01691	02905	02068	03494	04095	01693	02108	
01810	02868	01688	02901	02065	03483	04095	01707	02104	
01811	02870	01691	02904	02068	03479	04095	01722	02105	
01813	02873	01691	02906	02072	03479	04095	01729	02106	
01811	02870	01689	02903	02069	03479	04095	01723	02103	
01814	02870	01689	02905	02070	03488	04095	01712	02104	
01818	02871	01690	02909	02074	03499	04095	01698	02107	
01817	02869	01687	02905	02070	03500	04095	01687	02103	
01814	02867	01687	02903	02069	03495	04095	01690	02100	
01816	02871	01687	02907	02071	03489	04095	01703	02101	
01814	02871	01687	02905	02069	03480	04095	01716	02099	
01811	02869	01685	02901	02066	03474	04095	01720	02096	
01813	02871	01687	02904	02069	03478	04095	01720	02099	
01814	02871	01685	02905	02069	03484	04095	01708	02098	
01810	02865	01681	02899	02065	03489	04095	01693	02095	
01811	02865	01681	02900	02066	03495	04095	01684	02095	
01812	02867	01681	02902	02067	03494	04095	01687	02096	
01807	02865	01680	02898	02063	03484	04095	01698	02092	
01807	02864	01679	02897	02062	03476	04095	01712	02091	
01809	02867	01683	02902	02067	03475	04095	01722	02095	
01806	02864	01680	02899	02063	03474	04095	01719	02093	
01803	02861	01678	02894	02059	03476	04095	01709	02090	
01806	02862	01679	02898	02062	03487	04095	01697	02092	
01812	02869	01686	02906	02069	03503	04095	01691	02098	
01818	02878	01692	02914	02077	03512	04095	01701	02105	
01831	02894	01706	02931	02093	03522	04095	01723	02119	
01843	02908	01718	02947	02106	03532	04095	01749	02133	
01851	02916	01727	02955	02114	03537	04095	01767	02141	
01854	02920	01731	02958	02118	03539	04095	01773	02145	
01859	02924	01735	02962	02122	03549	04095	01767	02149	
01858	02923	01734	02959	02120	03554	04095	01755	02148	
01857	02921	01733	02957	02119	03558	04095	01743	02147	
01861	02925	01737	02962	02125	03563	04095	01744	02152	
01863	02926	01738	02963	02127	03559	04095	01755	02154	
01861	02924	01737	02961	02124	03550	04095	01769	02153	
01864	02928	01740	02966	02129	03549	04095	01781	02157	
01867	02931	01743	02971	02123	03552	04095	01786	02184	
01865	02930	01741	02967	02120	03553	04095	01778	02182	
01867	02932	01742	02968	02122	03562	04095	01766	02184	
01871	02934	01744	02972	02126	03572	04095	01755	02187	
01870	02932	01742	02968	02123	03571	04095	01750	02185	
01868	02931	01741	02966	02131	03566	04095	01755	02159	
01871	02935	01743	02971	02134	03563	04095	01770	02161	
01870	02934	01743	02971	02133	03557	04095	01780	02160	
01997	03089	01861	03162	02311	03659	04095	01931	02289	
02024	03114	01890	03187	02340	03684	04095	01952	02320	
02311	03348	02180	03413	02726	03795	04095	02277	02581	
02646	03578	02529	03635	03119	03904	04095	02670	02896	
03015	03811	02917	03860	03515	04012	04095	03106	03244	
03271	03888	03211	03893	03728	04012	04095	03421	03482	
03626	04095	03607	04095	04095	04095	04095	03866	03826	
03731	04095	03754	04095	04095	04095	04095	04002	03948	
03796	04095	03846	04095	04095	04095	04095	04066	04020	
03822	04095	03899	04095	04095	04095	04095	04091	04059	
03828	04095	03929	04095	04095	04095	04095	04095	04079	
03848	04095	03960	04095	04095	04095	04095	04095	04090	
03861	04095	03985	04095	04095	04095	04095	04095	04095	
03853	04095	03994	04095	04095	04095	04095	04095	04095	
03861	04095	04008	04095	04095	04095	04095	04095	04095	
03877	04095	04026	04095	04095	04095	04095	04095	04095	
03873	04095	04030	04095	04095	04095	04095	04095	04095	
03873	04095	04034	04095	04095	04095	04095	04095	04095	
03890	04095	04049	04095	04095	04095	04095	04095	04095	
03890	04095	04055	04095	04095	04095	04095	04095	04095	
03883	04095	04056	04095	04095	04095	04095	04095	04095	
03895	04095	04065	04095	04095	04095	04095	04095	04095	
03901	04095	04071	04095	04095	04095	04095	04095	04095	
03890	04095	04067	04095	04095	04095	04095	04095	04095	
03896	04095	04071	04095	04095	04095	04095	04095	04095	
03906	04095	04080	04095	04095	04095	04095	04095	04095	
03899	04095	04080	04095	04095	04095	04095	04095	04095	
03900	04095	04080	04095	04095	04095	04095	04095	04095	
03915	04095	04090	04095	04095	04095	04095	04095	04095	
03913	04095	04093	04095	04095	04095	04095	04095	04095	
03907	04095	04091	04095	04095	04095	04095	04095	04095	
03919	04095	04091	04095	04095	04095	04095	04095	04095	
03921	04095	04091	04095	04095	04095	04095	04095	04095	
03910	04095	04091	04095	04095	04095	04095	04095	04095	
03917	04095	04091	04095	04095	04095	04095	04095	04095	
03929	04095	04094	04095	04095	04095	04095	04095	04095	
03922	04095	04094	04095	04095	04095	04095	04095	04095	
03926	04095	04094	04095	04095	04095	04095	04095	04095	
03943	04095	04095	04095	04095	04095	04095	04095	04095	
03941	04095	04095	04095	04095	04095	04095	04095	04095	
03937	04095	04095	04095	04095	04095	04095	04095	04095	
03950	04095	04095	04095	04095	04095	04095	04095	04095	
03950	04095	04095	04095	04095	04095	04095	04095	04095	
03936	04095	04095	04095	04095	04095	04095	04095	04095	
03941	04095	04095	04095	04095	04095	04095	04095	04095	
03945	04095	04095	04095	04095	04095	04095	04095	04095	
03932	04095	04095	04095	04095	04095	04095	04095	04095	
03931	04095	04095	04095	04095	04095	04095	04095	04095	
03943	04095	04095	04095	04095	04095	04095	04095	04095	
03935	04095	04095	04095	04095	04095	04095	04095	04095	
03930	04095	04095	04095	04095	04095	04095	04095	04095	
03942	04095	04095	04095	04095	04095	04095	04095	04095	
03941	04095	04095	04095	04095	04095	04095	04095	04095	
03931	04095	04095	04095	04095	04095	04095	04095	04095	
03940	04095	04095	04095	04095	04095	04095	04095	04095	
03945	04095	04095	04095	04095	04095	04095	04095	04095	
03934	04095	04095	04095	04095	04095	04095	04095	04095	
03936	04095	04095	04095	04095	04095	04095	04095	04095	
03946	04095	04095	04095	04095	04095	04095	04095	04095	
03939	04095	04095	04095	04095	04095	04095	04095	04095	
03937	04095	04095	04095	04095	04095	04095	04095	04095	
03951	04095	04095	04095	04095	04095	04095	04095	04095	
03950	04095	04095	04095	04095	04095	04095	04095	04095	
03943	04095	04095	04095	04095	04095	04095	04095	04095	
03953	04095	04095	04095	04095	04095	04095	04095	04095	
03958	04095	04095	04095	04095	04095	04095	04095	04095	
03947	04095	04095	04095	04095	04095	04095	04095	04095	
03951	04095	04095	04095	04095	04095	04095	04095	04095	
03962	04095	04095	04095	04095	04095	04095	04095	04095	
03951	04095	04095	04095	04095	04095	04095	04095	04095	
03949	04095	04095	04095	04095	04095	04095	04095	04095	
03961	04095	04095	04095	04095	04095	04095	04095	04095	
03956	04095	04095	04095	04095	04095	04095	04095	04095	
03947	04095	04095	04095	04095	04095	04095	04095	04095	
03959	04095	04095	04095	04095	04095	04095	04095	04095	
03961	04095	04095	04095	04095	04095	04095	04095	04095	
03924	04095	04095	04095	04095	04095	04095	04095	04095	
03574	03945	03682	03945	03827	04018	04095	03629	03809	
03185	03760	03216	03755	03500	03905	04095	03124	03472	
02774	03567	02735	03555	03161	03786	04095	02609	03116	
02350	03351	02233	03335	02799	03643	04095	02077	02736	
01958	03132	01726	03118	02439	03502	04095	01544	02351	
01883	03056	01627	03049	02355	03433	04095	01473	02245	
01851	03016	01583	03026	02320	03404	04095	01444	02192	
01832	02991	01553	03014	02300	03387	04095	01426	02159	
01842	03006	01556	03036	02317	03411	04095	01436	02163	
01848	03019	01559	03045	02325	03425	04095	01442	02165	
01859	03043	01565	03058	02343	03443	04095	01452	02174	
01865	03061	01567	03063	02352	03453	04095	01457	02178	
01869	03070	01571	03068	02357	03462	04095	01463	02180	
01865	03060	01567	03063	02351	03454	04095	01458	02173	
01863	03053	01567	03068	02351	03455	04095	01457	02172	
01863	03047	01569	03069	02334	03456	04095	01458	02193	
01870	03053	01576	03078	02342	03468	04095	01464	02199	
01881	03071	01584	03089	02356	03481	04095	01472	02210	
01889	03088	01590	03094	02365	03492	04095	01480	02217	
01895	03103	01595	03096	02372	03499	04095	01487	02222	
01905	03117	01602	03109	02398	03511	04095	01495	02208	
01907	03115	01603	03114	02400	03513	04095	01497	02209	
01901	03101	01600	03109	02392	03505	04095	01492	02203	
01897	03088	01595	03106	02386	03498	04095	01486	02197	
01896	03087	01593	03105	02385	03497	04095	01481	02194	
01888	03081	01585	03090	02374	03487	04095	01475	02187	
01886	03089	01583	03084	02373	03487	04095	01474	02185	
01890	03099	01583	03085	02378	03491	04095	01476	02188	
01890	03104	01584	03085	02379	03493	04095	01479	02189	
01890	03099	01586	03087	02378	03494	04095	01481	02189	
01894	03096	01589	03095	02382	03496	04095	01481	02191	
01892	03086	01587	03095	02378	03492	04095	01478	02187	
01883	03076	01582	03084	02368	03483	04095	01473	02179	
01879	03076	01577	03078	02366	03479	04095	01470	02176	
01871	03073	01566	03062	02356	03465	04095	01460	02166	
01856	03062	01552	03039	02335	03445	04095	01449	02149	
01847	03055	01545	03029	02326	03435	04095	01444	02140	
01843	03045	01539	03026	02320	03428	04095	01438	02134	
01832	03024	01529	03015	02305	03412	04095	01426	02120	
01824	03009	01523	03009	02295	03402	04095	01420	02110	
01824	03008	01523	03010	02296	03404	04095	01419	02110	
01819	03006	01516	03000	02289	03396	04095	01413	02103	
01812	03005	01510	02986	02282	03389	04095	01409	02095	
01812	03011	01507	02982	02282	03388	04095	01408	02095	
01815	03016	01509	02987	02286	03393	04095	01411	02099	
01810	03008	01507	02983	02279	03387	04095	01408	02094	
01808	02998	01505	02984	02276	03384	04095	01405	02091	
01808	02993	01506	02988	02275	03382	04095	01403	02090	
01803	02987	01504	02985	02271	03378	04095	01400	02086	
01800	02986	01500	02975	02266	03374	04095	01396	02081	
01803	02996	01500	02976	02270	03378	04095	01398	02084	
01804	03003	01500	02975	02271	03379	04095	01400	02085	
01806	03006	01501	02974	02271	03381	04095	01403	02088	
01811	03007	01505	02983	02277	03386	04095	01407	02092	
01959	03174	01654	03200	02477	03528	04095	01577	02244	
02260	03388	01980	03424	02829	03669	04095	01955	02523	
02624	03605	02384	03647	03196	03813	04095	02425	02864	
03019	03824	02828	03867	03562	03954	04095	02937	03239	
03416	04045	03294	04085	03926	04095	04095	03465	03627	
03673	04095	03634	04095	04095	04095	04095	03833	03877	
03793	04095	03812	04095	04095	04095	04095	03993	03998	
03847	04095	03914	04095	04095	04095	04095	04062	04058	
03867	04095	03976	04095	04095	04095	04095	04086	04083	
03895	04095	04027	04095	04095	04095	04095	04095	04095	
03918	04095	04056	04095	04095	04095	04095	04095	04095	
03917	04095	04069	04095	04095	04095	04095	04095	04095	
03923	04095	04083	04095	04095	04095	04095	04095	04095	
03938	04095	04093	04095	04095	04095	04095	04095	04095	
03934	04095	04095	04095	04095	04095	04095	04095	04095	
03930	04095	04095	04095	04095	04095	04095	04095	04095	
03944	04095	04095	04095	04095	04095	04095	04095	04095	
03946	04095	04095	04095	04095	04095	04095	04095	04095	
03939	04095	04095	04095	04095	04095	04095	04095	04095	
03949	04095	04095	04095	04095	04095	04095	04095	04095	
03958	04095	04095	04095	04095	04095	04095	04095	04095	
03948	04095	04095	04095	04095	04095	04095	04095	04095	
03952	04095	04095	04095	04095	04095	04095	04095	04095	
03965	04095	04095	04095	04095	04095	04095	04095	04095	
03958	04095	04095	04095	04095	04095	04095	04095	04095	
03954	04095	04095	04095	04095	04095	04095	04095	04095	
03968	04095	04095	04095	04095	04095	04095	04095	04095	
03968	04095	04095	04095	04095	04095	04095	04095	04095	
03961	04095	04095	04095	04095	04095	04095	04095	04095	
03976	04095	04095	04095	04095	04095	04095	04095	04095	
03986	04095	04095	04095	04095	04095	04095	04095	04095	
03981	04095	04095	04095	04095	04095	04095	04095	04095	
03989	04095	04095	04095	04095	04095	04095	04095	04095	
04003	04095	04095	04095	04095	04095	04095	04095	04095	
03996	04095	04095	04095	04095	04095	04095	04095	04095	
03993	04095	04095	04095	04095	04095	04095	04095	04095	
04006	04095	04095	04095	04095	04095	04095	04095	04095	
04002	04095	04095	04095	04095	04095	04095	04095	04095	
03993	04095	04095	04095	04095	04095	04095	04095	04095	
04003	04095	04095	04095	04095	04095	04095	04095	04095	
04007	04095	04095	04095	04095	04095	04095	04095	04095	
03997	04095	04095	04095	04095	04095	04095	04095	04095	
04003	04095	04095	04095	04095	04095	04095	04095	04095	
04013	04095	04095	04095	04095	04095	04095	04095	04095	
04003	04095	04095	04095	04095	04095	04095	04095	04095	
03999	04095	04095	04095	04095	04095	04095	04095	04095	
04009	04095	04095	04095	04095	04095	04095	04095	04095	
04001	04095	04095	04095	04095	04095	04095	04095	04095	
03713	04031	03702	04025	03940	04061	04095	03712	03826	
03389	03927	03241	03906	03736	03975	04095	03274	03497	
02981	03748	02686	03706	03444	03814	04095	02758	03067	
02556	03566	02124	03505	03163	03657	04095	02238	02625	
02147	03394	01567	03313	02877	03513	04095	01723	02189	
02002	03270	01388	03173	02730	03384	04095	01577	02006	
01897	03181	01271	03073	02624	03302	04095	01483	01875	
01877	03166	01246	03057	02608	03294	04095	01468	01841	
01861	03153	01226	03042	02592	03278	04095	01452	01814	
01836	03125	01202	03018	02562	03247	04095	01430	01778	
01823	03111	01190	03012	02548	03236	04095	01422	01757	
01820	03108	01184	03014	02546	03232	04095	01417	01746	
01815	03103	01178	03009	02540	03226	04095	01411	01737	
01811	03097	01174	03000	02519	03222	04095	01409	01758	
01813	03099	01173	02997	02524	03226	04095	01409	01761	
01814	03101	01173	02994	02527	03228	04095	01408	01764	
01812	03099	01174	02990	02522	03227	04095	01408	01764	
01813	03100	01175	02995	02524	03230	04095	01411	01765	
01815	03104	01175	03005	02543	03233	04095	01411	01737	
01813	03103	01175	03005	02539	03229	04095	01409	01730	
01812	03101	01174	03005	02536	03227	04095	01410	01726	
01813	03102	01173	03005	02538	03229	04095	01409	01727	
01811	03102	01171	02996	02536	03227	04095	01407	01726	
01808	03097	01169	02986	02531	03223	04095	01406	01725	
01809	03097	01167	02986	02534	03224	04095	01406	01725	
01808	03096	01166	02987	02534	03221	04095	01403	01722	
01805	03091	01165	02987	02527	03217	04095	01402	01716	
01804	03090	01164	02992	02526	03216	04095	01401	01714	
01805	03093	01164	02995	02529	03218	04095	01402	01714	
01801	03089	01164	02989	02526	03215	04095	01401	01714	
01799	03088	01164	02982	02524	03216	04095	01401	01717	
01802	03091	01164	02982	02529	03219	04095	01401	01722	
01801	03091	01165	02979	02528	03218	04095	01400	01722	
01802	03092	01169	02984	02529	03222	04095	01405	01724	
01806	03097	01171	02993	02534	03226	04095	01407	01724	
01807	03097	01170	02998	02534	03225	04095	01407	01721	
01803	03092	01168	02994	02527	03221	04095	01406	01715	
01804	03091	01165	02991	02528	03219	04095	01404	01714	
01799	03085	01159	02981	02523	03212	04095	01397	01709	
01792	03078	01154	02968	02513	03204	04095	01391	01705	
01791	03076	01152	02964	02512	03201	04095	01389	01704	
01792	03080	01153	02968	02516	03205	04095	01390	01705	
01790	03079	01154	02972	02514	03205	04095	01391	01704	
01790	03078	01155	02975	02512	03205	04095	01391	01702	
01795	03083	01157	02981	02519	03210	04095	01395	01704	
01794	03083	01156	02979	02517	03209	04095	01394	01704	
01790	03076	01154	02970	02511	03204	04095	01391	01703	
01792	03079	01155	02968	02513	03206	04095	01391	01706	
01793	03080	01155	02967	02514	03206	04095	01391	01708	
01789	03076	01155	02965	02510	03204	04095	01388	01706	
01791	03078	01157	02970	02513	03205	04095	01390	01705	
01795	03083	01160	02980	02519	03210	04095	01393	01706	
01793	03081	01160	02979	02516	03208	04095	01391	01704	
01793	03080	01161	02977	02514	03209	04095	01393	01706	
01795	03083	01160	02978	02519	03211	04095	01394	01709	
01794	03083	01160	02974	02519	03211	04095	01396	01712	
01792	03082	01160	02968	02515	03210	04095	01396	01712	
01794	03083	01160	02973	02519	03212	04095	01398	01713	
01796	03084	01160	02979	02520	03212	04095	01398	01712	
01793	03081	01159	02977	02514	03209	04095	01396	01707	
01795	03081	01159	02980	02515	03210	04095	01396	01706	
02051	03284	01417	03205	02816	03386	04095	01693	01959	
02370	03486	01795	03425	03132	03561	04095	02091	02296	
02740	03688	02261	03646	03437	03739	04095	02565	02697	
03139	03892	02769	03872	03758	03918	04095	03078	03138	
03540	04095	03300	04095	04076	04095	04095	03603	03595	
03688	04095	03587	04095	04095	04095	04095	03842	03809	
03785	04095	03779	04095	04095	04095	04095	03982	03948	
03834	04095	03894	04095	04095	04095	04095	04048	04025	
03851	04095	03964	04095	04095	04095	04095	04076	04064	
03872	04095	04018	04095	04095	04095	04095	04090	04085	
03898	04095	04058	04095	04095	04095	04095	04095	04095	
03899	04095	04075	04095	04095	04095	04095	04095	04095	
03903	04095	04082	04095	04095	04095	04095	04095	04095	
03921	04095	04092	04095	04095	04095	04095	04095	04095	
03924	04095	04095	04095	04095	04095	04095	04095	04095	
03917	04095	04095	04095	04095	04095	04095	04095	04095	
03929	04095	04095	04095	04095	04095	04095	04095	04095	
03937	04095	04095	04095	04095	04095	04095	04095	04095	
03927	04095	04095	04095	04095	04095	04095	04095	04095	
03935	04095	04095	04095	04095	04095	04095	04095	04095	
03951	04095	04095	04095	04095	04095	04095	04095	04095	
03947	04095	04095	04095	04095	04095	04095	04095	04095	
03948	04095	04095	04095	04095	04095	04095	04095	04095	
03965	04095	04095	04095	04095	04095	04095	04095	04095	
03963	04095	04095	04095	04095	04095	04095	04095	04095	
03955	04095	04095	04095	04095	04095	04095	04095	04095	
03968	04095	04095	04095	04095	04095	04095	04095	04095	
03973	04095	04095	04095	04095	04095	04095	04095	04095	
03964	04095	04095	04095	04095	04095	04095	04095	04095	
03972	04095	04095	04095	04095	04095	04095	04095	04095	
03987	04095	04095	04095	04095	04095	04095	04095	04095	
03979	04095	04095	04095	04095	04095	04095	04095	04095	
03981	04095	04095	04095	04095	04095	04095	04095	04095	
03995	04095	04095	04095	04095	04095	04095	04095	04095	
03992	04095	04095	04095	04095	04095	04095	04095	04095	
03984	04095	04095	04095	04095	04095	04095	04095	04095	
03993	04095	04095	04095	04095	04095	04095	04095	04095	
03993	04095	04095	04095	04095	04095	04095	04095	04095	
03978	04095	04095	04095	04095	04095	04095	04095	04095	
03982	04095	04095	04095	04095	04095	04095	04095	04095	
03987	04095	04095	04095	04095	04095	04095	04095	04095	
03977	04095	04095	04095	04095	04095	04095	04095	04095	
03976	04095	04095	04095	04095	04095	04095	04095	04095	
03988	04095	04095	04095	04095	04095	04095	04095	04095	
03981	04095	04095	04095	04095	04095	04095	04095	04095	
03975	04095	04095	04095	04095	04095	04095	04095	04095	
03987	04095	04095	04095	04095	04095	04095	04095	04095	
03987	04095	04095	04095	04095	04095	04095	04095	04095	
03976	04095	04095	04095	04095	04095	04095	04095	04095	
03984	04095	04095	04095	04095	04095	04095	04095	04095	
03991	04095	04095	04095	04095	04095	04095	04095	04095	
03979	04095	04095	04095	04095	04095	04095	04095	04095	
03981	04095	04095	04095	04095	04095	04095	04095	04095	
03996	04095	04095	04095	04095	04095	04095	04095	04095	
03991	04095	04095	04095	04095	04095	04095	04095	04095	
03988	04095	04095	04095	04095	04095	04095	04095	04095	
04002	04095	04095	04095	04095	04095	04095	04095	04095	
04003	04095	04095	04095	04095	04095	04095	04095	04095	
03993	04095	04095	04095	04095	04095	04095	04095	04095	
04001	04095	04095	04095	04095	04095	04095	04095	04095	
04007	04095	04095	04095	04095	04095	04095	04095	04095	
03995	04095	04095	04095	04095	04095	04095	04095	04095	
03998	04095	04095	04095	04095	04095	04095	04095	04095	
04009	04095	04095	04095	04095	04095	04095	04095	04095	
04001	04095	04095	04095	04095	04095	04095	04095	04095	
03996	04095	04095	04095	04095	04095	04095	04095	04095	
04007	04095	04095	04095	04095	04095	04095	04095	04095	
04004	04095	04095	04095	04095	04095	04095	04095	04095	
03994	04095	04095	04095	04095	04095	04095	04095	04095	
04001	04095	04095	04095	04095	04095	04095	04095	04095	
04003	04095	04095	04095	04095	04095	04095	04095	04095	
03989	04095	04095	04095	04095	04095	04095	04095	04095	
03990	04095	04095	04095	04095	04095	04095	04095	04095	
03997	04095	04095	04095	04095	04095	04095	04095	04095	
03987	04095	04095	04095	04095	04095	04095	04095	04095	
03983	04095	04095	04095	04095	04095	04095	04095	04095	
03996	04095	04095	04095	04095	04095	04095	04095	04095	
03991	04095	04095	04095	04095	04095	04095	04095	04095	
03981	04095	04095	04095	04095	04095	04095	04095	04095	
03991	04095	04095	04095	04095	04095	04095	04095	04095	
03994	04095	04095	04095	04095	04095	04095	04095	04095	
03982	04095	04095	04095	04095	04095	04095	04095	04095	
03988	04095	04095	04095	04095	04095	04095	04095	04095	
03997	04095	04095	04095	04095	04095	04095	04095	04095	
03988	04095	04095	04095	04095	04095	04095	04095	04095	
03986	04095	04095	04095	04095	04095	04095	04095	04095	
03605	03960	03598	03927	03864	03961	04095	03627	03684	
03173	03794	03052	03727	03607	03802	04095	03121	03218	
02721	03610	02483	03508	03315	03627	04095	02600	02726	
02268	03413	01902	03274	03011	03435	04095	02066	02217	
01803	03208	01314	03032	02697	03237	04095	01526	01699	
01723	03136	01221	02957	02612	03172	04095	01452	01589	
01685	03097	01175	02915	02569	03132	04095	01416	01533	
01664	03073	01151	02891	02545	03107	04095	01395	01501	
01654	03063	01140	02882	02534	03102	04095	01388	01488	
01651	03061	01136	02880	02532	03101	04095	01385	01479	
01650	03062	01132	02881	02534	03102	04095	01385	01475	
01646	03059	01128	02877	02528	03098	04095	01384	01470	
01643	03057	01125	02873	02526	03096	04095	01382	01467	
01641	03055	01122	02872	02526	03094	04095	01380	01462	
01639	03051	01119	02868	02522	03092	04095	01378	01459	
01636	03047	01116	02862	02517	03089	04095	01376	01456	
01636	03047	01115	02861	02505	03110	04095	01375	01454	
01635	03046	01114	02861	02503	03108	04095	01372	01452	
01630	03042	01112	02856	02496	03104	04095	01370	01449	
01631	03043	01111	02857	02497	03105	04095	01371	01451	
01632	03046	01112	02861	02501	03108	04095	01372	01451	
01642	03057	01121	02875	02529	03105	04095	01382	01462	
01651	03069	01130	02886	02541	03119	04095	01392	01473	
01654	03072	01131	02889	02547	03122	04095	01393	01476	
01652	03069	01131	02886	02544	03119	04095	01391	01473	
01647	03063	01128	02879	02537	03113	04095	01388	01469	
01635	03050	01117	02862	02521	03093	04095	01375	01456	
01625	03039	01107	02849	02509	03078	04095	01365	01444	
01620	03033	01104	02843	02501	03071	04095	01362	01439	
01620	03033	01102	02841	02500	03071	04095	01361	01438	
01621	03034	01102	02843	02503	03073	04095	01360	01438	
01618	03030	01101	02838	02498	03070	04095	01358	01435	
01616	03026	01101	02835	02497	03069	04095	01357	01434	
01620	03031	01102	02840	02502	03074	04095	01360	01438	
01620	03031	01101	02840	02501	03072	04095	01360	01437	
01619	03030	01101	02839	02498	03071	04095	01361	01437	
01622	03034	01103	02845	02504	03074	04095	01364	01440	
01623	03037	01103	02846	02505	03075	04095	01364	01440	
01621	03031	01101	02842	02501	03072	04095	01363	01437	
01622	03031	01102	02843	02503	03074	04095	01364	01438	
01623	03032	01102	02843	02506	03075	04095	01364	01438	
01621	03029	01101	02841	02501	03072	04095	01363	01437	
01620	03029	01102	02841	02500	03072	04095	01363	01438	
01622	03035	01103	02845	02504	03075	04095	01363	01439	
01622	03036	01103	02843	02502	03073	04095	01362	01438	
01635	03051	01116	02863	02518	03094	04095	01376	01452	
01959	03264	01453	03114	02828	03300	04095	01749	01779	
02350	03476	01900	03364	03149	03505	04095	02210	02198	
02763	03686	02398	03613	03469	03708	04095	02704	02662	
03201	03898	02933	03864	03791	03913	04095	03227	03160	
03631	04095	03482	04095	04095	04095	04095	03752	03663	
03753	04095	03717	04095	04095	04095	04095	03922	03863	
03813	04095	03848	04095	04095	04095	04095	04008	03973	
03860	04095	03940	04095	04095	04095	04095	04060	04039	
03877	04095	03999	04095	04095	04095	04095	04084	04074	
03887	04095	04035	04095	04095	04095	04095	04091	04089	
03911	04095	04061	04095	04095	04095	04095	04095	04095	
03923	04095	04082	04095	04095	04095	04095	04095	04095	
03920	04095	04090	04095	04095	04095	04095	04095	04095	
03931	04095	04095	04095	04095	04095	04095	04095	04095	
03945	04095	04095	04095	04095	04095	04095	04095	04095	
03940	04095	04095	04095	04095	04095	04095	04095	04095	
03943	04095	04095	04095	04095	04095	04095	04095	04095	
03959	04095	04095	04095	04095	04095	04095	04095	04095	
03957	04095	04095	04095	04095	04095	04095	04095	04095	
03951	04095	04095	04095	04095	04095	04095	04095	04095	
03965	04095	04095	04095	04095	04095	04095	04095	04095	
03970	04095	04095	04095	04095	04095	04095	04095	04095	
03962	04095	04095	04095	04095	04095	04095	04095	04095	
03973	04095	04095	04095	04095	04095	04095	04095	04095	
03985	04095	04095	04095	04095	04095	04095	04095	04095	
03977	04095	04095	04095	04095	04095	04095	04095	04095	
03979	04095	04095	04095	04095	04095	04095	04095	04095	
03991	04095	04095	04095	04095	04095	04095	04095	04095	
03986	04095	04095	04095	04095	04095	04095	04095	04095	
03979	04095	04095	04095	04095	04095	04095	04095	04095	
03991	04095	04095	04095	04095	04095	04095	04095	04095	
03993	04095	04095	04095	04095	04095	04095	04095	04095	
03985	04095	04095	04095	04095	04095	04095	04095	04095	
03994	04095	04095	04095	04095	04095	04095	04095	04095	
04005	04095	04095	04095	04095	04095	04095	04095	04095	
03995	04095	04095	04095	04095	04095	04095	04095	04095	
03999	04095	04095	04095	04095	04095	04095	04095	04095	
04010	04095	04095	04095	04095	04095	04095	04095	04095	
04002	04095	04095	04095	04095	04095	04095	04095	04095	
03995	04095	04095	04095	04095	04095	04095	04095	04095	
04006	04095	04095	04095	04095	04095	04095	04095	04095	
04004	04095	04095	04095	04095	04095	04095	04095	04095	
03993	04095	04095	04095	04095	04095	04095	04095	04095	
04001	04095	04095	04095	04095	04095	04095	04095	04095	
04007	04095	04095	04095	04095	04095	04095	04095	04095	
03713	04062	03809	04058	04043	04074	04095	03789	03845	
03259	03882	03291	03824	03814	03922	04095	03302	03398	
02799	03692	02750	03586	03565	03780	04095	02807	02929	
02312	03483	02190	03327	03291	03619	04095	02296	02437	
01826	03271	01625	03059	03014	03458	04095	01781	01939	
01611	03072	01328	02803	02786	03295	04095	01556	01672	
01562	03017	01260	02742	02713	03258	04095	01508	01597	
01520	02966	01212	02684	02655	03207	04095	01465	01540	
01494	02934	01183	02647	02624	03174	04095	01437	01504	
01469	02903	01156	02613	02590	03138	04095	01411	01472	
01458	02889	01144	02601	02571	03123	04095	01400	01456	
01450	02880	01136	02593	02562	03114	04095	01393	01446	
01447	02878	01131	02591	02560	03111	04095	01390	01441	
01444	02873	01127	02587	02554	03106	04095	01388	01435	
01444	02872	01125	02584	02553	03106	04095	01388	01433	
01446	02874	01125	02585	02557	03110	04095	01390	01433	
01446	02871	01124	02581	02555	03108	04095	01388	01431	
01445	02869	01123	02577	02552	03107	04095	01387	01430	
01448	02873	01124	02581	02556	03111	04095	01388	01432	
01449	02875	01126	02587	02559	03114	04095	01389	01433	
01448	02875	01126	02589	02556	03114	04095	01390	01434	
01450	02880	01128	02593	02562	03119	04095	01394	01437	
01453	02885	01130	02595	02567	03124	04095	01396	01438	
01451	02882	01130	02591	02564	03121	04095	01396	01437	
01452	02882	01130	02590	02565	03123	04095	01397	01438	
01455	02885	01130	02593	02556	03148	04095	01399	01440	
01454	02883	01130	02592	02552	03145	04095	01396	01438	
01452	02880	01130	02592	02549	03144	04095	01396	01437	
01453	02882	01130	02596	02552	03147	04095	01397	01439	
01451	02881	01129	02594	02550	03144	04095	01395	01436	
01449	02879	01128	02590	02561	03120	04095	01393	01435	
01453	02883	01131	02594	02567	03126	04095	01398	01438	
01453	02884	01130	02590	02567	03125	04095	01396	01437	
01449	02879	01127	02583	02560	03118	04095	01393	01434	
01448	02876	01126	02581	02557	03116	04095	01392	01432	
01447	02875	01125	02582	02556	03113	04095	01389	01429	
01440	02867	01119	02574	02546	03103	04095	01382	01423	
01439	02863	01117	02573	02542	03100	04095	01380	01421	
01438	02863	01117	02571	02544	03101	04095	01379	01420	
01437	02863	01116	02568	02543	03101	04095	01378	01419	
01434	02858	01115	02563	02539	03099	04095	01377	01419	
01434	02858	01115	02564	02542	03099	04095	01379	01420	
01440	02867	01121	02573	02551	03109	04095	01384	01425	
01446	02872	01125	02582	02556	03116	04095	01389	01432	
01453	02881	01132	02593	02566	03123	04095	01397	01440	
01656	03106	01322	02901	02817	03324	04095	01617	01640	
02032	03354	01707	03207	03129	03523	04095	02023	02011	
02455	03592	02162	03504	03434	03713	04095	02486	02447	
02914	03833	02665	03800	03741	03904	04095	02985	02926	
03379	04072	03197	04095	04046	04095	04095	03500	03429	
03656	04095	03562	04095	04095	04095	04095	03809	03753	
03772	04095	03742	04095	04095	04095	04095	03944	03916	
03840	04095	03857	04095	04095	04095	04095	04019	04009	
03867	04095	03928	04095	04095	04095	04095	04058	04058	
03892	04095	03981	04095	04095	04095	04095	04079	04083	
03923	04095	04023	04095	04095	04095	04095	04092	04095	
03931	04095	04053	04095	04095	04095	04095	04095	04095	
03935	04095	04074	04095	04095	04095	04095	04095	04095	
03955	04095	04091	04095	04095	04095	04095	04095	04095	
03961	04095	04094	04095	04095	04095	04095	04095	04095	
03953	04095	04094	04095	04095	04095	04095	04095	04095	
03963	04095	04095	04095	04095	04095	04095	04095	04095	
03971	04095	04095	04095	04095	04095	04095	04095	04095	
03961	04095	04095	04095	04095	04095	04095	04095	04095	
03964	04095	04095	04095	04095	04095	04095	04095	04095	
03977	04095	04095	04095	04095	04095	04095	04095	04095	
03973	04095	04095	04095	04095	04095	04095	04095	04095	
03969	04095	04095	04095	04095	04095	04095	04095	04095	
03984	04095	04095	04095	04095	04095	04095	04095	04095	
03985	04095	04095	04095	04095	04095	04095	04095	04095	
03976	04095	04095	04095	04095	04095	04095	04095	04095	
03985	04095	04095	04095	04095	04095	04095	04095	04095	
03993	04095	04095	04095	04095	04095	04095	04095	04095	
03981	04095	04095	04095	04095	04095	04095	04095	04095	
03983	04095	04095	04095	04095	04095	04095	04095	04095	
03998	04095	04095	04095	04095	04095	04095	04095	04095	
03993	04095	04095	04095	04095	04095	04095	04095	04095	
03991	04095	04095	04095	04095	04095	04095	04095	04095	
04006	04095	04095	04095	04095	04095	04095	04095	04095	
04009	04095	04095	04095	04095	04095	04095	04095	04095	
04001	04095	04095	04095	04095	04095	04095	04095	04095	
04011	04095	04095	04095	04095	04095	04095	04095	04095	
04017	04095	04095	04095	04095	04095	04095	04095	04095	
04007	04095	04095	04095	04095	04095	04095	04095	04095	
04010	04095	04095	04095	04095	04095	04095	04095	04095	
04021	04095	04095	04095	04095	04095	04095	04095	04095	
04013	04095	04095	04095	04095	04095	04095	04095	04095	
04009	04095	04095	04095	04095	04095	04095	04095	04095	
04022	04095	04095	04095	04095	04095	04095	04095	04095	
04020	04095	04095	04095	04095	04095	04095	04095	04095	
04010	04095	04095	04095	04095	04095	04095	04095	04095	
04021	04095	04095	04095	04095	04095	04095	04095	04095	
04025	04095	04095	04095	04095	04095	04095	04095	04095	
04009	04095	04095	04095	04095	04095	04095	04095	04095	
04010	04095	04095	04095	04095	04095	04095	04095	04095	
04018	04095	04095	04095	04095	04095	04095	04095	04095	
04005	04095	04095	04095	04095	04095	04095	04095	04095	
04001	04095	04095	04095	04095	04095	04095	04095	04095	
04014	04095	04095	04095	04095	04095	04095	04095	04095	
04011	04095	04095	04095	04095	04095	04095	04095	04095	
04001	04095	04095	04095	04095	04095	04095	04095	04095	
04012	04095	04095	04095	04095	04095	04095	04095	04095	
03992	04095	04090	04095	04095	04095	04095	04095	04095	
03542	03890	03587	03799	03869	03947	04095	03620	03671	
03071	03660	03044	03479	03615	03793	04095	03120	03202	
02597	03433	02493	03160	03374	03645	04095	02617	02723	
02085	03167	01911	02802	03076	03455	04095	02083	02208	
01594	02894	01327	02438	02770	03257	04095	01545	01685	
01530	02833	01246	02377	02699	03219	04095	01487	01588	
01496	02796	01206	02340	02656	03186	04095	01455	01537	
01461	02753	01167	02295	02607	03139	04095	01420	01490	
01455	02745	01157	02288	02600	03136	04095	01413	01478	
01453	02744	01153	02287	02597	03135	04095	01411	01471	
01444	02732	01143	02275	02584	03123	04095	01401	01459	
01438	02723	01133	02265	02574	03114	04095	01393	01448	
01434	02718	01128	02261	02569	03110	04095	01389	01442	
01430	02713	01124	02257	02562	03104	04095	01386	01435	
01428	02710	01121	02254	02560	03103	04095	01383	01432	
01428	02711	01121	02253	02562	03104	04095	01385	01432	
01425	02709	01120	02251	02559	03102	04095	01383	01428	
01424	02707	01118	02248	02556	03099	04095	01382	01426	
01424	02708	01118	02247	02558	03101	04095	01381	01425	
01423	02706	01118	02247	02557	03100	04095	01382	01424	
01421	02704	01116	02245	02552	03096	04095	01380	01422	
01421	02704	01115	02245	02553	03097	04095	01379	01421	
01420	02704	01115	02245	02540	03119	04095	01381	01422	
01425	02710	01119	02252	02544	03126	04095	01385	01426	
01426	02710	01119	02252	02545	03127	04095	01386	01426	
01428	02712	01120	02253	02549	03130	04095	01386	01427	
01428	02713	01121	02254	02549	03131	04095	01387	01429	
01431	02713	01123	02257	02564	03112	04095	01387	01429	
01431	02714	01123	02255	02566	03112	04095	01387	01428	
01435	02719	01125	02259	02571	03118	04095	01390	01431	
01435	02720	01126	02262	02572	03120	04095	01393	01433	
01436	02719	01126	02260	02572	03119	04095	01392	01432	
01430	02713	01121	02252	02566	03112	04095	01388	01427	
01420	02698	01111	02240	02552	03095	04095	01378	01418	
01412	02689	01104	02229	02541	03083	04095	01371	01411	
01406	02681	01099	02220	02534	03074	04095	01365	01404	
01400	02675	01093	02213	02525	03065	04095	01359	01398	
01400	02673	01092	02212	02521	03064	04095	01358	01397	
01401	02675	01094	02214	02524	03067	04095	01360	01399	
01403	02676	01095	02215	02525	03067	04095	01360	01399	
01402	02674	01095	02215	02523	03066	04095	01360	01399	
01403	02676	01097	02218	02526	03069	04095	01362	01401	
01406	02679	01099	02220	02530	03072	04095	01364	01402	
01692	02963	01367	02595	02846	03276	04095	01672	01682	
02097	03246	01777	02970	03162	03481	04095	02103	02084	
02553	03531	02253	03345	03479	03687	04095	02587	02546	
03020	03812	02765	03720	03794	03890	04095	03090	03040	
03500	04095	03299	04095	04095	04095	04095	03608	03553	
03712	04095	03579	04095	04095	04095	04095	03834	03806	
03804	04095	03726	04095	04095	04095	04095	03941	03943	
03846	04095	03812	04095	04095	04095	04095	03995	04019	
03885	04095	03878	04095	04095	04095	04095	04036	04064	
03917	04095	03930	04095	04095	04095	04095	04064	04089	
03923	04095	03961	04095	04095	04095	04095	04077	04095	
03936	04095	03989	04095	04095	04095	04095	04086	04095	
03957	04095	04020	04095	04095	04095	04095	04095	04095	
03959	04095	04033	04095	04095	04095	04095	04095	04095	
03955	04095	04041	04095	04095	04095	04095	04095	04095	
03969	04095	04057	04095	04095	04095	04095	04095	04095	
03971	04095	04066	04095	04095	04095	04095	04095	04095	
03961	04095	04068	04095	04095	04095	04095	04095	04095	
03970	04095	04074	04095	04095	04095	04095	04095	04095	
03980	04095	04079	04095	04095	04095	04095	04095	04095	
03972	04095	04081	04095	04095	04095	04095	04095	04095	
03974	04095	04085	04095	04095	04095	04095	04095	04095	
03987	04095	04092	04095	04095	04095	04095	04095	04095	
03982	04095	04092	04095	04095	04095	04095	04095	04095	
03979	04095	04092	04095	04095	04095	04095	04095	04095	
03992	04095	04095	04095	04095	04095	04095	04095	04095	
03995	04095	04095	04095	04095	04095	04095	04095	04095	
03985	04095	04095	04095	04095	04095	04095	04095	04095	
03994	04095	04095	04095	04095	04095	04095	04095	04095	
04001	04095	04095	04095	04095	04095	04095	04095	04095	
03991	04095	04094	04095	04095	04095	04095	04095	04095	
03995	04095	04093	04095	04095	04095	04095	04095	04095	
04010	04095	04093	04095	04095	04095	04095	04095	04095	
04005	04095	04093	04095	04095	04095	04095	04095	04095	
04002	04095	04093	04095	04095	04095	04095	04095	04095	
04017	04095	04093	04095	04095	04095	04095	04095	04095	
04017	04095	04090	04095	04095	04095	04095	04095	04095	
04007	04095	04082	04095	04095	04095	04095	04095	04095	
04017	04095	04082	04095	04095	04095	04095	04095	04095	
04024	04095	04082	04095	04095	04095	04095	04095	04095	
04013	04095	04076	04095	04095	04095	04095	04095	04095	
04017	04095	04076	04095	04095	04095	04095	04095	04095	
04028	04095	04084	04095	04095	04095	04095	04095	04095	
03997	04095	04059	04095	04095	04095	04095	04084	04095	
03535	03859	03535	03787	03879	03944	04095	03598	03649	
03058	03604	02988	03461	03623	03784	04095	03092	03170	
02567	03345	02429	03127	03356	03621	04095	02578	02677	
02052	03060	01845	02766	03060	03428	04095	02044	02160	
01568	02775	01283	02405	02763	03239	04095	01519	01639	
01508	02712	01214	02343	02685	03189	04095	01463	01554	
01468	02665	01169	02298	02629	03144	04095	01425	01499	
01436	02623	01134	02258	02585	03104	04095	01393	01458	
01424	02608	01120	02247	02569	03093	04095	01381	01439	
01412	02592	01107	02233	02553	03077	04095	01370	01424	
01408	02587	01101	02227	02547	03072	04095	01365	01416	
01408	02588	01099	02226	02547	03073	04095	01364	01414	
01406	02587	01097	02224	02545	03071	04095	01361	01409	
01402	02583	01094	02220	02540	03068	04095	01359	01405	
01403	02585	01094	02220	02542	03070	04095	01360	01404	
01402	02583	01094	02219	02542	03069	04095	01360	01402	
01399	02580	01092	02216	02538	03066	04095	01358	01400	
01399	02578	01091	02215	02537	03066	04095	01357	01399	
01401	02580	01091	02216	02540	03068	04095	01359	01400	
01401	02579	01090	02216	02539	03066	04095	01358	01400	
01401	02580	01090	02217	02539	03067	04095	01358	01400	
01404	02582	01092	02219	02544	03070	04095	01359	01401	
01403	02582	01092	02219	02543	03070	04095	01360	01401	
01403	02581	01092	02219	02543	03069	04095	01360	01401	
01405	02581	01093	02220	02545	03072	04095	01362	01401	
01405	02581	01093	02220	02545	03072	04095	01362	01401	
01402	02580	01092	02217	02540	03069	04095	01360	01399	
01404	02582	01094	02219	02543	03072	04095	01361	01400	
01407	02586	01097	02223	02547	03078	04095	01363	01402	
01407	02587	01097	02224	02547	03078	04095	01365	01403	
01410	02589	01099	02226	02551	03081	04095	01367	01405	
01416	02596	01104	02235	02561	03092	04095	01373	01411	
01417	02597	01104	02236	02561	03092	04095	01374	01413	
01414	02593	01102	02233	02556	03087	04095	01372	01410	
01414	02592	01101	02231	02555	03087	04095	01370	01408	
01408	02587	01097	02225	02534	03101	04095	01365	01404	
01400	02577	01090	02214	02521	03089	04095	01358	01396	
01398	02574	01088	02211	02517	03087	04095	01356	01393	
01398	02575	01087	02211	02519	03088	04095	01356	01393	
01394	02571	01085	02208	02515	03083	04095	01354	01390	
01398	02576	01088	02213	02534	03068	04095	01357	01394	
01414	02596	01100	02233	02556	03091	04095	01372	01409	
01420	02605	01106	02241	02566	03098	04095	01378	01416	
01419	02603	01106	02240	02563	03095	04095	01377	01417	
01421	02606	01107	02241	02566	03097	04095	01378	01417	
01717	02908	01385	02615	02863	03300	04095	01694	01703	
02106	03195	01779	02974	03160	03485	04095	02108	02090	
02550	03490	02236	03341	03465	03682	04095	02576	02540	
03026	03793	02736	03718	03781	03889	04095	03078	03032	
03504	04095	03257	04095	04095	04095	04095	03590	03542	
03696	04095	03514	04095	04095	04095	04095	03795	03779	
03795	04095	03655	04095	04095	04095	04095	03904	03919	
03846	04095	03743	04095	04095	04095	04095	03964	04001	
03871	04095	03797	04095	04095	04095	04095	03996	04049	
03904	04095	03849	04095	04095	04095	04095	04032	04080	
03929	04095	03889	04095	04095	04095	04095	04056	04095	
03935	04095	03911	04095	04095	04095	04095	04065	04095	
03947	04095	03933	04095	04095	04095	04095	04077	04095	
03968	04095	03958	04095	04095	04095	04095	04090	04095	
03969	04095	03969	04095	04095	04095	04095	04090	04095	
03970	04095	03979	04095	04095	04095	04095	04090	04095	
03987	04095	03996	04095	04095	04095	04095	04095	04095	
03991	04095	04007	04095	04095	04095	04095	04095	04095	
03984	04095	04009	04095	04095	04095	04095	04095	04095	
03995	04095	04019	04095	04095	04095	04095	04095	04095	
04005	04095	04029	04095	04095	04095	04095	04095	04095	
03996	04095	04029	04095	04095	04095	04095	04095	04095	
04000	04095	04034	04095	04095	04095	04095	04095	04095	
04013	04095	04046	04095	04095	04095	04095	04095	04095	
04005	04095	04044	04095	04095	04095	04095	04095	04095	
03999	04095	04042	04095	04095	04095	04095	04095	04095	
04009	04095	04053	04095	04095	04095	04095	04095	04095	
04007	04095	04059	04095	04095	04095	04095	04095	04095	
03995	04095	04061	04095	04095	04095	04095	04095	04095	
04004	04095	04070	04095	04095	04095	04095	04095	04095	
04010	04095	04077	04095	04095	04095	04095	04095	04095	
04000	04095	04083	04095	04095	04095	04095	04095	04095	
04001	04095	04088	04095	04095	04095	04095	04095	04095	
04011	04095	04095	04095	04095	04095	04095	04095	04095	
04004	04095	04095	04095	04095	04095	04095	04095	04095	
03999	04095	04095	04095	04095	04095	04095	04095	04095	
04011	04095	04095	04095	04095	04095	04095	04095	04095	
04011	04095	04095	04095	04095	04095	04095	04095	04095	
04001	04095	04095	04095	04095	04095	04095	04095	04095	
04009	04095	04095	04095	04095	04095	04095	04095	04095	
04016	04095	04095	04095	04095	04095	04095	04095	04095	
04007	04095	04095	04095	04095	04095	04095	04095	04095	
04009	04095	04095	04095	04095	04095	04095	04095	04095	
04023	04095	04095	04095	04095	04095	04095	04095	04095	
04016	04095	04095	04095	04095	04095	04095	04095	04095	
04011	04095	04095	04095	04095	04095	04095	04095	04095	
04020	04095	04095	04095	04095	04095	04095	04095	04095	
04017	04095	04095	04095	04095	04095	04095	04095	04095	
04004	04095	04095	04095	04095	04095	04095	04095	04095	
04009	04095	04095	04095	04095	04095	04095	04095	04095	
04012	04095	04095	04095	04095	04095	04095	04095	04095	
03997	04095	04095	04095	04095	04095	04095	04095	04095	
03997	04095	04095	04095	04095	04095	04095	04095	04095	
04007	04095	04095	04095	04095	04095	04095	04095	04095	
03998	04095	04095	04095	04095	04095	04095	04095	04095	
03991	04095	04095	04095	04095	04095	04095	04095	04095	
04002	04095	04095	04095	04095	04095	04095	04095	04095	
03997	04095	04095	04095	04095	04095	04095	04095	04095	
03981	04095	04095	04095	04095	04095	04095	04095	04095	
03984	04095	04095	04095	04095	04095	04095	04095	04095	
03985	04095	04095	04095	04095	04095	04095	04095	04095	
03967	04095	04095	04095	04095	04095	04095	04095	04095	
03965	04095	04095	04095	04095	04095	04095	04095	04095	
03973	04095	04095	04095	04095	04095	04095	04095	04095	
03964	04095	04095	04095	04095	04095	04095	04095	04095	
03955	04095	04095	04095	04095	04095	04095	04095	04095	
03963	04095	04095	04095	04095	04095	04095	04095	04095	
03960	04095	04095	04095	04095	04095	04095	04095	04095	
03946	04095	04095	04095	04095	04095	04095	04095	04095	
03949	04095	04095	04095	04095	04095	04095	04095	04095	
03952	04095	04095	04095	04095	04095	04095	04095	04095	
03938	04095	04095	04095	04095	04095	04095	04095	04095	
03934	04095	04095	04095	04095	04095	04095	04095	04095	
