01871	02511	01088	02019	01774	03553	03521	01339	01607	
01867	02507	01086	02016	01771	03550	03518	01337	01605	
01872	02511	01089	02021	01767	03553	03522	01340	01636	
01875	02514	01090	02023	01769	03556	03526	01342	01638	
01872	02510	01090	02021	01768	03555	03525	01342	01638	
01875	02514	01092	02025	01771	03559	03529	01344	01640	
01881	02519	01095	02029	01775	03564	03534	01346	01644	
01878	02517	01094	02027	01781	03564	03532	01345	01613	
01877	02516	01094	02025	01782	03562	03529	01345	01614	
01882	02521	01095	02029	01785	03565	03532	01346	01616	
01880	02520	01094	02027	01784	03564	03532	01346	01615	
01876	02517	01094	02024	01783	03562	03530	01345	01614	
01880	02520	01095	02028	01785	03563	03532	01346	01615	
01881	02522	01095	02029	01786	03565	03533	01347	01615	
01877	02518	01095	02025	01782	03564	03528	01346	01613	
01879	02518	01094	02026	01783	03565	03530	01346	01614	
01883	02522	01095	02030	01784	03566	03532	01347	01615	
01879	02520	01094	02026	01782	03566	03531	01347	01613	
01877	02518	01095	02026	01781	03566	03531	01347	01613	
01880	02522	01095	02028	01782	03567	03533	01347	01613	
01876	02520	01093	02025	01779	03565	03529	01344	01610	
01871	02514	01090	02021	01776	03561	03524	01341	01606	
01873	02514	01090	02022	01777	03560	03522	01340	01605	
01874	02514	01088	02021	01776	03558	03522	01338	01603	
01870	02509	01087	02017	01772	03554	03520	01338	01601	
01872	02509	01087	02018	01772	03554	03521	01339	01603	
01875	02511	01087	02019	01773	03555	03522	01339	01603	
01869	02507	01085	02015	01770	03552	03519	01339	01603	
01866	02505	01083	02014	01770	03550	03518	01339	01603	
01869	02507	01083	02017	01773	03551	03519	01339	01604	
01866	02505	01083	02014	01771	03549	03516	01337	01602	
01861	02503	01083	02013	01769	03546	03514	01337	01601	
01865	02507	01086	02017	01772	03549	03517	01337	01602	
01866	02510	01086	02017	01772	03551	03518	01338	01603	
01860	02507	01085	02012	01769	03548	03512	01335	01601	
01862	02508	01086	02014	01771	03549	03512	01336	01602	
01868	02513	01089	02018	01775	03554	03518	01338	01606	
01866	02511	01089	02017	01775	03554	03518	01341	01608	
01865	02510	01090	02018	01775	03554	03518	01341	01609	
01871	02515	01092	02024	01780	03557	03524	01344	01613	
01870	02516	01093	02023	01780	03559	03525	01345	01615	
01867	02513	01092	02021	01779	03557	03523	01344	01613	
01871	02516	01092	02025	01781	03559	03526	01345	01614	
01872	02518	01093	02025	01782	03560	03527	01344	01613	
01869	02516	01094	02023	01780	03559	03523	01344	01611	
01873	02519	01096	02028	01783	03562	03528	01345	01612	
01876	02522	01097	02031	01785	03564	03532	01347	01614	
01872	02519	01096	02027	01782	03563	03530	01345	01611	
01872	02519	01096	02028	01782	03563	03530	01347	01613	
01877	02522	01097	02032	01785	03566	03533	01349	01616	
01898	02551	01116	02069	01811	03603	03571	01375	01643	
01899	02552	01120	02069	01814	03603	03570	01378	01648	
01903	02554	01120	02072	01808	03623	03570	01378	01650	
02097	02800	01309	02380	02057	03730	03674	01608	01856	
02395	03114	01684	02791	02474	03835	03777	02036	02199	
02711	03398	02109	03164	02912	03903	03841	02504	02574	
03069	03710	02597	03576	03372	04007	03966	03031	03005	
03426	04024	03105	03989	03835	04095	04095	03576	03455	
03597	04095	03437	04095	04049	04095	04095	03895	03714	
03677	04095	03600	04095	04095	04095	04095	04016	03849	
03710	04095	03695	04095	04095	04095	04095	04071	03931	
03721	04095	03751	04095	04095	04095	04095	04089	03981	
03748	04095	03803	04095	04095	04095	04095	04095	04026	
03765	04095	03842	04095	04095	04095	04095	04095	04057	
03759	04095	03860	04095	04095	04095	04095	04095	04072	
03771	04095	03882	04095	04095	04095	04095	04095	04085	
03790	04095	03907	04095	04095	04095	04095	04095	04095	
03784	04095	03916	04095	04095	04095	04095	04095	04095	
03782	04095	03925	04095	04095	04095	04095	04095	04095	
03804	04095	03946	04095	04095	04095	04095	04095	04095	
03805	04095	03959	04095	04095	04095	04095	04095	04095	
03797	04095	03963	04095	04095	04095	04095	04095	04095	
03815	04095	03981	04095	04095	04095	04095	04095	04095	
03828	04095	03996	04095	04095	04095	04095	04095	04095	
03815	04095	03996	04095	04095	04095	04095	04095	04095	
03822	04095	04004	04095	04095	04095	04095	04095	04095	
03837	04095	04018	04095	04095	04095	04095	04095	04095	
03826	04095	04017	04095	04095	04095	04095	04095	04095	
03822	04095	04017	04095	04095	04095	04095	04095	04095	
03838	04095	04030	04095	04095	04095	04095	04095	04095	
03832	04095	04030	04095	04095	04095	04095	04095	04095	
03817	04095	04022	04095	04095	04095	04095	04095	04095	
03826	04095	04027	04095	04095	04095	04095	04095	04095	
03828	04095	04030	04095	04095	04095	04095	04095	04095	
03810	04095	04021	04095	04095	04095	04095	04095	04095	
03814	04095	04024	04095	04095	04095	04095	04095	04095	
03824	04095	04030	04095	04095	04095	04095	04095	04095	
03811	04095	04023	04095	04095	04095	04095	04095	04095	
03804	04095	04017	04095	04095	04095	04095	04095	04095	
03815	04095	04022	04095	04095	04095	04095	04095	04095	
03808	04095	04016	04095	04095	04095	04095	04095	04095	
03796	04095	04010	04095	04095	04095	04095	04095	04095	
03808	04095	04017	04095	04095	04095	04095	04095	04095	
03813	04095	04021	04095	04095	04095	04095	04095	04095	
03802	04095	04013	04095	04095	04095	04095	04095	04095	
03809	04095	04018	04095	04095	04095	04095	04095	04095	
03825	04095	04027	04095	04095	04095	04095	04095	04095	
03819	04095	04024	04095	04095	04095	04095	04095	04095	
03822	04095	04024	04095	04095	04095	04095	04095	04095	
03845	04095	04037	04095	04095	04095	04095	04095	04095	
03850	04095	04038	04095	04095	04095	04095	04095	04095	
03845	04095	04034	04095	04095	04095	04095	04095	04095	
03863	04095	04045	04095	04095	04095	04095	04095	04095	
03873	04095	04055	04095	04095	04095	04095	04095	04095	
03861	04095	04054	04095	04095	04095	04095	04095	04095	
03868	04095	04063	04095	04095	04095	04095	04095	04095	
03881	04095	04077	04095	04095	04095	04095	04095	04095	
03872	04095	04075	04095	04095	04095	04095	04095	04095	
03869	04095	04074	04095	04095	04095	04095	04095	04095	
03885	04095	04081	04095	04095	04095	04095	04095	04095	
03884	04095	04080	04095	04095	04095	04095	04095	04095	
03875	04095	04075	04095	04095	04095	04095	04095	04095	
03889	04095	04081	04095	04095	04095	04095	04095	04095	
03893	04095	04086	04095	04095	04095	04095	04095	04095	
03878	04095	04081	04095	04095	04095	04095	04095	04095	
03881	04095	04083	04095	04095	04095	04095	04095	04095	
03894	04095	04088	04095	04095	04095	04095	04095	04095	
03883	04095	04086	04095	04095	04095	04095	04095	04095	
03881	04095	04085	04095	04095	04095	04095	04095	04095	
03893	04095	04090	04095	04095	04095	04095	04095	04095	
03885	04095	04086	04095	04095	04095	04095	04095	04095	
03869	04095	04077	04095	04095	04095	04095	04095	04095	
03876	04095	04079	04095	04095	04095	04095	04095	04095	
03876	04095	04077	04095	04095	04095	04095	04095	04095	
03862	04095	04068	04095	04095	04095	04095	04095	04095	
03867	04095	04067	04095	04095	04095	04095	04095	04095	
03880	04095	04074	04095	04095	04095	04095	04095	04095	
03869	04095	04068	04095	04095	04095	04095	04095	04095	
03865	04095	04064	04095	04095	04095	04095	04095	04095	
03879	04095	04073	04095	04095	04095	04095	04095	04095	
03876	04095	04073	04095	04095	04095	04095	04095	04095	
03866	04095	04067	04095	04095	04095	04095	04095	04095	
03879	04095	04075	04095	04095	04095	04095	04095	04095	
03883	04095	04078	04095	04095	04095	04095	04095	04095	
03869	04095	04069	04095	04095	04095	04095	04095	04095	
03872	04095	04069	04095	04095	04095	04095	04095	04095	
03884	04095	04076	04095	04095	04095	04095	04095	04095	
03874	04095	04073	04095	04095	04095	04095	04095	04095	
03875	04095	04073	04095	04095	04095	04095	04095	04095	
03893	04095	04083	04095	04095	04095	04095	04095	04095	
03892	04095	04086	04095	04095	04095	04095	04095	04095	
03881	04095	04083	04095	04095	04095	04095	04095	04095	
03894	04095	04086	04095	04095	04095	04095	04095	04095	
03898	04095	04090	04095	04095	04095	04095	04095	04095	
03885	04095	04087	04095	04095	04095	04095	04095	04095	
03890	04095	04088	04095	04095	04095	04095	04095	04095	
03901	04095	04091	04095	04095	04095	04095	04095	04095	
03888	04095	04091	04095	04095	04095	04095	04095	04095	
03884	04095	04088	04095	04095	04095	04095	04095	04095	
03897	04095	04092	04095	04095	04095	04095	04095	04095	
03891	04095	04091	04095	04095	04095	04095	04095	04095	
03880	04095	04088	04095	04095	04095	04095	04095	04095	
03889	04095	04089	04095	04095	04095	04095	04095	04095	
03889	04095	04090	04095	04095	04095	04095	04095	04095	
03871	04095	04083	04095	04095	04095	04095	04095	04095	
03872	04095	04079	04095	04095	04095	04095	04095	04095	
03880	04095	04083	04095	04095	04095	04095	04095	04095	
03866	04095	04078	04095	04095	04095	04095	04095	04095	
03863	04095	04075	04095	04095	04095	04095	04095	04095	
03879	04095	04082	04095	04095	04095	04095	04095	04095	
03877	04095	04082	04095	04095	04095	04095	04095	04095	
03865	04095	04076	04095	04095	04095	04095	04095	04095	
03879	04095	04080	04095	04095	04095	04095	04095	04095	
03882	04095	04082	04095	04095	04095	04095	04095	04095	
03867	04095	04075	04095	04095	04095	04095	04095	04095	
03870	04095	04075	04095	04095	04095	04095	04095	04095	
03882	04095	04082	04095	04095	04095	04095	04095	04095	
03869	04095	04076	04095	04095	04095	04095	04095	04095	
03865	04095	04072	04095	04095	04095	04095	04095	04095	
03882	04095	04080	04095	04095	04095	04095	04095	04095	
03882	04095	04082	04095	04095	04095	04095	04095	04095	
03874	04095	04080	04095	04095	04095	04095	04095	04095	
03889	04095	04086	04095	04095	04095	04095	04095	04095	
03899	04095	04092	04095	04095	04095	04095	04095	04095	
03885	04095	04091	04095	04095	04095	04095	04095	04095	
03889	04095	04091	04095	04095	04095	04095	04095	04095	
03900	04095	04093	04095	04095	04095	04095	04095	04095	
03888	04095	04092	04095	04095	04095	04095	04095	04095	
03882	04095	04091	04095	04095	04095	04095	04095	04095	
03896	04095	04092	04095	04095	04095	04095	04095	04095	
03892	04095	04092	04095	04095	04095	04095	04095	04095	
03879	04095	04090	04095	04095	04095	04095	04095	04095	
03891	04095	04091	04095	04095	04095	04095	04095	04095	
03895	04095	04093	04095	04095	04095	04095	04095	04095	
03881	04095	04091	04095	04095	04095	04095	04095	04095	
03885	04095	04091	04095	04095	04095	04095	04095	04095	
03895	04095	04093	04095	04095	04095	04095	04095	04095	
03881	04095	04089	04095	04095	04095	04095	04095	04095	
03874	04095	04085	04095	04095	04095	04095	04095	04095	
03884	04095	04087	04095	04095	04095	04095	04095	04095	
03876	04095	04084	04095	04095	04095	04095	04095	04095	
03863	04095	04078	04095	04095	04095	04095	04095	04095	
03875	04095	04081	04095	04095	04095	04095	04095	04095	
03878	04095	04085	04095	04095	04095	04095	04095	04095	
03832	04095	04047	04095	04092	04095	04095	04095	04095	
03520	03839	03544	03736	03705	03992	04059	03590	03703	
03161	03548	02983	03348	03281	03858	03976	03041	03246	
02772	03243	02399	02951	02855	03712	03883	02477	02765	
02385	02937	01814	02553	02418	03567	03815	01911	02277	
02043	02636	01268	02161	01988	03426	03753	01347	01791	
01970	02585	01185	02123	01938	03383	03723	01282	01689	
01949	02574	01160	02117	01927	03377	03718	01265	01655	
01973	02609	01178	02155	01952	03422	03762	01288	01700	
01996	02641	01197	02188	01981	03462	03800	01310	01721	
02009	02661	01209	02207	01999	03488	03821	01325	01735	
02026	02683	01223	02229	02019	03514	03846	01341	01752	
02043	02704	01236	02249	02038	03536	03869	01356	01766	
02031	02691	01226	02235	02035	03520	03857	01345	01725	
02026	02687	01222	02231	02032	03512	03851	01341	01716	
02029	02689	01221	02234	02034	03511	03856	01343	01712	
02029	02691	01221	02234	02034	03511	03856	01344	01708	
02028	02691	01221	02233	02035	03512	03857	01345	01705	
02030	02691	01220	02233	02035	03510	03857	01345	01701	
02028	02686	01215	02228	02031	03504	03854	01341	01696	
02022	02681	01213	02223	02027	03499	03849	01337	01692	
02027	02686	01216	02229	02031	03505	03857	01339	01695	
02030	02689	01217	02233	02033	03508	03860	01339	01698	
02030	02691	01219	02235	02035	03516	03862	01342	01703	
02022	02680	01213	02226	02026	03507	03849	01334	01697	
02020	02677	01209	02222	02022	03501	03841	01328	01694	
02005	02662	01198	02205	02008	03484	03823	01317	01681	
01993	02648	01188	02191	01997	03470	03807	01307	01670	
01984	02636	01176	02180	01986	03452	03793	01296	01656	
01987	02641	01177	02184	01989	03457	03799	01299	01656	
01983	02637	01175	02181	01987	03455	03800	01300	01653	
01990	02645	01181	02190	01995	03463	03809	01307	01658	
01997	02653	01186	02198	02001	03468	03818	01313	01662	
02003	02663	01196	02206	02010	03480	03829	01324	01671	
02000	02660	01195	02204	02009	03476	03826	01324	01669	
02002	02661	01193	02204	02009	03475	03824	01322	01668	
01998	02656	01189	02199	02004	03470	03820	01319	01665	
01995	02654	01189	02197	02003	03472	03819	01319	01666	
01998	02656	01189	02200	02005	03473	03821	01317	01668	
02006	02666	01196	02210	02013	03486	03834	01323	01678	
02011	02674	01203	02216	02019	03499	03842	01330	01688	
02020	02685	01212	02228	02030	03514	03854	01339	01700	
02029	02694	01217	02235	02038	03521	03861	01345	01706	
02025	02691	01216	02230	02034	03518	03858	01343	01704	
02021	02687	01212	02225	02030	03512	03852	01339	01699	
02025	02688	01212	02226	02031	03509	03854	01338	01696	
02018	02678	01204	02215	02023	03496	03847	01331	01686	
02008	02669	01198	02205	02015	03488	03838	01325	01677	
02010	02669	01197	02207	02015	03486	03838	01324	01674	
02013	02673	01200	02210	02018	03487	03841	01327	01675	
02006	02665	01196	02202	02013	03482	03832	01324	01671	
02012	02672	01201	02209	02018	03488	03836	01327	01675	
02018	02676	01203	02215	02022	03492	03841	01330	01677	
02014	02672	01202	02212	02019	03490	03837	01329	01676	
02009	02665	01199	02207	02013	03486	03833	01325	01673	
02011	02668	01199	02211	02015	03486	03835	01325	01674	
02004	02659	01192	02201	02007	03476	03827	01317	01667	
01995	02650	01186	02192	01999	03467	03818	01312	01662	
01994	02648	01183	02189	01984	03485	03814	01309	01659	
01989	02642	01177	02182	01978	03478	03807	01304	01652	
01981	02633	01172	02174	01970	03471	03800	01299	01645	
01980	02632	01171	02175	01971	03470	03799	01300	01644	
01982	02634	01171	02177	01972	03467	03799	01299	01641	
01975	02628	01167	02169	01978	03440	03794	01296	01635	
01974	02627	01168	02169	01978	03439	03793	01296	01634	
01979	02630	01169	02173	01982	03441	03796	01298	01635	
01976	02626	01167	02167	01977	03436	03790	01295	01632	
01982	02635	01174	02177	01985	03449	03801	01304	01641	
01993	02647	01182	02189	01997	03460	03811	01310	01651	
02018	02678	01203	02220	02024	03495	03845	01333	01677	
02033	02700	01221	02241	02043	03525	03867	01353	01700	
02048	02718	01235	02259	02058	03546	03886	01368	01717	
02057	02727	01242	02268	02066	03553	03894	01374	01725	
02057	02727	01244	02267	02066	03555	03894	01377	01729	
02258	02972	01467	02587	02339	03652	03912	01652	01950	
02519	03241	01768	02949	02681	03752	03938	02003	02240	
02829	03518	02180	03318	03090	03865	03974	02472	02616	
03152	03792	02635	03683	03498	03975	04029	02980	03028	
03504	04075	03129	04060	03902	04095	04095	03525	03476	
03645	04095	03402	04095	04029	04095	04095	03787	03703	
03725	04095	03604	04095	04091	04095	04095	03975	03870	
03767	04095	03714	04095	04095	04095	04095	04052	03966	
03807	04095	03793	04095	04095	04095	04095	04088	04028	
03815	04095	03840	04095	04095	04095	04095	04095	04061	
03819	04095	03871	04095	04095	04095	04095	04095	04080	
03842	04095	03908	04095	04095	04095	04095	04095	04092	
03850	04095	03934	04095	04095	04095	04095	04095	04095	
03843	04095	03945	04095	04095	04095	04095	04095	04095	
03856	04095	03963	04095	04095	04095	04095	04095	04095	
03869	04095	03983	04095	04095	04095	04095	04095	04095	
03859	04095	03987	04095	04095	04095	04095	04095	04095	
03860	04095	03995	04095	04095	04095	04095	04095	04095	
03872	04095	04008	04095	04095	04095	04095	04095	04095	
03863	04095	04009	04095	04095	04095	04095	04095	04095	
03851	04095	04004	04095	04095	04095	04095	04095	04095	
03861	04095	04013	04095	04095	04095	04095	04095	04095	
03861	04095	04014	04095	04095	04095	04095	04095	04095	
03849	04095	04010	04095	04095	04095	04095	04095	04095	
03858	04095	04018	04095	04095	04095	04095	04095	04095	
03869	04095	04028	04095	04095	04095	04095	04095	04095	
03858	04095	04024	04095	04095	04095	04095	04095	04095	
03856	04095	04026	04095	04095	04095	04095	04095	04095	
03871	04095	04036	04095	04095	04095	04095	04095	04095	
03864	04095	04036	04095	04095	04095	04095	04095	04095	
03855	04095	04032	04095	04095	04095	04095	04095	04095	
03869	04095	04042	04095	04095	04095	04095	04095	04095	
03872	04095	04046	04095	04095	04095	04095	04095	04095	
03858	04095	04040	04095	04095	04095	04095	04095	04095	
03867	04095	04046	04095	04095	04095	04095	04095	04095	
03880	04095	04058	04095	04095	04095	04095	04095	04095	
03872	04095	04058	04095	04095	04095	04095	04095	04095	
03877	04095	04062	04095	04095	04095	04095	04095	04095	
03900	04095	04075	04095	04095	04095	04095	04095	04095	
03904	04095	04078	04095	04095	04095	04095	04095	04095	
03906	04095	04075	04095	04095	04095	04095	04095	04095	
03932	04095	04081	04095	04095	04095	04095	04095	04095	
03949	04095	04087	04095	04095	04095	04095	04095	04095	
03947	04095	04082	04095	04095	04095	04095	04095	04095	
03960	04095	04085	04095	04095	04095	04095	04095	04095	
03971	04095	04090	04095	04095	04095	04095	04095	04095	
03957	04095	04090	04095	04095	04095	04095	04095	04095	
03948	04095	04090	04095	04095	04095	04095	04095	04095	
03957	04095	04094	04095	04095	04095	04095	04095	04095	
03949	04095	04094	04095	04095	04095	04095	04095	04095	
03938	04095	04094	04095	04095	04095	04095	04095	04095	
03949	04095	04094	04095	04095	04095	04095	04095	04095	
03955	04095	04094	04095	04095	04095	04095	04095	04095	
03944	04095	04087	04095	04095	04095	04095	04095	04095	
03949	04095	04086	04095	04095	04095	04095	04095	04095	
03959	04095	04087	04095	04095	04095	04095	04095	04095	
03948	04095	04083	04095	04095	04095	04095	04095	04095	
03942	04095	04079	04095	04095	04095	04095	04095	04095	
03952	04095	04086	04095	04095	04095	04095	04095	04095	
03946	04095	04087	04095	04095	04095	04095	04095	04095	
03935	04095	04083	04095	04095	04095	04095	04095	04095	
03947	04095	04087	04095	04095	04095	04095	04095	04095	
03955	04095	04090	04095	04095	04095	04095	04095	04095	
03943	04095	04085	04095	04095	04095	04095	04095	04095	
03950	04095	04085	04095	04095	04095	04095	04095	04095	
03961	04095	04089	04095	04095	04095	04095	04095	04095	
03949	04095	04085	04095	04095	04095	04095	04095	04095	
03941	04095	04081	04095	04095	04095	04095	04095	04095	
03955	04095	04086	04095	04095	04095	04095	04095	04095	
03954	04095	04086	04095	04095	04095	04095	04095	04095	
03947	04095	04085	04095	04095	04095	04095	04095	04095	
03887	04095	03912	04079	04040	04095	04095	03947	04040	
03601	03883	03418	03760	03689	03951	04095	03470	03686	
03216	03596	02836	03375	03270	03734	04036	02918	03232	
02824	03300	02237	02983	02853	03508	03969	02353	02753	
02430	02999	01635	02588	02421	03280	03924	01783	02264	
02093	02695	01207	02197	02039	03048	03874	01357	01822	
01981	02602	01098	02111	01955	02956	03824	01260	01679	
01955	02585	01069	02091	01940	02934	03811	01238	01633	
01940	02574	01055	02075	01931	02916	03802	01227	01608	
01928	02565	01046	02059	01922	02902	03795	01220	01592	
01925	02561	01041	02058	01920	02899	03796	01217	01583	
01921	02557	01036	02054	01916	02905	03794	01213	01574	
01913	02550	01029	02046	01908	02916	03789	01210	01566	
01909	02547	01025	02044	01893	02948	03787	01208	01560	
01929	02572	01038	02077	01915	02988	03817	01225	01576	
01948	02597	01056	02110	01936	03020	03846	01246	01596	
01964	02618	01070	02139	01954	03039	03870	01263	01614	
01996	02657	01096	02187	01988	03075	03912	01291	01644	
02002	02665	01103	02197	02005	03054	03920	01296	01651	
01983	02639	01089	02164	01984	03020	03888	01279	01633	
01980	02638	01085	02162	01984	03010	03885	01275	01629	
01989	02648	01090	02172	01995	03015	03897	01282	01635	
01983	02643	01087	02164	01990	03003	03890	01279	01632	
02008	02675	01108	02200	02022	03040	03925	01304	01659	
02033	02705	01128	02239	02048	03073	03960	01326	01685	
02041	02713	01136	02246	02053	03088	03968	01335	01694	
02039	02712	01137	02245	02050	03094	03966	01336	01695	
02041	02712	01137	02247	02050	03099	03966	01334	01693	
02033	02701	01130	02235	02039	03093	03954	01325	01683	
02029	02696	01129	02231	02035	03099	03949	01324	01681	
02031	02697	01129	02232	02037	03102	03947	01325	01681	
02037	02704	01132	02237	02042	03109	03954	01329	01685	
02040	02710	01138	02243	02046	03116	03964	01337	01692	
02044	02715	01141	02247	02051	03111	03968	01340	01696	
02051	02723	01144	02253	02057	03105	03975	01342	01699	
02045	02717	01140	02245	02051	03092	03972	01337	01695	
02039	02709	01135	02237	02045	03078	03964	01330	01688	
02031	02697	01125	02223	02036	03056	03949	01317	01675	
02023	02688	01119	02215	02027	03047	03941	01310	01667	
02011	02674	01111	02202	02016	03034	03930	01303	01657	
02012	02675	01110	02204	02017	03036	03927	01302	01655	
02010	02671	01107	02200	02014	03034	03922	01299	01653	
02008	02670	01109	02201	02013	03046	03923	01301	01654	
02011	02674	01112	02206	02017	03060	03927	01305	01657	
02017	02678	01113	02210	02021	03069	03930	01306	01659	
02006	02665	01105	02197	02009	03059	03921	01298	01650	
01996	02652	01098	02184	01999	03048	03908	01290	01641	
01992	02648	01092	02179	01994	03035	03901	01285	01635	
01979	02633	01080	02164	01980	03011	03885	01273	01622	
01965	02617	01070	02143	01966	02990	03868	01262	01609	
01960	02611	01065	02131	01962	02976	03860	01256	01603	
01964	02618	01067	02138	01967	02975	03865	01259	01605	
01965	02620	01070	02141	01970	02977	03867	01261	01607	
01977	02635	01080	02155	01984	02993	03883	01273	01620	
01995	02658	01095	02183	02004	03018	03904	01289	01638	
02009	02675	01109	02207	02018	03042	03923	01304	01654	
02018	02685	01119	02219	02028	03063	03936	01315	01666	
02027	02696	01126	02229	02037	03078	03947	01323	01675	
02039	02709	01134	02243	02051	03100	03963	01334	01687	
02059	02735	01153	02270	02074	03143	03983	01357	01711	
02065	02740	01157	02275	02078	03151	03987	01361	01716	
02065	02737	01154	02271	02074	03145	03984	01357	01713	
02065	02737	01157	02273	02074	03146	03985	01359	01716	
02059	02727	01154	02263	02054	03126	03973	01352	01735	
02075	02747	01165	02286	02070	03146	03973	01365	01749	
02079	02754	01171	02292	02076	03148	03977	01371	01756	
02080	02756	01173	02293	02078	03149	03977	01372	01759	
02064	02736	01157	02267	02061	03119	03955	01355	01740	
02197	02905	01275	02477	02235	03325	03998	01499	01848	
02442	03138	01593	02799	02568	03466	03998	01863	02137	
02763	03408	02020	03163	02974	03661	04010	02337	02523	
03115	03689	02503	03537	03389	03867	04033	02860	02958	
03481	03985	03021	03932	03817	04095	04095	03410	03428	
03705	04095	03424	04095	04053	04095	04095	03814	03761	
03797	04095	03612	04095	04095	04095	04095	03968	03919	
03837	04095	03720	04095	04095	04095	04095	04040	04006	
03853	04095	03783	04095	04095	04095	04095	04072	04054	
03880	04095	03839	04095	04095	04095	04095	04091	04082	
03901	04095	03882	04095	04095	04095	04095	04095	04095	
03898	04095	03906	04095	04095	04095	04095	04095	04095	
03906	04095	03927	04095	04095	04095	04095	04095	04095	
03921	04095	03951	04095	04095	04095	04095	04095	04095	
03915	04095	03960	04095	04095	04095	04095	04095	04095	
03909	04095	03964	04095	04095	04095	04095	04095	04095	
03922	04095	03979	04095	04095	04095	04095	04095	04095	
03923	04095	03988	04095	04095	04095	04095	04095	04095	
03913	04095	03988	04095	04095	04095	04095	04095	04095	
03923	04095	03999	04095	04095	04095	04095	04095	04095	
03932	04095	04011	04095	04095	04095	04095	04095	04095	
03922	04095	04009	04095	04095	04095	04095	04095	04095	
03923	04095	04013	04095	04095	04095	04095	04095	04095	
03937	04095	04026	04095	04095	04095	04095	04095	04095	
03932	04095	04029	04095	04095	04095	04095	04095	04095	
03925	04095	04026	04095	04095	04095	04095	04095	04095	
03940	04095	04037	04095	04095	04095	04095	04095	04095	
03943	04095	04043	04095	04095	04095	04095	04095	04095	
03931	04095	04039	04095	04095	04095	04095	04095	04095	
03942	04095	04047	04095	04095	04095	04095	04095	04095	
03956	04095	04061	04095	04095	04095	04095	04095	04095	
03948	04095	04062	04095	04095	04095	04095	04095	04095	
03950	04095	04068	04095	04095	04095	04095	04095	04095	
03968	04095	04081	04095	04095	04095	04095	04095	04095	
03963	04095	04081	04095	04095	04095	04095	04095	04095	
03955	04095	04077	04095	04095	04095	04095	04095	04095	
03967	04095	04084	04095	04095	04095	04095	04095	04095	
03971	04095	04088	04095	04095	04095	04095	04095	04095	
03958	04095	04083	04095	04095	04095	04095	04095	04095	
03964	04095	04086	04095	04095	04095	04095	04095	04095	
03975	04095	04090	04095	04095	04095	04095	04095	04095	
03964	04095	04088	04095	04095	04095	04095	04095	04095	
03961	04095	04087	04095	04095	04095	04095	04095	04095	
03974	04095	04092	04095	04095	04095	04095	04095	04095	
03971	04095	04092	04095	04095	04095	04095	04095	04095	
03959	04095	04089	04095	04095	04095	04095	04095	04095	
03967	04095	04091	04095	04095	04095	04095	04095	04095	
03970	04095	04091	04095	04095	04095	04095	04095	04095	
03958	04095	04083	04095	04095	04095	04095	04095	04095	
03965	04095	04081	04095	04095	04095	04095	04095	04095	
03982	04095	04082	04095	04095	04095	04095	04095	04095	
03985	04095	04075	04095	04095	04095	04095	04095	04095	
03995	04095	04067	04095	04095	04095	04095	04095	04095	
04019	04095	04072	04095	04095	04095	04095	04095	04095	
04025	04095	04071	04095	04095	04095	04095	04095	04095	
04019	04095	04065	04095	04095	04095	04095	04095	04095	
04028	04095	04073	04095	04095	04095	04095	04095	04095	
04031	04095	04082	04095	04095	04095	04095	04095	04095	
04017	04095	04078	04095	04095	04095	04095	04095	04095	
04017	04095	04080	04095	04095	04095	04095	04095	04095	
04028	04095	04087	04095	04095	04095	04095	04095	04095	
04021	04095	04081	04095	04095	04095	04095	04095	04095	
04021	04095	04078	04095	04095	04095	04095	04095	04095	
04039	04095	04083	04095	04095	04095	04095	04095	04095	
04042	04095	04085	04095	04095	04095	04095	04095	04095	
04035	04095	04082	04095	04095	04095	04095	04095	04095	
04046	04095	04088	04095	04095	04095	04095	04095	04095	
04051	04095	04092	04095	04095	04095	04095	04095	04095	
04039	04095	04090	04095	04095	04095	04095	04095	04095	
04041	04095	04091	04095	04095	04095	04095	04095	04095	
04055	04095	04093	04095	04095	04095	04095	04095	04095	
04051	04095	04091	04095	04095	04095	04095	04095	04095	
04048	04095	04089	04095	04095	04095	04095	04095	04095	
04061	04095	04090	04095	04095	04095	04095	04095	04095	
04062	04095	04090	04095	04095	04095	04095	04095	04095	
04050	04095	04088	04095	04095	04095	04095	04095	04095	
04055	04095	04090	04095	04095	04095	04095	04095	04095	
04061	04095	04093	04095	04095	04095	04095	04095	04095	
04050	04095	04091	04095	04095	04095	04095	04095	04095	
04047	04095	04088	04095	04095	04095	04095	04095	04095	
04056	04095	04090	04095	04095	04095	04095	04095	04095	
04047	04095	04087	04095	04095	04095	04095	04095	04095	
04037	04095	04082	04095	04095	04095	04095	04095	04095	
04043	04095	04083	04095	04095	04095	04095	04095	04095	
04045	04095	04085	04095	04095	04095	04095	04095	04095	
04035	04095	04080	04095	04095	04095	04095	04095	04095	
04041	04095	04081	04095	04095	04095	04095	04095	04095	
04051	04095	04086	04095	04095	04095	04095	04095	04095	
04041	04095	04081	04095	04095	04095	04095	04095	04095	
04038	04095	04077	04095	04095	04095	04095	04095	04095	
04048	04095	04082	04095	04095	04095	04095	04095	04095	
04043	04095	04080	04095	04095	04095	04095	04095	04095	
04032	04095	04074	04095	04095	04095	04095	04095	04095	
04041	04095	04079	04095	04095	04095	04095	04095	04095	
04043	04095	04082	04095	04095	04095	04095	04095	04095	
04034	04095	04077	04095	04095	04095	04095	04095	04095	
04040	04095	04082	04095	04095	04095	04095	04095	04095	
04056	04095	04089	04095	04095	04095	04095	04095	04095	
04053	04095	04088	04095	04095	04095	04095	04095	04095	
04053	04095	04089	04095	04095	04095	04095	04095	04095	
04068	04095	04094	04095	04095	04095	04095	04095	04095	
04068	04095	04094	04095	04095	04095	04095	04095	04095	
04058	04095	04093	04095	04095	04095	04095	04095	04095	
04067	04095	04094	04095	04095	04095	04095	04095	04095	
04072	04095	04094	04095	04095	04095	04095	04095	04095	
04060	04095	04093	04095	04095	04095	04095	04095	04095	
04060	04095	04093	04095	04095	04095	04095	04095	04095	
04069	04095	04094	04095	04095	04095	04095	04095	04095	
04059	04095	04094	04095	04095	04095	04095	04095	04095	
04053	04095	04094	04095	04095	04095	04095	04095	04095	
04064	04095	04094	04095	04095	04095	04095	04095	04095	
04063	04095	04094	04095	04095	04095	04095	04095	04095	
04048	04095	04090	04095	04095	04095	04095	04095	04095	
04052	04095	04090	04095	04095	04095	04095	04095	04095	
04055	04095	04090	04095	04095	04095	04095	04095	04095	
04041	04095	04086	04095	04095	04095	04095	04095	04095	
04037	04095	04084	04095	04095	04095	04095	04095	04095	
04050	04095	04089	04095	04095	04095	04095	04095	04095	
04043	04095	04085	04095	04095	04095	04095	04095	04095	
04035	04095	04080	04095	04095	04095	04095	04095	04095	
04046	04095	04084	04095	04095	04095	04095	04095	04095	
04046	04095	04084	04095	04095	04095	04095	04095	04095	
04033	04095	04077	04095	04095	04095	04095	04095	04095	
04039	04095	04081	04095	04095	04095	04095	04095	04095	
04047	04095	04085	04095	04095	04095	04095	04095	04095	
04035	04095	04081	04095	04095	04095	04095	04095	04095	
03722	03888	03593	03773	03750	03942	04095	03628	03731	
03320	03609	03012	03389	03334	03716	04078	03076	03252	
02886	03319	02408	02996	02907	03479	04055	02510	02748	
02474	03068	01823	02641	02513	03289	04050	01970	02266	
02043	02783	01213	02250	02102	03049	04010	01402	01751	
01917	02702	01089	02178	02021	02961	03990	01297	01593	
01880	02684	01059	02155	02005	02942	03984	01276	01546	
01867	02679	01047	02144	02000	02933	03984	01269	01524	
01859	02667	01032	02135	01992	02921	03977	01259	01503	
01886	02691	01051	02167	02016	02961	04006	01282	01523	
01913	02709	01067	02192	02034	02994	04026	01302	01540	
01947	02735	01086	02230	02058	03027	04048	01324	01561	
01975	02756	01103	02262	02078	03059	04069	01344	01581	
01970	02739	01095	02248	02064	03041	04050	01335	01571	
01959	02722	01082	02231	02048	03017	04032	01320	01552	
01949	02712	01075	02220	02039	03004	04025	01310	01542	
01941	02711	01074	02217	02038	03002	04026	01309	01540	
01936	02716	01073	02219	02041	03002	04027	01309	01539	
01932	02727	01074	02223	02048	03004	04038	01312	01540	
01920	02729	01072	02219	02035	03023	04041	01312	01538	
01917	02740	01076	02227	02045	03033	04048	01318	01543	
01909	02740	01071	02223	02044	03026	04048	01313	01537	
01899	02732	01065	02214	02036	03017	04043	01306	01529	
01894	02723	01061	02207	02029	03012	04034	01302	01524	
01911	02732	01069	02223	02053	03006	04043	01311	01534	
01921	02733	01072	02226	02054	03011	04043	01314	01537	
01928	02729	01075	02228	02051	03016	04042	01318	01540	
01939	02730	01077	02233	02053	03021	04045	01321	01542	
01949	02733	01081	02237	02056	03025	04047	01323	01545	
01941	02720	01073	02222	02043	03012	04032	01314	01535	
01930	02701	01061	02204	02027	02991	04020	01301	01521	
01926	02698	01056	02200	02025	02984	04016	01294	01515	
01917	02693	01052	02193	02020	02977	04011	01289	01510	
01905	02688	01048	02186	02015	02970	04008	01285	01504	
01900	02691	01047	02187	02017	02967	04012	01284	01503	
01896	02696	01049	02189	02020	02968	04017	01285	01502	
01889	02696	01048	02185	02018	02966	04017	01283	01500	
01888	02697	01048	02186	02020	02966	04019	01283	01500	
01891	02702	01049	02189	02023	02968	04022	01285	01501	
01891	02699	01048	02186	02019	02968	04018	01284	01500	
01893	02696	01048	02186	02017	02967	04018	01285	01501	
01899	02694	01048	02188	02018	02967	04015	01284	01500	
01902	02690	01047	02185	02014	02965	04010	01283	01499	
01902	02683	01046	02181	02009	02964	04004	01281	01498	
01914	02689	01052	02191	02018	02974	04012	01288	01504	
01924	02695	01055	02197	02022	02981	04015	01292	01510	
01933	02706	01064	02209	02031	02998	04023	01303	01521	
01941	02717	01071	02219	02042	03010	04034	01311	01530	
01953	02737	01082	02236	02059	03028	04052	01323	01542	
01953	02743	01086	02239	02063	03034	04060	01327	01547	
01948	02747	01087	02239	02067	03035	04062	01329	01549	
01945	02752	01087	02240	02070	03033	04062	01329	01549	
01942	02753	01087	02239	02071	03032	04062	01329	01549	
01929	02739	01078	02225	02058	03019	04049	01321	01540	
01922	02730	01072	02217	02050	03008	04039	01313	01531	
01925	02730	01071	02218	02050	03008	04038	01313	01531	
01916	02713	01062	02205	02035	02996	04030	01303	01521	
01917	02708	01059	02203	02030	02993	04027	01301	01518	
01934	02722	01068	02220	02044	03012	04044	01311	01529	
01948	02732	01076	02231	02054	03028	04054	01322	01540	
01966	02748	01091	02251	02071	03052	04056	01339	01558	
01986	02767	01105	02271	02089	03074	04064	01353	01574	
01988	02771	01109	02273	02093	03077	04064	01356	01579	
01976	02756	01101	02255	02079	03057	04044	01346	01571	
01976	02755	01103	02252	02081	03056	04042	01346	01569	
02185	02999	01314	02570	02347	03249	04042	01601	01789	
02496	03262	01693	02932	02728	03451	04042	02022	02149	
02853	03535	02143	03305	03138	03666	04045	02507	02576	
03243	03813	02642	03686	03554	03888	04077	03032	03046	
03625	04080	03155	04056	03944	04095	04095	03562	03532	
03794	04095	03460	04095	04074	04095	04095	03838	03800	
03879	04095	03621	04095	04095	04095	04095	03964	03942	
03930	04095	03723	04095	04095	04095	04095	04033	04024	
03947	04095	03784	04095	04095	04095	04095	04067	04066	
03968	04095	03833	04095	04095	04095	04095	04085	04088	
03992	04095	03876	04095	04095	04095	04095	04095	04095	
03995	04095	03899	04095	04095	04095	04095	04095	04095	
03998	04095	03918	04095	04095	04095	04095	04095	04095	
04016	04095	03946	04095	04095	04095	04095	04095	04095	
04022	04095	03962	04095	04095	04095	04095	04095	04095	
04016	04095	03968	04095	04095	04095	04095	04095	04095	
04026	04095	03984	04095	04095	04095	04095	04095	04095	
04036	04095	03999	04095	04095	04095	04095	04095	04095	
04029	04095	04000	04095	04095	04095	04095	04095	04095	
04032	04095	04007	04095	04095	04095	04095	04095	04095	
04046	04095	04022	04095	04095	04095	04095	04095	04095	
04039	04095	04020	04095	04095	04095	04095	04095	04095	
04030	04095	04017	04095	04095	04095	04095	04095	04095	
04038	04095	04024	04095	04095	04095	04095	04095	04095	
04037	04095	04026	04095	04095	04095	04095	04095	04095	
04021	04095	04017	04095	04095	04095	04095	04095	04095	
04028	04095	04024	04095	04095	04095	04095	04095	04095	
04037	04095	04032	04095	04095	04095	04095	04095	04095	
04027	04095	04028	04095	04095	04095	04095	04095	04095	
04026	04095	04028	04095	04095	04095	04095	04095	04095	
04039	04095	04039	04095	04095	04095	04095	04095	04095	
04032	04095	04038	04095	04095	04095	04095	04095	04095	
04024	04095	04034	04095	04095	04095	04095	04095	04095	
04035	04095	04043	04095	04095	04095	04095	04095	04095	
04039	04095	04048	04095	04095	04095	04095	04095	04095	
04031	04095	04039	04095	04095	04095	04095	04095	04095	
04043	04095	04040	04095	04095	04095	04095	04095	04095	
04061	04095	04044	04095	04095	04095	04095	04095	04095	
04066	04095	04037	04095	04095	04095	04095	04095	04095	
04076	04095	04032	04095	04095	04095	04095	04095	04095	
04090	04095	04040	04095	04095	04095	04095	04095	04095	
04094	04095	04041	04095	04095	04095	04095	04095	04095	
04094	04095	04039	04095	04095	04095	04095	04095	04095	
04095	04095	04048	04095	04095	04095	04095	04095	04095	
04095	04095	04057	04095	04095	04095	04095	04095	04095	
04094	04095	04055	04095	04095	04095	04095	04095	04095	
04094	04095	04060	04095	04095	04095	04095	04095	04095	
04094	04095	04069	04095	04095	04095	04095	04095	04095	
04094	04095	04064	04095	04095	04095	04095	04095	04095	
04094	04095	04059	04095	04095	04095	04095	04095	04095	
04095	04095	04064	04095	04095	04095	04095	04095	04095	
04095	04095	04061	04095	04095	04095	04095	04095	04095	
04095	04095	04050	04095	04095	04095	04095	04095	04095	
04095	04095	04055	04095	04095	04095	04095	04095	04095	
04095	04095	04059	04095	04095	04095	04095	04095	04095	
04093	04095	04050	04095	04095	04095	04095	04095	04095	
04093	04095	04049	04095	04095	04095	04095	04095	04095	
04093	04095	04056	04095	04095	04095	04095	04095	04095	
04093	04095	04048	04095	04095	04095	04095	04095	04095	
04093	04095	04040	04095	04095	04095	04095	04095	04095	
04095	04095	04046	04095	04095	04095	04095	04095	04095	
04095	04095	04045	04095	04095	04095	04095	04095	04095	
04095	04095	04037	04095	04095	04095	04095	04095	04095	
04095	04095	04042	04095	04095	04095	04095	04095	04095	
04095	04095	04049	04095	04095	04095	04095	04095	04095	
04094	04095	04041	04095	04095	04095	04095	04095	04095	
04094	04095	04041	04095	04095	04095	04095	04095	04095	
04094	04095	04047	04095	04095	04095	04095	04095	04095	
04094	04095	04042	04095	04095	04095	04095	04095	04095	
04094	04095	04035	04095	04095	04095	04095	04095	04095	
04095	04095	04043	04095	04095	04095	04095	04095	04095	
04095	04095	04047	04095	04095	04095	04095	04095	04095	
04095	04095	04042	04095	04095	04095	04095	04095	04095	
04095	04095	04048	04095	04095	04095	04095	04095	04095	
04095	04095	04056	04095	04095	04095	04095	04095	04095	
04095	04095	04052	04095	04095	04095	04095	04095	04095	
04095	04095	04050	04095	04095	04095	04095	04095	04095	
04095	04095	04059	04095	04095	04095	04095	04095	04095	
04095	04095	04055	04095	04095	04095	04095	04095	04095	
04095	04095	04049	04095	04095	04095	04095	04095	04095	
04095	04095	04054	04095	04095	04095	04095	04095	04095	
04095	04095	04056	04095	04095	04095	04095	04095	04095	
04094	04095	04047	04095	04095	04095	04095	04095	04095	
04067	04095	04014	04095	04095	04095	04095	04091	04095	
03634	03846	03464	03719	03722	03903	04093	03567	03611	
03171	03574	02887	03325	03321	03686	04093	03022	03095	
02677	03283	02291	02907	02907	03451	04081	02459	02553	
02173	02990	01695	02488	02494	03212	04068	01891	02001	
01693	02699	01127	02072	02085	02979	04036	01329	01449	
01618	02655	01074	02031	02059	02937	04006	01287	01379	
01570	02628	01040	02000	02042	02907	03990	01258	01332	
01579	02651	01047	02025	02061	02936	04002	01271	01335	
01588	02654	01047	02029	02056	02944	04007	01274	01333	
01593	02644	01037	02021	02037	02931	03999	01267	01321	
01602	02635	01029	02011	02015	02919	03989	01258	01310	
01614	02629	01024	02007	02000	02916	03983	01256	01307	
01602	02592	01000	01972	01960	02873	03961	01230	01280	
01602	02580	00989	01961	01944	02856	03951	01219	01266	
01606	02575	00985	01956	01937	02852	03945	01215	01261	
01602	02568	00981	01949	01930	02846	03938	01211	01256	
01599	02567	00979	01948	01929	02843	03939	01209	01252	
01608	02589	00992	01968	01950	02868	03961	01224	01264	
01598	02588	00993	01968	01957	02870	03962	01226	01266	
01604	02618	01010	01997	01993	02907	03995	01246	01287	
01601	02635	01022	02015	02012	02925	04013	01259	01328	
01594	02647	01032	02027	02033	02941	04027	01270	01339	
01575	02639	01028	02019	02034	02930	04021	01264	01334	
01577	02648	01034	02026	02045	02939	04028	01269	01339	
01575	02637	01028	02013	02031	02924	04016	01263	01332	
01588	02639	01029	02015	02034	02929	04019	01264	01304	
01609	02643	01031	02020	02029	02934	04021	01268	01307	
01628	02646	01033	02022	02020	02937	04026	01270	01308	
01644	02650	01036	02024	02012	02942	04028	01274	01312	
01653	02648	01035	02023	02006	02939	04024	01273	01311	
01659	02649	01035	02022	02004	02937	04023	01271	01310	
01661	02650	01036	02021	02003	02939	04027	01271	01309	
01663	02655	01039	02027	02009	02948	04030	01276	01314	
01654	02648	01034	02021	02007	02937	04026	01268	01308	
01638	02642	01030	02015	02007	02930	04022	01263	01302	
01618	02636	01026	02008	02008	02924	04017	01259	01298	
01597	02629	01021	02003	02013	02915	04008	01255	01294	
01573	02618	01012	01991	02013	02899	03997	01246	01284	
01562	02618	01013	01993	02020	02904	03997	01249	01285	
01558	02619	01014	01994	02023	02905	03998	01250	01285	
01564	02621	01015	01998	02024	02907	03999	01251	01286	
01576	02624	01017	02001	02019	02913	04004	01254	01290	
01598	02631	01023	02008	02016	02924	04012	01261	01297	
01623	02643	01030	02019	02019	02936	04023	01269	01305	
01644	02651	01035	02026	02018	02946	04029	01275	01312	
01657	02653	01038	02030	02016	02952	04033	01279	01317	
01667	02657	01040	02034	02017	02955	04033	01280	01318	
01669	02659	01040	02035	02017	02955	04036	01279	01318	
01664	02656	01038	02030	02014	02952	04033	01277	01317	
01656	02656	01037	02031	02019	02952	04033	01277	01317	
01650	02664	01041	02036	02031	02958	04040	01281	01320	
01639	02669	01045	02040	02043	02966	04044	01288	01326	
01627	02674	01049	02044	02056	02971	04044	01291	01330	
01619	02679	01053	02050	02072	02976	04048	01295	01333	
01616	02687	01059	02057	02083	02985	04058	01301	01339	
01614	02686	01061	02057	02082	02985	04058	01302	01339	
01619	02685	01061	02058	02079	02982	04058	01300	01337	
01631	02690	01064	02062	02077	02986	04058	01304	01341	
01648	02695	01069	02066	02072	02994	04058	01309	01346	
01663	02695	01068	02066	02066	02995	04057	01309	01346	
01675	02696	01067	02065	02061	02994	04057	01308	01347	
01681	02693	01064	02060	02053	02990	04056	01304	01344	
01672	02673	01053	02042	02034	02969	04045	01290	01330	
01672	02673	01049	02041	02032	02966	04045	01287	01326	
01672	02677	01052	02044	02035	02970	04050	01289	01328	
01660	02668	01046	02034	02027	02958	04040	01284	01323	
01664	02681	01055	02048	02045	02975	04041	01296	01333	
01677	02712	01075	02077	02078	03010	04051	01319	01355	
01665	02708	01076	02073	02081	03006	04051	01319	01357	
01660	02714	01080	02078	02093	03012	04056	01324	01362	
01664	02730	01090	02094	02100	03052	04073	01335	01371	
01664	02735	01094	02106	02105	03062	04073	01337	01376	
01982	03001	01409	02499	02450	03266	04073	01703	01702	
02391	03284	01838	02907	02856	03489	04073	02171	02132	
02819	03552	02308	03304	03250	03697	04081	02662	02599	
03261	03828	02805	03708	03652	03894	04095	03177	03099	
03710	04095	03314	04095	04047	04095	04095	03706	03612	
03849	04095	03522	04095	04095	04095	04095	03878	03816	
03906	04095	03628	04095	04095	04095	04095	03958	03931	
03943	04095	03698	04095	04095	04095	04095	04010	04006	
03981	04095	03759	04095	04095	04095	04095	04050	04054	
03997	04095	03796	04095	04095	04095	04095	04070	04080	
04003	04095	03819	04095	04095	04095	04095	04079	04090	
04025	04095	03847	04095	04095	04095	04095	04089	04095	
04039	04095	03870	04095	04095	04095	04095	04095	04095	
04038	04095	03878	04095	04095	04095	04095	04095	04095	
04049	04095	03893	04095	04095	04095	04095	04095	04095	
04066	04095	03916	04095	04095	04095	04095	04095	04095	
04067	04095	03925	04095	04095	04095	04095	04095	04095	
04071	04095	03934	04095	04095	04095	04095	04095	04095	
04082	04095	03954	04095	04095	04095	04095	04095	04095	
04087	04095	03964	04095	04095	04095	04095	04095	04095	
04082	04095	03964	04095	04095	04095	04095	04095	04095	
04087	04095	03976	04095	04095	04095	04095	04095	04095	
04089	04095	03987	04095	04095	04095	04095	04095	04095	
04085	04095	03984	04095	04095	04095	04095	04095	04095	
04086	04095	03989	04095	04095	04095	04095	04095	04095	
04091	04095	04002	04095	04095	04095	04095	04095	04095	
04091	04095	04001	04095	04095	04095	04095	04095	04095	
04091	04095	03998	04095	04095	04095	04095	04095	04095	
04094	04095	04010	04095	04095	04095	04095	04095	04095	
04094	04095	04012	04095	04095	04095	04095	04095	04095	
04093	04095	04006	04095	04095	04095	04095	04095	04095	
04093	04095	04012	04095	04095	04095	04095	04095	04095	
04093	04095	04017	04095	04095	04095	04095	04095	04095	
04089	04095	04006	04095	04095	04095	04095	04095	04095	
04089	04095	04003	04095	04095	04095	04095	04095	04095	
04090	04095	04008	04095	04095	04095	04095	04095	04095	
04090	04095	03998	04095	04095	04095	04095	04095	04095	
04090	04095	03988	04095	04095	04095	04095	04095	04095	
04094	04095	03993	04095	04095	04095	04095	04095	04095	
04094	04095	03991	04095	04095	04095	04095	04095	04095	
04094	04095	03979	04095	04095	04095	04095	04095	04095	
04095	04095	03981	04095	04095	04095	04095	04095	04095	
04095	04095	03985	04095	04095	04095	04095	04095	04095	
04095	04095	03978	04095	04095	04095	04095	04095	04095	
04095	04095	03978	04095	04095	04095	04095	04095	04095	
04095	04095	03989	04095	04095	04095	04095	04095	04095	
04095	04095	03988	04095	04095	04095	04095	04095	04095	
04095	04095	03984	04095	04095	04095	04095	04095	04095	
04095	04095	03992	04095	04095	04095	04095	04095	04095	
04095	04095	03996	04095	04095	04095	04095	04095	04095	
04095	04095	03991	04095	04095	04095	04095	04095	04095	
04095	04095	03997	04095	04095	04095	04095	04095	04095	
04095	04095	04008	04095	04095	04095	04095	04095	04095	
04095	04095	04005	04095	04095	04095	04095	04095	04095	
04095	04095	04005	04095	04095	04095	04095	04095	04095	
04095	04095	04015	04095	04095	04095	04095	04095	04095	
04095	04095	04014	04095	04095	04095	04095	04095	04095	
04095	04095	04009	04095	04095	04095	04095	04095	04095	
04095	04095	04015	04095	04095	04095	04095	04095	04095	
04095	04095	04017	04095	04095	04095	04095	04095	04095	
04095	04095	04008	04095	04095	04095	04095	04095	04095	
04095	04095	04010	04095	04095	04095	04095	04095	04095	
04095	04095	04018	04095	04095	04095	04095	04095	04095	
03730	03948	03613	03805	03827	03997	04095	03699	03749	
03199	03675	03051	03382	03421	03774	04090	03155	03240	
02644	03382	02467	02945	02994	03531	04074	02589	02696	
02080	03080	01867	02502	02560	03283	04055	02017	02141	
01513	02777	01257	02057	02124	03033	04010	01443	01580	
01319	02634	01063	01915	01983	02892	03979	01274	01372	
01587	02907	01296	02308	02287	03115	03983	01565	01612	
02012	03201	01696	02745	02704	03357	03999	02007	02010	
02502	03502	02168	03188	03138	03606	04019	02511	02480	
03023	03805	02680	03633	03574	03856	04064	03043	02989	
03540	04095	03196	04065	03983	04095	04095	03575	03505	
03774	04095	03459	04095	04084	04095	04095	03806	03755	
03887	04095	03598	04095	04095	04095	04095	03923	03894	
03941	04095	03675	04095	04095	04095	04095	03982	03977	
03971	04095	03722	04095	04095	04095	04095	04014	04029	
04005	04095	03768	04095	04095	04095	04095	04048	04065	
04026	04095	03802	04095	04095	04095	04095	04068	04085	
03545	03849	03322	03697	03710	03891	04095	03559	03618	
03019	03566	02792	03267	03294	03657	04087	03012	03087	
02482	03280	02247	02837	02874	03422	04057	02459	02542	
01922	02977	01675	02392	02449	03169	04013	01883	01979	
01361	02671	01104	01946	02012	02914	03992	01306	01412	
01288	02611	01029	01899	01961	02864	03972	01244	01317	
01262	02586	01001	01881	01941	02842	03956	01220	01281	
01244	02563	00982	01864	01927	02821	03939	01203	01255	
01261	02591	00998	01894	01959	02856	03969	01223	01271	
01261	02593	00998	01895	01967	02859	03969	01224	01269	
01259	02590	00996	01893	01966	02856	03966	01223	01267	
01262	02594	00997	01896	01968	02860	03971	01225	01266	
01264	02598	00997	01899	01967	02864	03976	01227	01267	
01242	02567	00977	01868	01932	02827	03946	01202	01242	
01241	02565	00975	01867	01925	02825	03945	01201	01239	
01250	02581	00984	01882	01936	02845	03962	01211	01249	
01268	02605	01000	01904	01956	02875	03981	01230	01268	
01284	02626	01016	01924	01974	02902	04003	01248	01285	
01301	02652	01033	01948	01984	02952	04029	01268	01304	
01317	02675	01049	01969	02004	02981	04051	01286	01322	
01321	02678	01051	01971	02008	02985	04051	01290	01328	
01315	02671	01047	01965	02004	02976	04049	01284	01321	
01310	02667	01043	01960	02004	02968	04043	01279	01316	
01315	02675	01048	01967	02029	02960	04051	01285	01322	
01320	02680	01052	01971	02038	02966	04051	01290	01326	
01330	02695	01061	01985	02055	02981	04056	01301	01336	
01330	02695	01061	01983	02055	02981	04054	01301	01338	
01329	02693	01060	01981	02050	02980	04052	01301	01338	
01322	02681	01052	01970	02036	02963	04040	01292	01328	
01319	02679	01051	01969	02030	02961	04040	01291	01327	
01313	02669	01046	01961	02017	02953	04040	01285	01322	
01314	02672	01047	01966	02019	02958	04044	01288	01323	
01319	02680	01052	01973	02025	02966	04052	01293	01329	
01323	02686	01057	01978	02029	02974	04058	01299	01335	
01322	02683	01056	01977	02027	02972	04058	01298	01334	
01326	02689	01059	01982	02032	02976	04058	01301	01336	
01329	02693	01063	01985	02036	02980	04058	01304	01341	
01329	02689	01062	01983	02037	02977	04055	01303	01340	
01325	02683	01058	01978	02036	02969	04049	01298	01335	
01321	02680	01054	01972	02035	02961	04049	01293	01329	
01315	02670	01048	01963	02029	02952	04048	01288	01324	
01313	02665	01045	01960	02027	02946	04048	01284	01319	
01312	02665	01043	01960	02025	02945	04049	01283	01317	
01311	02662	01041	01957	02019	02942	04047	01281	01315	
01313	02663	01042	01959	02018	02945	04047	01282	01316	
01314	02666	01043	01961	02018	02948	04048	01282	01316	
01315	02668	01044	01961	02017	02950	04048	01284	01318	
01321	02675	01050	01969	02023	02961	04056	01291	01326	
01329	02688	01058	01980	02035	02975	04067	01300	01334	
01341	02706	01069	01997	02051	02996	04067	01313	01348	
01352	02719	01079	02009	02062	03012	04067	01325	01360	
01713	03003	01401	02434	02436	03239	04067	01699	01693	
01728	03020	01416	02443	02452	03249	04074	01713	01712	
01735	03027	01422	02447	02461	03257	04079	01721	01722	
01731	03020	01419	02440	02458	03248	04079	01717	01719	
01732	03023	01420	02442	02462	03250	04079	01718	01721	
01380	02751	01108	02029	02101	03039	04079	01355	01399	
01371	02742	01098	02026	02092	03036	04076	01348	01387	
01370	02744	01098	02030	02093	03040	04080	01348	01386	
01377	02755	01104	02042	02101	03054	04080	01356	01393	
01377	02751	01103	02040	02095	03053	04080	01355	01392	
01382	02758	01108	02047	02101	03062	04080	01360	01398	
01374	02750	01102	02037	02091	03050	04071	01352	01390	
01372	02747	01100	02034	02086	03049	04069	01349	01387	
01377	02753	01105	02041	02090	03057	04069	01354	01392	
01406	02792	01131	02089	02127	03104	04069	01384	01422	
01425	02813	01149	02117	02143	03126	04069	01401	01439	
01438	02828	01161	02132	02158	03147	04085	01415	01453	
01500	02908	01220	02223	02249	03242	04091	01480	01527	
01494	02897	01213	02208	02241	03224	04091	01470	01519	
01740	03129	01429	02538	02505	03388	04091	01728	01748	
01905	03315	01578	02782	02706	03567	04091	01906	01919	
02307	03579	01955	03190	03100	03769	04095	02317	02292	
02707	03768	02343	03510	03400	03882	04095	02723	02662	
03194	04037	02820	03924	03802	04095	04095	03224	03139	
03436	04037	03085	03960	03909	04095	04095	03462	03388	
03769	04095	03433	04095	04090	04095	04095	03794	03714	
03885	04095	03577	04095	04095	04095	04095	03912	03864	
03959	04095	03672	04095	04095	04095	04095	03988	03963	
04009	04095	03738	04095	04095	04095	04095	04036	04026	
04027	04095	03774	04095	04095	04095	04095	04058	04060	
04049	04095	03805	04095	04095	04095	04095	04075	04082	
04070	04095	03839	04095	04095	04095	04095	04091	04095	
04076	04095	03855	04095	04095	04095	04095	04093	04095	
04080	04095	03867	04095	04095	04095	04095	04093	04095	
04090	04095	03886	04095	04095	04095	04095	04095	04095	
04093	04095	03895	04095	04095	04095	04095	04095	04095	
04091	04095	03893	04095	04095	04095	04095	04095	04095	
04092	04095	03903	04095	04095	04095	04095	04095	04095	
04093	04095	03911	04095	04095	04095	04095	04095	04095	
04092	04095	03908	04095	04095	04095	04095	04095	04095	
04092	04095	03913	04095	04095	04095	04095	04095	04095	
04094	04095	03926	04095	04095	04095	04095	04095	04095	
04094	04095	03925	04095	04095	04095	04095	04095	04095	
04094	04095	03923	04095	04095	04095	04095	04095	04095	
04095	04095	03935	04095	04095	04095	04095	04095	04095	
04095	04095	03940	04095	04095	04095	04095	04095	04095	
04095	04095	03935	04095	04095	04095	04095	04095	04095	
04095	04095	03943	04095	04095	04095	04095	04095	04095	
04095	04095	03953	04095	04095	04095	04095	04095	04095	
04095	04095	03948	04095	04095	04095	04095	04095	04095	
04095	04095	03949	04095	04095	04095	04095	04095	04095	
04095	04095	03962	04095	04095	04095	04095	04095	04095	
04095	04095	03961	04095	04095	04095	04095	04095	04095	
04095	04095	03958	04095	04095	04095	04095	04095	04095	
04095	04095	03969	04095	04095	04095	04095	04095	04095	
04095	04095	03971	04095	04095	04095	04095	04095	04095	
04093	04095	03961	04095	04095	04095	04095	04095	04095	
04093	04095	03964	04095	04095	04095	04095	04095	04095	
04093	04095	03969	04095	04095	04095	04095	04095	04095	
04093	04095	03961	04095	04095	04095	04095	04095	04095	
04093	04095	03962	04095	04095	04095	04095	04095	04095	
04094	04095	03973	04095	04095	04095	04095	04095	04095	
04094	04095	03971	04095	04095	04095	04095	04095	04095	
04094	04095	03967	04095	04095	04095	04095	04095	04095	
04095	04095	03976	04095	04095	04095	04095	04095	04095	
04095	04095	03978	04095	04095	04095	04095	04095	04095	
04093	04095	03968	04095	04095	04095	04095	04095	04095	
04093	04095	03971	04095	04095	04095	04095	04095	04095	
04093	04095	03971	04095	04095	04095	04095	04095	04095	
04091	04095	03960	04095	04095	04095	04095	04095	04095	
04091	04095	03956	04095	04095	04095	04095	04095	04095	
04092	04095	03962	04095	04095	04095	04095	04095	04095	
04090	04095	03955	04095	04095	04095	04095	04095	04095	
04088	04095	03949	04095	04095	04095	04095	04095	04095	
03922	04095	03783	04068	04061	04095	04095	03936	03980	
03867	04095	03724	04068	04061	04095	04095	03900	03961	
03337	03814	03168	03647	03660	03874	04062	03361	03453	
02807	03541	02613	03247	03273	03666	04039	02821	02934	
02245	03230	02033	02802	02838	03414	04007	02249	02377	
01846	02913	01612	02383	02436	03161	03982	01833	01930	
01332	02592	01080	01937	02001	02908	03954	01292	01385	
01289	02546	01033	01910	01964	02873	03932	01253	01324	
01249	02491	00991	01862	01924	02825	03901	01214	01273	
01257	02504	00997	01885	01943	02856	03929	01227	01279	
01276	02536	01017	01917	01972	02894	03954	01248	01295	
01285	02558	01026	01930	01983	02909	03962	01258	01302	
01292	02580	01033	01938	01992	02920	03963	01265	01308	
01296	02597	01036	01943	01999	02925	03959	01268	01309	
01280	02580	01020	01920	01978	02892	03926	01251	01291	
01258	02548	00998	01889	01949	02854	03891	01227	01266	
01248	02532	00988	01879	01938	02839	03878	01218	01255	
01243	02521	00982	01874	01932	02832	03877	01213	01248	
01240	02509	00979	01870	01927	02828	03883	01211	01245	
01239	02500	00977	01868	01926	02827	03891	01209	01242	
01238	02492	00976	01868	01926	02827	03901	01208	01241	
01236	02483	00973	01863	01922	02824	03906	01205	01239	
01232	02477	00970	01857	01918	02821	03908	01201	01235	
01232	02479	00969	01858	01919	02820	03907	01200	01234	
01231	02482	00967	01856	01917	02819	03904	01198	01232	
01230	02482	00965	01853	01914	02816	03892	01196	01229	
01231	02486	00967	01855	01917	02817	03882	01197	01230	
01234	02497	00971	01862	01923	02824	03877	01201	01235	
01240	02512	00977	01869	01930	02834	03877	01209	01241	
01247	02530	00985	01880	01940	02848	03882	01217	01251	
01261	02556	00998	01901	01959	02872	03899	01233	01266	
01274	02575	01011	01919	01976	02896	03920	01248	01281	
01291	02590	01025	01938	01993	02921	03944	01265	01297	
01305	02604	01040	01958	02014	02946	03970	01281	01314	
01320	02619	01054	01977	02032	02970	03998	01298	01330	
01327	02626	01062	01984	02039	02981	04015	01306	01339	
01333	02633	01067	01991	02045	02989	04031	01312	01344	
01336	02637	01069	01993	02048	02993	04038	01314	01347	
01334	02631	01067	01989	02045	02988	04037	01312	01344	
01333	02627	01066	01986	02043	02985	04033	01309	01342	
01337	02634	01071	01993	02049	02992	04035	01314	01346	
01340	02642	01074	01996	02053	02998	04034	01318	01350	
01341	02648	01075	01996	02052	02998	04026	01317	01352	
01343	02654	01076	01997	02042	02999	04020	01319	01383	
01345	02662	01078	02001	02046	03004	04020	01322	01386	
01347	02663	01078	02001	02046	03004	04019	01323	01386	
01351	02667	01081	02006	02050	03008	04022	01327	01389	
01347	02661	01079	02002	02048	03004	04025	01325	01386	
01340	02647	01072	01993	02049	02992	04023	01317	01350	
01331	02630	01064	01981	02038	02977	04015	01306	01340	
01323	02615	01056	01971	02029	02965	04011	01296	01331	
01313	02599	01046	01958	02018	02949	04007	01285	01320	
01309	02593	01043	01953	02013	02943	04004	01281	01316	
01310	02596	01043	01955	02015	02945	04006	01283	01316	
01308	02595	01042	01953	02013	02942	04001	01283	01315	
01303	02588	01038	01946	02005	02932	03987	01278	01309	
01298	02582	01033	01941	02000	02923	03971	01274	01305	
01299	02589	01034	01944	02004	02927	03967	01275	01306	
01304	02601	01039	01949	02009	02936	03970	01280	01311	
01311	02614	01045	01957	02018	02948	03975	01286	01318	
01315	02619	01046	01962	02024	02953	03975	01290	01322	
01315	02618	01046	01962	02023	02956	03979	01290	01322	
01321	02621	01052	01969	02029	02967	03990	01295	01328	
01323	02618	01053	01972	02031	02967	03995	01297	01328	
01320	02613	01053	01970	02029	02965	03999	01295	01327	
01321	02613	01054	01971	02028	02967	04007	01296	01328	
01326	02620	01059	01977	02034	02973	04016	01300	01332	
01321	02612	01053	01970	02028	02962	04010	01295	01326	
01316	02605	01049	01963	02021	02955	04003	01290	01322	
01327	02620	01058	01977	02034	02974	04011	01302	01333	
01425	02751	01152	02133	02153	03142	04020	01414	01439	
01509	02860	01233	02245	02245	03265	04027	01506	01533	
01575	02946	01296	02328	02322	03355	04060	01575	01607	
01961	03246	01657	02757	02719	03586	04095	01975	01965	
02408	03527	02081	03167	03121	03793	04095	02432	02388	
02358	03442	02036	03036	03048	03654	04095	02360	02341	
02302	03369	01983	02952	02985	03567	04095	02297	02283	
02248	03299	01934	02879	02919	03489	04072	02240	02225	
02008	03187	01707	02682	02701	03489	04072	01998	02020	
01588	02930	01309	02296	02320	03298	04072	01564	01628	
01557	02904	01279	02290	02291	03291	04072	01540	01588	
01533	02874	01255	02265	02265	03257	04067	01515	01557	
01515	02850	01236	02244	02244	03230	04043	01496	01537	
01674	02962	01376	02427	02402	03230	04043	01658	01669	
02063	03219	01741	02813	02783	03421	04043	02063	02028	
02518	03496	02177	03221	03186	03628	04043	02533	02463	
03016	03788	02663	03644	03599	03853	04048	03045	02948	
03542	04095	03185	04081	04025	04095	04095	03585	03465	
03760	04095	03438	04095	04095	04095	04095	03803	03705	
03860	04095	03567	04095	04095	04095	04095	03907	03840	
03929	04095	03659	04095	04095	04095	04095	03978	03934	
03963	04095	03712	04095	04095	04095	04095	04016	03992	
03982	04095	03745	04095	04095	04095	04095	04038	04034	
04011	04095	03782	04095	04095	04095	04095	04063	04065	
04025	04095	03805	04095	04095	04095	04095	04078	04083	
04023	04095	03812	04095	04095	04095	04095	04078	04089	
04034	04095	03827	04095	04095	04095	04095	04085	04094	
04045	04095	03843	04095	04095	04095	04095	04091	04095	
04039	04095	03844	04095	04095	04095	04095	04091	04095	
04044	04095	03852	04095	04095	04095	04095	04091	04095	
04061	04095	03869	04095	04095	04095	04095	04095	04095	
04059	04095	03873	04095	04095	04095	04095	04095	04095	
04056	04095	03873	04095	04095	04095	04095	04095	04095	
04069	04095	03886	04095	04095	04095	04095	04095	04095	
04071	04095	03892	04095	04095	04095	04095	04095	04095	
04063	04095	03888	04095	04095	04095	04095	04095	04095	
04073	04095	03897	04095	04095	04095	04095	04095	04095	
04081	04095	03908	04095	04095	04095	04095	04095	04095	
04073	04095	03904	04095	04095	04095	04095	04095	04095	
04076	04095	03907	04095	04095	04095	04095	04095	04095	
04085	04095	03922	04095	04095	04095	04095	04095	04095	
04084	04095	03924	04095	04095	04095	04095	04095	04095	
04084	04095	03924	04095	04095	04095	04095	04095	04095	
04091	04095	03941	04095	04095	04095	04095	04095	04095	
04093	04095	03947	04095	04095	04095	04095	04095	04095	
04091	04095	03942	04095	04095	04095	04095	04095	04095	
04093	04095	03950	04095	04095	04095	04095	04095	04095	
04093	04095	03956	04095	04095	04095	04095	04095	04095	
04086	04095	03945	04095	04095	04095	04095	04095	04095	
04081	04095	03945	04095	04095	04095	04095	04095	04095	
04081	04095	03952	04095	04095	04095	04095	04095	04095	
04067	04095	03945	04095	04095	04095	04095	04095	04095	
04055	04095	03940	04095	04095	04095	04095	04095	04095	
04060	04095	03951	04095	04095	04095	04095	04095	04095	
04056	04095	03951	04095	04095	04095	04095	04095	04095	
04047	04095	03944	04095	04095	04095	04095	04095	04095	
04061	04095	03952	04095	04095	04095	04095	04095	04095	
04068	04095	03955	04095	04095	04095	04095	04095	04095	
04054	04095	03943	04095	04095	04095	04095	04095	04095	
04053	04095	03941	04095	04095	04095	04095	04095	04095	
04055	04095	03945	04095	04095	04095	04095	04095	04095	
04037	04095	03933	04095	04095	04095	04095	04095	04095	
03989	04095	03890	04095	04095	04095	04095	04067	04076	
03501	03795	03376	03709	03740	03912	04071	03556	03599	
02969	03453	02820	03287	03335	03688	04038	03009	03075	
02415	03086	02236	02843	02903	03437	03978	02439	02520	
01868	02717	01657	02399	02469	03183	03914	01864	01959	
01349	02343	01105	01950	02031	02926	03822	01313	01410	
01278	02265	01028	01884	01956	02847	03747	01244	01316	
01245	02230	00992	01857	01918	02812	03706	01211	01269	
01234	02220	00979	01851	01907	02804	03694	01201	01251	
01248	02245	00993	01878	01929	02839	03729	01222	01265	
01267	02273	01009	01904	01953	02875	03761	01244	01284	
01295	02312	01036	01943	01980	02924	03810	01273	01340	
01318	02344	01058	01973	02011	02963	03852	01298	01364	
01345	02382	01085	02009	02045	03010	03898	01329	01395	
01349	02386	01088	02012	02047	03013	03898	01331	01397	
01362	02403	01100	02029	02060	03033	03918	01345	01410	
01361	02401	01099	02024	02069	03027	03911	01344	01380	
01365	02404	01101	02028	02073	03029	03909	01349	01383	
01367	02403	01103	02029	02074	03027	03900	01350	01383	
01362	02394	01099	02020	02069	03016	03884	01345	01378	
01353	02381	01091	02007	02061	02999	03860	01335	01369	
01346	02371	01085	01998	02053	02986	03846	01327	01361	
01337	02359	01078	01987	02041	02974	03832	01317	01351	
01330	02350	01071	01977	02032	02963	03824	01309	01342	
01332	02355	01072	01982	02035	02968	03834	01313	01345	
01326	02347	01066	01973	02025	02959	03832	01307	01339	
01314	02332	01056	01959	02009	02941	03819	01296	01328	
01307	02320	01048	01950	02000	02927	03808	01286	01318	
01294	02303	01034	01932	01985	02907	03787	01272	01303	
01278	02280	01017	01910	01964	02880	03761	01253	01284	
01269	02267	01007	01898	01954	02865	03745	01243	01274	
01268	02266	01005	01898	01954	02866	03742	01242	01271	
01263	02261	01000	01891	01948	02860	03734	01238	01267	
01260	02258	00998	01889	01945	02857	03730	01236	01265	
01258	02256	00997	01888	01945	02854	03724	01232	01261	
01253	02249	00994	01881	01939	02846	03716	01226	01255	
01248	02244	00989	01875	01935	02840	03710	01222	01251	
01247	02243	00989	01876	01934	02838	03710	01221	01249	
01246	02241	00987	01875	01932	02836	03711	01220	01248	
01244	02238	00984	01871	01927	02833	03711	01219	01247	
01244	02238	00983	01872	01926	02833	03711	01219	01246	
01246	02239	00984	01874	01927	02834	03714	01218	01246	
01244	02235	00982	01870	01924	02831	03715	01217	01243	
01242	02235	00982	01868	01922	02830	03713	01215	01241	
01243	02235	00984	01871	01924	02831	03713	01216	01241	
01243	02234	00984	01871	01924	02831	03714	01217	01243	
01243	02234	00984	01869	01924	02831	03714	01218	01245	
01246	02238	00986	01873	01929	02835	03716	01220	01248	
01247	02238	00987	01874	01932	02835	03717	01220	01249	
01247	02238	00986	01871	01932	02834	03716	01219	01249	
01246	02238	00986	01872	01933	02834	03714	01219	01248	
01247	02240	00987	01874	01934	02835	03714	01218	01247	
01245	02236	00985	01871	01931	02832	03711	01218	01246	
01246	02236	00985	01871	01930	02833	03711	01218	01247	
01247	02236	00985	01874	01931	02835	03714	01219	01248	
01247	02236	00985	01872	01929	02834	03716	01218	01246	
01246	02234	00983	01870	01928	02833	03715	01217	01246	
01247	02237	00984	01872	01929	02836	03720	01219	01247	
01247	02237	00985	01872	01929	02834	03720	01219	01246	
01246	02235	00984	01869	01927	02832	03720	01220	01246	
01246	02237	00984	01872	01929	02833	03721	01221	01248	
01245	02236	00983	01872	01915	02852	03719	01220	01247	
01242	02232	00980	01868	01911	02848	03712	01216	01244	
01240	02232	00979	01866	01911	02848	03710	01214	01242	
01240	02234	00979	01868	01912	02849	03709	01213	01241	
01238	02231	00977	01864	01910	02845	03705	01211	01239	
01240	02234	00980	01866	01924	02829	03709	01213	01241	
01253	02252	00992	01885	01941	02852	03731	01228	01255	
01313	02337	01049	01964	02023	02950	03799	01297	01323	
01682	02709	01386	02409	02419	03203	03866	01688	01670	
02141	03082	01829	02856	02855	03457	03959	02165	02107	
02629	03451	02314	03300	03278	03707	04047	02678	02584	
03116	03807	02802	03728	03699	03940	04095	03190	03074	
03205	03887	02898	03794	03772	04001	04095	03272	03184	
03047	03777	02763	03651	03630	04001	04095	03110	03072	
02657	03484	02389	03276	03266	03822	04072	02700	02719	
02220	03173	01956	02890	02900	03630	04034	02239	02301	
01751	02835	01487	02476	02495	03413	03995	01743	01834	
01914	03029	01620	02748	02689	03507	03995	01929	01957	
02129	03139	01832	02891	02871	03507	03995	02151	02136	
02542	03432	02242	03266	03235	03686	04018	02588	02525	
02992	03743	02698	03652	03601	03878	04056	03064	02965	
03468	04081	03183	04066	04006	04095	04095	03570	03445	
03677	04095	03430	04095	04093	04095	04095	03784	03675	
03779	04095	03560	04095	04095	04095	04095	03892	03804	
03823	04095	03630	04095	04095	04095	04095	03943	03878	
03852	04095	03677	04095	04095	04095	04095	03976	03930	
03888	04095	03723	04095	04095	04095	04095	04012	03977	
03903	04095	03750	04095	04095	04095	04095	04031	04007	
03909	04095	03764	04095	04095	04095	04095	04038	04026	
03931	04095	03788	04095	04095	04095	04095	04058	04051	
03947	04095	03807	04095	04095	04095	04095	04073	04069	
03946	04095	03811	04095	04095	04095	04095	04071	04075	
03961	04095	03824	04095	04095	04095	04095	04079	04084	
03981	04095	03843	04095	04095	04095	04095	04088	04092	
03980	04095	03841	04095	04095	04095	04095	04083	04092	
03984	04095	03840	04095	04095	04095	04095	04081	04092	
04005	04095	03851	04095	04095	04095	04095	04087	04095	
04009	04095	03850	04095	04095	04095	04095	04086	04095	
04005	04095	03840	04095	04095	04095	04095	04083	04095	
04022	04095	03850	04095	04095	04095	04095	04088	04095	
04030	04095	03857	04095	04095	04095	04095	04090	04095	
04019	04095	03850	04095	04095	04095	04095	04088	04095	
04021	04095	03855	04095	04095	04095	04095	04089	04095	
04025	04095	03866	04095	04095	04095	04095	04093	04095	
04005	04095	03861	04095	04095	04095	04095	04092	04095	
03992	04095	03862	04095	04095	04095	04095	04092	04095	
03994	04095	03874	04095	04095	04095	04095	04094	04095	
03980	04095	03872	04095	04095	04095	04095	04094	04095	
03965	04095	03867	04095	04095	04095	04095	04094	04095	
03975	04095	03877	04095	04095	04095	04095	04095	04095	
03979	04095	03883	04095	04095	04095	04095	04095	04095	
03976	04095	03880	04095	04095	04095	04095	04095	04095	
03993	04095	03891	04095	04095	04095	04095	04095	04095	
04015	04095	03906	04095	04095	04095	04095	04095	04095	
04019	04095	03906	04095	04095	04095	04095	04095	04095	
04032	04095	03910	04095	04095	04095	04095	04095	04095	
04050	04095	03923	04095	04095	04095	04095	04095	04095	
04051	04095	03924	04095	04095	04095	04095	04095	04095	
04052	04095	03922	04095	04095	04095	04095	04095	04095	
04066	04095	03935	04095	04095	04095	04095	04095	04095	
04072	04095	03941	04095	04095	04095	04095	04095	04095	
04071	04095	03938	04095	04095	04095	04095	04095	04095	
04081	04095	03947	04095	04095	04095	04095	04095	04095	
04089	04095	03958	04095	04095	04095	04095	04095	04095	
04087	04095	03954	04095	04095	04095	04095	04095	04095	
04089	04095	03958	04095	04095	04095	04095	04095	04095	
04093	04095	03971	04095	04095	04095	04095	04095	04095	
04089	04095	03968	04095	04095	04095	04095	04095	04095	
04085	04095	03965	04095	04095	04095	04095	04095	04095	
04086	04095	03975	04095	04095	04095	04095	04095	04095	
04081	04095	03977	04095	04095	04095	04095	04095	04095	
04070	04095	03970	04095	04095	04095	04095	04095	04095	
04069	04095	03978	04095	04095	04095	04095	04095	04095	
04065	04095	03985	04095	04095	04095	04095	04095	04095	
04047	04095	03981	04095	04095	04095	04095	04095	04095	
04037	04095	03986	04095	04095	04095	04095	04095	04095	
04036	04095	03997	04095	04095	04095	04095	04095	04095	
04017	04095	03996	04095	04095	04095	04095	04095	04095	
04000	04095	03996	04095	04095	04095	04095	04095	04095	
04001	04095	04009	04095	04095	04095	04095	04095	04095	
03986	04095	04014	04095	04095	04095	04095	04095	04095	
03966	04095	04011	04095	04095	04095	04095	04095	04095	
03965	04095	04021	04095	04095	04095	04095	04095	04095	
03960	04095	04030	04095	04095	04095	04095	04095	04095	
03940	04095	04031	04095	04095	04095	04095	04095	04095	
03938	04095	04040	04095	04095	04095	04095	04095	04095	
03941	04095	04055	04095	04095	04095	04095	04095	04095	
03923	04095	04055	04095	04095	04095	04095	04095	04095	
03912	04095	04057	04095	04095	04095	04095	04095	04095	
03914	04095	04065	04095	04095	04095	04095	04095	04095	
03898	04095	04062	04095	04095	04095	04095	04095	04095	
03875	04095	04053	04095	04095	04095	04095	04095	04095	
03876	04095	04058	04095	04095	04095	04095	04095	04095	
03868	04095	04060	04095	04095	04095	04095	04095	04095	
03845	04095	04052	04095	04095	04095	04095	04095	04095	
03841	04095	04053	04095	04095	04095	04095	04095	04095	
03843	04095	04060	04095	04095	04095	04095	04095	04095	
03820	04095	04051	04095	04095	04095	04095	04095	04095	
03810	04095	04047	04095	04095	04095	04095	04095	04095	
03815	04095	04051	04095	04095	04095	04095	04095	04095	
03797	04095	04046	04095	04095	04095	04095	04095	04095	
03777	04095	04033	04095	04095	04095	04095	04095	04095	
03780	04095	04032	04095	04095	04095	04095	04095	04095	
03772	04095	04027	04095	04095	04095	04095	04095	04095	
03751	04095	04014	04095	04095	04095	04095	04095	04095	
03754	04095	04012	04095	04095	04095	04095	04095	04095	
03761	04095	04017	04095	04095	04095	04095	04095	04095	
03749	04095	04012	04095	04095	04095	04095	04095	04095	
03750	04095	04017	04095	04095	04095	04095	04095	04095	
03764	04095	04033	04095	04095	04095	04095	04095	04095	
03756	04095	04040	04095	04095	04095	04095	04095	04095	
03749	04095	04045	04095	04095	04095	04095	04095	04095	
03762	04095	04061	04095	04095	04095	04095	04095	04095	
03761	04095	04068	04095	04095	04095	04095	04095	04095	
03747	04095	04062	04095	04095	04095	04095	04095	04095	
03756	04095	04064	04095	04095	04095	04095	04095	04095	
03763	04095	04066	04095	04095	04095	04095	04095	04095	
03753	04095	04057	04095	04095	04095	04095	04095	04095	
03759	04095	04057	04095	04095	04095	04095	04095	04095	
03775	04095	04067	04095	04095	04095	04095	04095	04095	
03769	04095	04067	04095	04095	04095	04095	04095	04095	
03767	04095	04069	04095	04095	04095	04095	04095	04095	
03783	04095	04079	04095	04095	04095	04095	04095	04095	
03781	04095	04085	04095	04095	04095	04095	04095	04095	
03770	04095	04084	04095	04095	04095	04095	04095	04095	
03782	04095	04088	04095	04095	04095	04095	04095	04095	
03787	04095	04092	04095	04095	04095	04095	04095	04095	
03771	04095	04087	04095	04095	04095	04095	04095	04095	
03773	04095	04084	04095	04095	04095	04095	04095	04095	
03781	04095	04083	04095	04095	04095	04095	04095	04095	
03765	04095	04075	04095	04095	04095	04095	04095	04095	
03757	04095	04066	04095	04095	04095	04095	04095	04095	
03767	04095	04067	04095	04095	04095	04095	04095	04095	
