01807	02520	01201	02178	01890	03533	03498	01447	01700	
01804	02518	01199	02174	01887	03531	03495	01446	01698	
01797	02511	01196	02168	01881	03525	03490	01443	01693	
01799	02512	01195	02168	01881	03523	03488	01443	01693	
01801	02515	01196	02171	01882	03527	03491	01444	01695	
01796	02512	01195	02166	01879	03523	03487	01442	01692	
01796	02512	01196	02167	01879	03523	03489	01442	01693	
01799	02516	01198	02170	01882	03525	03489	01442	01694	
01797	02515	01197	02168	01879	03525	03491	01441	01693	
01796	02513	01196	02166	01878	03522	03487	01440	01691	
01802	02518	01196	02171	01882	03525	03492	01441	01693	
01803	02519	01197	02170	01881	03525	03492	01441	01693	
01801	02516	01195	02166	01879	03521	03490	01440	01691	
01805	02519	01196	02170	01883	03524	03492	01441	01692	
01806	02520	01196	02171	01884	03525	03495	01442	01694	
01803	02516	01197	02167	01871	03522	03491	01441	01720	
01804	02518	01198	02170	01874	03525	03494	01444	01722	
01809	02523	01201	02176	01878	03531	03500	01447	01725	
01807	02521	01202	02174	01876	03531	03498	01448	01726	
01807	02521	01203	02175	01877	03534	03499	01449	01727	
01813	02527	01204	02180	01891	03539	03503	01450	01702	
01812	02527	01205	02180	01890	03539	03503	01449	01701	
01809	02522	01203	02176	01888	03536	03499	01449	01701	
01812	02525	01204	02180	01891	03537	03502	01449	01702	
01813	02527	01205	02181	01893	03538	03503	01449	01702	
01808	02522	01203	02177	01889	03535	03500	01448	01700	
01809	02523	01204	02179	01891	03536	03500	01449	01700	
01814	02528	01206	02184	01893	03537	03505	01449	01701	
01812	02525	01205	02181	01890	03536	03502	01449	01699	
01811	02524	01204	02180	01890	03534	03502	01448	01698	
01815	02529	01207	02184	01893	03537	03505	01449	01701	
01813	02526	01206	02181	01891	03536	03502	01449	01700	
01807	02520	01203	02175	01887	03532	03495	01447	01697	
01808	02523	01202	02176	01888	03533	03495	01447	01698	
01808	02523	01201	02175	01887	03532	03494	01446	01696	
01803	02517	01198	02169	01883	03528	03489	01443	01693	
01803	02517	01197	02169	01882	03526	03489	01442	01691	
01806	02521	01198	02173	01885	03528	03491	01442	01693	
01802	02517	01197	02169	01882	03526	03488	01441	01692	
01802	02516	01196	02168	01882	03525	03487	01441	01691	
01808	02522	01197	02172	01886	03527	03491	01441	01692	
01809	02523	01197	02171	01886	03528	03490	01441	01692	
01807	02521	01195	02168	01884	03526	03490	01440	01690	
01811	02525	01198	02173	01885	03529	03495	01442	01692	
01812	02525	01198	02174	01886	03530	03496	01442	01692	
01805	02520	01197	02168	01882	03527	03492	01441	01691	
01803	02519	01197	02169	01883	03526	03492	01441	01692	
01805	02522	01200	02173	01885	03528	03496	01442	01693	
01801	02518	01197	02169	01884	03527	03492	01441	01690	
01802	02518	01199	02171	01884	03530	03494	01443	01693	
01811	02526	01202	02179	01891	03538	03502	01447	01698	
01813	02527	01202	02180	01892	03541	03506	01448	01700	
01813	02525	01202	02179	01891	03543	03507	01448	01700	
01818	02530	01204	02184	01895	03547	03513	01449	01703	
01819	02531	01204	02185	01895	03547	03512	01449	01703	
01812	02525	01203	02180	01891	03542	03507	01449	01700	
01812	02527	01206	02182	01893	03542	03509	01450	01702	
01815	02531	01207	02186	01897	03542	03509	01450	01704	
01811	02527	01206	02183	01895	03539	03505	01450	01703	
01811	02528	01208	02184	01895	03541	03507	01452	01705	
01822	02540	01215	02196	01905	03553	03519	01458	01713	
01826	02543	01217	02198	01906	03557	03520	01460	01714	
01826	02543	01217	02196	01905	03557	03522	01461	01715	
01850	02573	01236	02226	01929	03592	03558	01483	01736	
01871	02598	01254	02250	01953	03618	03590	01504	01759	
02035	02802	01414	02486	02143	03719	03712	01696	01936	
02347	03110	01776	02866	02549	03826	03816	02114	02271	
02702	03422	02212	03248	02990	03935	03922	02601	02664	
03043	03708	02660	03601	03410	04012	03995	03096	03063	
03397	03994	03133	03959	03827	04095	04095	03602	03478	
03616	04095	03480	04095	04060	04095	04095	03932	03752	
03686	04095	03631	04095	04095	04095	04095	04041	03877	
03712	04095	03714	04095	04095	04095	04095	04082	03950	
03748	04095	03781	04095	04095	04095	04095	04095	04008	
03771	04095	03828	04095	04095	04095	04095	04095	04047	
03769	04095	03854	04095	04095	04095	04095	04095	04068	
03781	04095	03879	04095	04095	04095	04095	04095	04084	
03802	04095	03908	04095	04095	04095	04095	04095	04094	
03797	04095	03920	04095	04095	04095	04095	04095	04095	
03797	04095	03931	04095	04095	04095	04095	04095	04095	
03817	04095	03952	04095	04095	04095	04095	04095	04095	
03818	04095	03964	04095	04095	04095	04095	04095	04095	
03812	04095	03969	04095	04095	04095	04095	04095	04095	
03830	04095	03987	04095	04095	04095	04095	04095	04095	
03842	04095	04002	04095	04095	04095	04095	04095	04095	
03834	04095	04006	04095	04095	04095	04095	04095	04095	
03843	04095	04016	04095	04095	04095	04095	04095	04095	
03858	04095	04031	04095	04095	04095	04095	04095	04095	
03848	04095	04032	04095	04095	04095	04095	04095	04095	
03843	04095	04035	04095	04095	04095	04095	04095	04095	
03858	04095	04046	04095	04095	04095	04095	04095	04095	
03855	04095	04050	04095	04095	04095	04095	04095	04095	
03844	04095	04046	04095	04095	04095	04095	04095	04095	
03856	04095	04055	04095	04095	04095	04095	04095	04095	
03863	04095	04061	04095	04095	04095	04095	04095	04095	
03850	04095	04057	04095	04095	04095	04095	04095	04095	
03854	04095	04061	04095	04095	04095	04095	04095	04095	
03866	04095	04069	04095	04095	04095	04095	04095	04095	
03855	04095	04066	04095	04095	04095	04095	04095	04095	
03847	04095	04061	04095	04095	04095	04095	04095	04095	
03858	04095	04066	04095	04095	04095	04095	04095	04095	
03850	04095	04060	04095	04095	04095	04095	04095	04095	
03836	04095	04052	04095	04095	04095	04095	04095	04095	
03845	04095	04054	04095	04095	04095	04095	04095	04095	
03849	04095	04058	04095	04095	04095	04095	04095	04095	
03835	04095	04052	04095	04095	04095	04095	04095	04095	
03840	04095	04055	04095	04095	04095	04095	04095	04095	
03851	04095	04062	04095	04095	04095	04095	04095	04095	
03838	04095	04058	04095	04095	04095	04095	04095	04095	
03835	04095	04056	04095	04095	04095	04095	04095	04095	
03848	04095	04065	04095	04095	04095	04095	04095	04095	
03844	04095	04064	04095	04095	04095	04095	04095	04095	
03833	04095	04058	04095	04095	04095	04095	04095	04095	
03846	04095	04065	04095	04095	04095	04095	04095	04095	
03850	04095	04067	04095	04095	04095	04095	04095	04095	
03837	04095	04061	04095	04095	04095	04095	04095	04095	
03847	04095	04067	04095	04095	04095	04095	04095	04095	
03861	04095	04077	04095	04095	04095	04095	04095	04095	
03852	04095	04075	04095	04095	04095	04095	04095	04095	
03852	04095	04078	04095	04095	04095	04095	04095	04095	
03869	04095	04085	04095	04095	04095	04095	04095	04095	
03863	04095	04086	04095	04095	04095	04095	04095	04095	
03853	04095	04082	04095	04095	04095	04095	04095	04095	
03867	04095	04088	04095	04095	04095	04095	04095	04095	
03871	04095	04089	04095	04095	04095	04095	04095	04095	
03861	04095	04089	04095	04095	04095	04095	04095	04095	
03875	04095	04090	04095	04095	04095	04095	04095	04095	
03892	04095	04094	04095	04095	04095	04095	04095	04095	
03889	04095	04094	04095	04095	04095	04095	04095	04095	
03899	04095	04094	04095	04095	04095	04095	04095	04095	
03920	04095	04095	04095	04095	04095	04095	04095	04095	
03917	04095	04095	04095	04095	04095	04095	04095	04095	
03907	04095	04095	04095	04095	04095	04095	04095	04095	
03914	04095	04095	04095	04095	04095	04095	04095	04095	
03905	04095	04095	04095	04095	04095	04095	04095	04095	
03881	04095	04091	04095	04095	04095	04095	04095	04095	
03879	04095	04091	04095	04095	04095	04095	04095	04095	
03884	04095	04091	04095	04095	04095	04095	04095	04095	
03870	04095	04087	04095	04095	04095	04095	04095	04095	
03873	04095	04086	04095	04095	04095	04095	04095	04095	
03889	04095	04090	04095	04095	04095	04095	04095	04095	
03883	04095	04088	04095	04095	04095	04095	04095	04095	
03876	04095	04086	04095	04095	04095	04095	04095	04095	
03888	04095	04090	04095	04095	04095	04095	04095	04095	
03884	04095	04091	04095	04095	04095	04095	04095	04095	
03871	04095	04090	04095	04095	04095	04095	04095	04095	
03881	04095	04091	04095	04095	04095	04095	04095	04095	
03889	04095	04094	04095	04095	04095	04095	04095	04095	
03879	04095	04091	04095	04095	04095	04095	04095	04095	
03885	04095	04091	04095	04095	04095	04095	04095	04095	
03901	04095	04092	04095	04095	04095	04095	04095	04095	
03894	04095	04092	04095	04095	04095	04095	04095	04095	
03890	04095	04092	04095	04095	04095	04095	04095	04095	
03906	04095	04095	04095	04095	04095	04095	04095	04095	
03905	04095	04095	04095	04095	04095	04095	04095	04095	
03895	04095	04095	04095	04095	04095	04095	04095	04095	
03906	04095	04095	04095	04095	04095	04095	04095	04095	
03914	04095	04095	04095	04095	04095	04095	04095	04095	
03901	04095	04095	04095	04095	04095	04095	04095	04095	
03903	04095	04095	04095	04095	04095	04095	04095	04095	
03913	04095	04095	04095	04095	04095	04095	04095	04095	
03902	04095	04095	04095	04095	04095	04095	04095	04095	
03897	04095	04095	04095	04095	04095	04095	04095	04095	
03912	04095	04095	04095	04095	04095	04095	04095	04095	
03907	04095	04095	04095	04095	04095	04095	04095	04095	
03895	04095	04095	04095	04095	04095	04095	04095	04095	
03903	04095	04095	04095	04095	04095	04095	04095	04095	
03903	04095	04095	04095	04095	04095	04095	04095	04095	
03884	04095	04093	04095	04095	04095	04095	04095	04095	
03886	04095	04093	04095	04095	04095	04095	04095	04095	
03896	04095	04093	04095	04095	04095	04095	04095	04095	
03884	04095	04092	04095	04095	04095	04095	04095	04095	
03881	04095	04092	04095	04095	04095	04095	04095	04095	
03894	04095	04094	04095	04095	04095	04095	04095	04095	
03889	04095	04094	04095	04095	04095	04095	04095	04095	
03877	04095	04094	04095	04095	04095	04095	04095	04095	
03889	04095	04095	04095	04095	04095	04095	04095	04095	
03891	04095	04095	04095	04095	04095	04095	04095	04095	
03878	04095	04093	04095	04095	04095	04095	04095	04095	
03883	04095	04093	04095	04095	04095	04095	04095	04095	
03893	04095	04093	04095	04095	04095	04095	04095	04095	
03879	04095	04092	04095	04095	04095	04095	04095	04095	
03880	04095	04092	04095	04095	04095	04095	04095	04095	
03897	04095	04093	04095	04095	04095	04095	04095	04095	
03895	04095	04093	04095	04095	04095	04095	04095	04095	
03890	04095	04093	04095	04095	04095	04095	04095	04095	
03907	04095	04095	04095	04095	04095	04095	04095	04095	
03910	04095	04095	04095	04095	04095	04095	04095	04095	
03897	04095	04095	04095	04095	04095	04095	04095	04095	
03905	04095	04095	04095	04095	04095	04095	04095	04095	
03914	04095	04095	04095	04095	04095	04095	04095	04095	
03902	04095	04095	04095	04095	04095	04095	04095	04095	
03902	04095	04095	04095	04095	04095	04095	04095	04095	
03914	04095	04095	04095	04095	04095	04095	04095	04095	
03905	04095	04095	04095	04095	04095	04095	04095	04095	
03897	04095	04095	04095	04095	04095	04095	04095	04095	
03909	04095	04095	04095	04095	04095	04095	04095	04095	
03907	04095	04095	04095	04095	04095	04095	04095	04095	
03894	04095	04095	04095	04095	04095	04095	04095	04095	
03899	04095	04095	04095	04095	04095	04095	04095	04095	
03902	04095	04095	04095	04095	04095	04095	04095	04095	
03885	04095	04095	04095	04095	04095	04095	04095	04095	
03884	04095	04095	04095	04095	04095	04095	04095	04095	
03893	04095	04095	04095	04095	04095	04095	04095	04095	
03882	04095	04095	04095	04095	04095	04095	04095	04095	
03878	04095	04095	04095	04095	04095	04095	04095	04095	
03892	04095	04095	04095	04095	04095	04095	04095	04095	
03889	04095	04095	04095	04095	04095	04095	04095	04095	
03877	04095	04094	04095	04095	04095	04095	04095	04095	
03888	04095	04094	04095	04095	04095	04095	04095	04095	
03891	04095	04094	04095	04095	04095	04095	04095	04095	
03876	04095	04093	04095	04095	04095	04095	04095	04095	
03879	04095	04093	04095	04095	04095	04095	04095	04095	
03890	04095	04094	04095	04095	04095	04095	04095	04095	
03879	04095	04094	04095	04095	04095	04095	04095	04095	
03684	03980	03792	03890	03866	04094	04095	03766	03915	
03365	03732	03273	03536	03482	03951	04050	03228	03520	
03008	03462	02722	03166	03077	03790	03992	02669	03087	
02635	03186	02159	02793	02666	03624	03927	02102	02639	
02272	02914	01588	02423	02256	03458	03839	01533	02184	
02092	02752	01314	02253	02081	03288	03748	01290	01902	
02041	02720	01258	02229	02044	03260	03722	01254	01832	
02021	02711	01234	02224	02030	03249	03711	01240	01800	
02013	02709	01221	02222	02022	03245	03706	01233	01782	
02001	02701	01209	02214	02011	03238	03697	01226	01766	
01998	02701	01205	02215	02011	03240	03700	01226	01759	
02031	02737	01229	02252	02047	03280	03745	01252	01785	
02059	02768	01253	02282	02079	03317	03785	01278	01810	
02079	02789	01273	02306	02105	03344	03818	01299	01830	
02106	02817	01297	02336	02136	03375	03854	01320	01853	
02136	02849	01324	02368	02170	03413	03890	01344	01880	
02133	02846	01326	02366	02170	03414	03888	01345	01879	
02112	02824	01306	02343	02149	03384	03857	01324	01857	
02098	02810	01290	02326	02132	03366	03837	01309	01841	
02087	02802	01282	02318	02119	03360	03827	01305	01834	
02108	02832	01302	02363	02135	03413	03860	01332	01857	
02079	02802	01273	02327	02101	03371	03818	01303	01825	
02067	02790	01264	02317	02089	03361	03807	01296	01814	
02057	02778	01256	02305	02079	03348	03795	01288	01803	
02066	02787	01261	02315	02091	03356	03805	01292	01808	
02013	02721	01212	02232	02042	03260	03732	01238	01753	
02008	02715	01210	02229	02043	03257	03729	01235	01748	
02011	02717	01213	02230	02048	03257	03730	01233	01746	
02013	02718	01215	02231	02050	03257	03731	01233	01744	
01985	02686	01193	02197	02021	03220	03697	01209	01716	
01983	02685	01191	02197	02021	03219	03695	01207	01713	
01988	02691	01192	02203	02025	03224	03704	01211	01715	
01987	02693	01192	02206	02024	03229	03707	01215	01719	
01989	02696	01194	02211	02025	03236	03708	01219	01724	
02011	02722	01211	02238	02046	03263	03732	01238	01746	
02013	02724	01212	02239	02047	03265	03732	01242	01750	
02029	02745	01231	02262	02066	03292	03757	01262	01772	
02051	02770	01250	02287	02090	03317	03786	01281	01794	
02070	02791	01267	02307	02112	03339	03812	01296	01813	
02069	02790	01270	02305	02114	03340	03815	01299	01816	
02089	02811	01289	02328	02137	03364	03841	01315	01834	
02092	02811	01288	02326	02140	03360	03841	01311	01833	
02085	02804	01285	02318	02134	03355	03834	01307	01827	
02083	02800	01283	02316	02131	03350	03832	01306	01824	
02080	02795	01277	02310	02124	03340	03822	01299	01817	
02075	02789	01272	02305	02117	03337	03815	01296	01813	
02068	02783	01268	02300	02108	03333	03807	01295	01810	
02053	02765	01252	02282	02089	03309	03783	01279	01792	
02035	02745	01233	02258	02067	03282	03757	01260	01770	
02016	02725	01219	02240	02049	03263	03738	01246	01753	
01999	02705	01201	02218	02019	03258	03715	01228	01731	
01983	02686	01184	02196	02002	03232	03694	01209	01709	
01975	02679	01180	02188	01998	03226	03688	01204	01703	
01973	02676	01179	02186	01999	03224	03687	01202	01700	
01974	02677	01179	02186	02002	03224	03689	01200	01699	
01971	02676	01179	02183	02012	03201	03688	01199	01698	
01987	02697	01196	02208	02033	03230	03713	01220	01719	
02013	02727	01217	02238	02058	03263	03744	01243	01744	
02037	02755	01238	02267	02082	03296	03773	01267	01771	
02054	02774	01256	02288	02099	03323	03794	01286	01793	
02084	02808	01282	02325	02133	03363	03830	01314	01827	
02102	02823	01294	02338	02143	03379	03844	01322	01839	
02099	02817	01292	02332	02138	03375	03839	01320	01838	
02096	02814	01290	02329	02137	03371	03837	01318	01837	
02119	02837	01305	02351	02159	03393	03864	01332	01853	
02123	02838	01309	02351	02159	03396	03868	01333	01854	
02089	02799	01282	02311	02126	03350	03826	01303	01821	
02075	02783	01268	02294	02112	03328	03809	01287	01803	
02075	02784	01268	02295	02112	03328	03808	01286	01801	
02217	02961	01416	02525	02300	03456	03855	01470	01960	
02493	03211	01769	02872	02672	03593	03911	01889	02276	
02831	03496	02213	03255	03092	03772	03985	02412	02679	
03170	03773	02687	03631	03506	03946	04049	02963	03108	
03509	04032	03173	03987	03903	04095	04095	03521	03540	
03699	04095	03518	04095	04092	04095	04095	03883	03813	
03755	04095	03672	04095	04095	04095	04095	04014	03942	
03784	04095	03761	04095	04095	04095	04095	04070	04016	
03819	04095	03833	04095	04095	04095	04095	04094	04062	
03834	04095	03880	04095	04095	04095	04095	04095	04085	
03833	04095	03908	04095	04095	04095	04095	04095	04093	
03851	04095	03940	04095	04095	04095	04095	04095	04095	
03864	04095	03966	04095	04095	04095	04095	04095	04095	
03855	04095	03976	04095	04095	04095	04095	04095	04095	
03862	04095	03991	04095	04095	04095	04095	04095	04095	
03873	04095	04006	04095	04095	04095	04095	04095	04095	
03862	04095	04009	04095	04095	04095	04095	04095	04095	
03855	04095	04010	04095	04095	04095	04095	04095	04095	
03869	04095	04021	04095	04095	04095	04095	04095	04095	
03865	04095	04023	04095	04095	04095	04095	04095	04095	
03857	04095	04022	04095	04095	04095	04095	04095	04095	
03871	04095	04033	04095	04095	04095	04095	04095	04095	
03877	04095	04041	04095	04095	04095	04095	04095	04095	
03863	04095	04039	04095	04095	04095	04095	04095	04095	
03867	04095	04045	04095	04095	04095	04095	04095	04095	
03878	04095	04054	04095	04095	04095	04095	04095	04095	
03866	04095	04052	04095	04095	04095	04095	04095	04095	
03865	04095	04053	04095	04095	04095	04095	04095	04095	
03880	04095	04062	04095	04095	04095	04095	04095	04095	
03876	04095	04063	04095	04095	04095	04095	04095	04095	
03868	04095	04060	04095	04095	04095	04095	04095	04095	
03884	04095	04068	04095	04095	04095	04095	04095	04095	
03891	04095	04077	04095	04095	04095	04095	04095	04095	
03883	04095	04078	04095	04095	04095	04095	04095	04095	
03894	04095	04084	04095	04095	04095	04095	04095	04095	
03909	04095	04092	04095	04095	04095	04095	04095	04095	
03899	04095	04092	04095	04095	04095	04095	04095	04095	
03899	04095	04092	04095	04095	04095	04095	04095	04095	
03911	04095	04095	04095	04095	04095	04095	04095	04095	
03905	04095	04095	04095	04095	04095	04095	04095	04095	
03897	04095	04095	04095	04095	04095	04095	04095	04095	
03910	04095	04095	04095	04095	04095	04095	04095	04095	
03914	04095	04095	04095	04095	04095	04095	04095	04095	
03907	04095	04095	04095	04095	04095	04095	04095	04095	
03923	04095	04095	04095	04095	04095	04095	04095	04095	
03942	04095	04095	04095	04095	04095	04095	04095	04095	
03943	04095	04095	04095	04095	04095	04095	04095	04095	
03955	04095	04095	04095	04095	04095	04095	04095	04095	
03973	04095	04095	04095	04095	04095	04095	04095	04095	
03966	04095	04095	04095	04095	04095	04095	04095	04095	
03956	04095	04095	04095	04095	04095	04095	04095	04095	
03962	04095	04095	04095	04095	04095	04095	04095	04095	
03953	04095	04095	04095	04095	04095	04095	04095	04095	
03936	04095	04095	04095	04095	04095	04095	04095	04095	
03944	04095	04095	04095	04095	04095	04095	04095	04095	
03950	04095	04095	04095	04095	04095	04095	04095	04095	
03941	04095	04095	04095	04095	04095	04095	04095	04095	
03948	04095	04095	04095	04095	04095	04095	04095	04095	
03965	04095	04095	04095	04095	04095	04095	04095	04095	
03960	04095	04095	04095	04095	04095	04095	04095	04095	
03957	04095	04095	04095	04095	04095	04095	04095	04095	
03931	04095	04068	04095	04095	04095	04095	04095	04095	
03691	03946	03670	03839	03818	04014	04095	03683	03841	
03355	03713	03143	03503	03448	03834	04083	03157	03464	
02992	03448	02571	03134	03050	03608	04044	02594	03032	
02611	03177	01980	02760	02645	03369	03978	02023	02582	
02254	02904	01408	02386	02251	03128	03913	01452	02126	
02105	02780	01213	02270	02122	02969	03875	01292	01919	
02047	02741	01149	02235	02087	02918	03847	01245	01835	
02024	02733	01131	02231	02079	02921	03845	01236	01804	
02034	02751	01144	02253	02097	02966	03867	01250	01808	
02032	02749	01146	02251	02096	02982	03865	01247	01797	
02025	02743	01145	02243	02088	02988	03858	01242	01785	
02016	02734	01138	02234	02079	02976	03850	01237	01773	
02011	02731	01125	02228	02077	02952	03844	01232	01764	
01987	02703	01096	02200	02051	02898	03816	01210	01734	
01978	02696	01089	02193	02043	02877	03812	01206	01724	
01978	02696	01086	02195	02044	02869	03809	01204	01721	
01981	02698	01088	02198	02046	02873	03810	01204	01719	
01978	02692	01093	02195	02041	02878	03807	01201	01715	
01979	02692	01097	02196	02042	02881	03806	01202	01715	
01982	02695	01094	02198	02032	02897	03806	01200	01713	
01977	02691	01086	02192	02028	02886	03802	01198	01709	
01971	02687	01080	02187	02023	02877	03799	01196	01705	
01971	02689	01076	02186	02024	02877	03801	01196	01704	
01968	02687	01074	02182	02021	02884	03800	01193	01699	
01961	02681	01075	02176	02029	02872	03795	01192	01696	
01961	02683	01078	02177	02030	02879	03796	01192	01695	
01961	02683	01077	02176	02030	02879	03794	01191	01694	
01954	02677	01073	02170	02024	02871	03788	01189	01690	
01954	02676	01071	02171	02023	02862	03786	01188	01689	
01958	02679	01071	02175	02026	02855	03788	01188	01690	
01956	02674	01070	02173	02023	02847	03785	01186	01689	
01957	02673	01072	02174	02023	02843	03785	01186	01689	
01964	02678	01075	02179	02029	02843	03788	01188	01693	
01964	02679	01076	02179	02029	02841	03789	01189	01694	
01962	02677	01075	02176	02026	02840	03788	01190	01693	
01965	02681	01076	02181	02030	02844	03790	01191	01695	
01968	02685	01077	02183	02032	02848	03796	01194	01697	
01964	02683	01077	02181	02030	02852	03798	01195	01697	
01967	02686	01078	02184	02034	02859	03800	01197	01699	
01972	02691	01081	02189	02039	02868	03805	01199	01701	
01969	02691	01081	02187	02038	02875	03808	01200	01700	
01967	02690	01083	02187	02037	02877	03807	01200	01700	
01971	02693	01084	02191	02040	02876	03810	01200	01701	
01969	02692	01081	02190	02039	02868	03809	01200	01700	
01966	02689	01077	02188	02035	02858	03806	01199	01698	
01970	02692	01077	02191	02038	02852	03807	01199	01699	
01972	02693	01077	02191	02039	02850	03806	01198	01699	
01970	02688	01077	02187	02036	02850	03802	01196	01698	
01971	02689	01078	02189	02037	02851	03803	01195	01698	
01974	02691	01079	02191	02040	02853	03805	01195	01698	
01970	02687	01077	02186	02036	02851	03799	01193	01696	
01967	02685	01075	02184	02035	02852	03799	01193	01696	
01970	02689	01078	02186	02039	02858	03801	01194	01696	
01966	02686	01078	02181	02035	02861	03796	01194	01695	
01960	02681	01076	02175	02031	02862	03790	01193	01692	
01963	02683	01077	02176	02033	02863	03790	01193	01692	
01962	02683	01075	02175	02031	02859	03787	01192	01691	
01957	02677	01071	02171	02024	02852	03784	01191	01689	
01960	02677	01072	02174	02026	02849	03785	01191	01689	
01964	02681	01073	02178	02028	02847	03791	01193	01691	
01960	02676	01073	02175	02025	02844	03788	01193	01691	
01961	02675	01073	02176	02025	02842	03787	01193	01692	
01964	02678	01074	02179	02029	02843	03788	01193	01694	
01960	02676	01072	02177	02027	02844	03786	01192	01693	
01959	02676	01073	02176	02027	02846	03784	01191	01692	
01965	02684	01076	02182	02033	02854	03791	01193	01695	
01966	02687	01078	02183	02034	02861	03796	01195	01696	
01968	02690	01083	02184	02036	02869	03799	01199	01700	
01971	02693	01085	02187	02039	02874	03801	01202	01703	
01974	02695	01087	02189	02033	02876	03803	01204	01733	
01970	02690	01086	02185	02029	02872	03801	01202	01732	
01979	02701	01093	02199	02043	02881	03816	01212	01743	
02003	02728	01112	02228	02072	02909	03848	01234	01767	
02290	03009	01451	02611	02435	03153	03923	01622	02083	
02624	03290	01889	02992	02844	03399	03995	02112	02448	
02991	03573	02377	03375	03259	03647	04046	02653	02884	
03355	03843	02883	03743	03660	03881	04079	03204	03331	
03702	04095	03390	04095	04044	04095	04095	03754	03776	
03804	04095	03603	04095	04095	04095	04095	03943	03939	
03859	04095	03726	04095	04095	04095	04095	04033	04024	
03876	04095	03798	04095	04095	04095	04095	04071	04068	
03893	04095	03852	04095	04095	04095	04095	04089	04088	
03920	04095	03901	04095	04095	04095	04095	04095	04095	
03923	04095	03929	04095	04095	04095	04095	04095	04095	
03925	04095	03950	04095	04095	04095	04095	04095	04095	
03943	04095	03979	04095	04095	04095	04095	04095	04095	
03946	04095	03995	04095	04095	04095	04095	04095	04095	
03935	04095	03998	04095	04095	04095	04095	04095	04095	
03943	04095	04012	04095	04095	04095	04095	04095	04095	
03950	04095	04022	04095	04095	04095	04095	04095	04095	
03937	04095	04020	04095	04095	04095	04095	04095	04095	
03940	04095	04026	04095	04095	04095	04095	04095	04095	
03954	04095	04038	04095	04095	04095	04095	04095	04095	
03948	04095	04039	04095	04095	04095	04095	04095	04095	
03943	04095	04040	04095	04095	04095	04095	04095	04095	
03956	04095	04052	04095	04095	04095	04095	04095	04095	
03957	04095	04056	04095	04095	04095	04095	04095	04095	
03946	04095	04054	04095	04095	04095	04095	04095	04095	
03957	04095	04064	04095	04095	04095	04095	04095	04095	
03964	04095	04072	04095	04095	04095	04095	04095	04095	
03953	04095	04068	04095	04095	04095	04095	04095	04095	
03956	04095	04072	04095	04095	04095	04095	04095	04095	
03967	04095	04082	04095	04095	04095	04095	04095	04095	
03961	04095	04082	04095	04095	04095	04095	04095	04095	
03961	04095	04083	04095	04095	04095	04095	04095	04095	
03980	04095	04091	04095	04095	04095	04095	04095	04095	
03986	04095	04094	04095	04095	04095	04095	04095	04095	
03989	04095	04093	04095	04095	04095	04095	04095	04095	
04010	04095	04094	04095	04095	04095	04095	04095	04095	
04028	04095	04094	04095	04095	04095	04095	04095	04095	
04029	04095	04090	04095	04095	04095	04095	04095	04095	
04043	04095	04090	04095	04095	04095	04095	04095	04095	
04058	04095	04091	04095	04095	04095	04095	04095	04095	
04050	04095	04091	04095	04095	04095	04095	04095	04095	
04045	04095	04091	04095	04095	04095	04095	04095	04095	
04053	04095	04095	04095	04095	04095	04095	04095	04095	
04046	04095	04095	04095	04095	04095	04095	04095	04095	
04036	04095	04095	04095	04095	04095	04095	04095	04095	
04049	04095	04095	04095	04095	04095	04095	04095	04095	
04054	04095	04095	04095	04095	04095	04095	04095	04095	
04045	04095	04089	04095	04095	04095	04095	04095	04095	
04050	04095	04089	04095	04095	04095	04095	04095	04095	
04058	04095	04089	04095	04095	04095	04095	04095	04095	
04044	04095	04087	04095	04095	04095	04095	04095	04095	
04039	04095	04087	04095	04095	04095	04095	04095	04095	
04047	04095	04092	04095	04095	04095	04095	04095	04095	
04041	04095	04090	04095	04095	04095	04095	04095	04095	
04035	04095	04086	04095	04095	04095	04095	04095	04095	
03978	04095	03946	04095	04093	04095	04095	03995	04070	
03680	03937	03467	03802	03820	03966	04095	03546	03733	
03271	03680	02878	03416	03429	03734	04063	02993	03263	
02860	03425	02283	03034	03039	03505	04038	02437	02779	
02432	03157	01679	02636	02638	03259	03997	01867	02275	
02050	02880	01199	02231	02228	03008	03927	01392	01784	
01902	02761	01057	02119	02103	02884	03857	01264	01600	
01861	02742	01027	02102	02084	02863	03842	01239	01547	
01829	02718	01005	02083	02063	02838	03822	01218	01509	
01813	02709	00995	02084	02055	02830	03818	01210	01489	
01803	02711	00992	02093	02057	02827	03818	01208	01479	
01795	02711	00992	02101	02058	02829	03821	01209	01474	
01786	02711	00992	02107	02059	02832	03825	01211	01471	
01800	02737	01008	02134	02083	02861	03852	01232	01488	
01823	02763	01026	02158	02107	02894	03879	01254	01510	
01846	02782	01040	02171	02124	02921	03902	01271	01529	
01867	02793	01048	02177	02136	02933	03912	01279	01541	
01889	02810	01057	02188	02150	02951	03930	01290	01557	
01886	02798	01050	02171	02139	02939	03916	01282	01550	
01881	02787	01042	02158	02129	02926	03903	01272	01542	
01878	02780	01035	02152	02123	02913	03893	01264	01533	
01876	02779	01036	02153	02121	02913	03894	01265	01530	
01864	02772	01032	02149	02116	02907	03887	01262	01523	
01854	02772	01030	02151	02116	02904	03888	01261	01517	
01841	02767	01026	02151	02112	02898	03884	01258	01510	
01828	02760	01022	02150	02105	02894	03879	01254	01504	
01828	02764	01023	02158	02110	02899	03882	01256	01506	
01830	02764	01021	02157	02110	02897	03879	01255	01506	
01826	02756	01017	02147	02102	02889	03869	01249	01500	
01824	02752	01014	02138	02098	02885	03865	01246	01495	
01834	02762	01019	02142	02107	02895	03875	01252	01501	
01828	02748	01010	02122	02092	02878	03861	01241	01490	
01825	02735	01002	02110	02079	02866	03852	01232	01481	
01829	02732	00998	02108	02077	02860	03850	01226	01478	
01824	02725	00993	02101	02070	02852	03843	01220	01472	
01805	02710	00983	02086	02054	02835	03827	01209	01457	
01812	02727	00993	02105	02071	02854	03844	01221	01468	
01818	02744	01003	02123	02086	02872	03861	01234	01480	
01823	02757	01012	02138	02097	02889	03874	01246	01492	
01835	02772	01024	02157	02112	02909	03890	01259	01507	
01848	02788	01033	02172	02125	02923	03906	01267	01517	
01841	02777	01028	02160	02106	02912	03897	01261	01540	
01843	02777	01028	02158	02107	02913	03898	01262	01542	
01851	02779	01029	02158	02110	02913	03901	01263	01544	
01855	02775	01027	02151	02105	02905	03895	01259	01540	
01856	02768	01025	02145	02101	02900	03889	01259	01541	
01862	02771	01026	02147	02113	02902	03891	01260	01514	
01856	02763	01020	02138	02106	02891	03880	01251	01505	
01835	02741	01007	02118	02085	02868	03860	01236	01488	
01819	02728	00997	02106	02074	02854	03847	01226	01476	
01821	02738	01002	02120	02084	02866	03859	01232	01479	
01818	02742	01006	02127	02087	02871	03863	01235	01483	
01820	02749	01012	02137	02094	02881	03873	01243	01488	
01841	02778	01030	02165	02121	02915	03903	01264	01510	
01860	02802	01047	02189	02142	02943	03931	01284	01532	
01870	02806	01052	02189	02146	02949	03933	01289	01541	
01886	02818	01060	02200	02158	02963	03947	01298	01552	
01901	02829	01069	02206	02166	02974	03953	01304	01562	
01908	02833	01072	02210	02169	02982	03956	01308	01568	
01914	02839	01077	02215	02176	02989	03960	01314	01573	
01903	02828	01067	02201	02164	02971	03944	01303	01561	
01917	02850	01081	02223	02185	03001	03967	01321	01581	
01918	02855	01083	02232	02191	03011	03975	01327	01586	
01897	02835	01069	02213	02173	02983	03951	01309	01565	
02140	03084	01317	02567	02466	03203	03967	01607	01819	
02482	03349	01727	02960	02858	03444	04027	02054	02208	
02840	03577	02180	03313	03209	03635	04043	02533	02624	
03227	03825	02674	03682	03593	03850	04056	03052	03088	
03635	04095	03200	04075	03996	04095	04095	03602	03593	
03795	04095	03481	04095	04086	04095	04095	03851	03841	
03878	04095	03633	04095	04095	04095	04095	03973	03970	
03909	04095	03720	04095	04095	04095	04095	04032	04039	
03930	04095	03778	04095	04095	04095	04095	04066	04076	
03960	04095	03831	04095	04095	04095	04095	04088	04094	
03971	04095	03867	04095	04095	04095	04095	04095	04095	
03974	04095	03891	04095	04095	04095	04095	04095	04095	
03995	04095	03923	04095	04095	04095	04095	04095	04095	
04010	04095	03950	04095	04095	04095	04095	04095	04095	
04008	04095	03963	04095	04095	04095	04095	04095	04095	
04020	04095	03983	04095	04095	04095	04095	04095	04095	
04035	04095	04003	04095	04095	04095	04095	04095	04095	
04030	04095	04010	04095	04095	04095	04095	04095	04095	
04031	04095	04016	04095	04095	04095	04095	04095	04095	
04047	04095	04032	04095	04095	04095	04095	04095	04095	
04046	04095	04037	04095	04095	04095	04095	04095	04095	
04041	04095	04037	04095	04095	04095	04095	04095	04095	
04053	04095	04048	04095	04095	04095	04095	04095	04095	
04058	04095	04056	04095	04095	04095	04095	04095	04095	
04049	04095	04054	04095	04095	04095	04095	04095	04095	
04054	04095	04061	04095	04095	04095	04095	04095	04095	
04063	04095	04071	04095	04095	04095	04095	04095	04095	
04051	04095	04067	04095	04095	04095	04095	04095	04095	
04045	04095	04064	04095	04095	04095	04095	04095	04095	
04054	04095	04069	04095	04095	04095	04095	04095	04095	
04047	04095	04066	04095	04095	04095	04095	04095	04095	
04035	04095	04059	04095	04095	04095	04095	04095	04095	
04045	04095	04064	04095	04095	04095	04095	04095	04095	
04048	04095	04066	04095	04095	04095	04095	04095	04095	
04039	04095	04059	04095	04095	04095	04095	04095	04095	
04051	04095	04060	04095	04095	04095	04095	04095	04095	
04065	04095	04062	04095	04095	04095	04095	04095	04095	
04066	04095	04050	04095	04095	04095	04095	04095	04095	
04076	04095	04043	04095	04095	04095	04095	04095	04095	
04090	04095	04044	04095	04095	04095	04095	04095	04095	
04092	04095	04037	04095	04095	04095	04095	04095	04095	
04091	04095	04032	04095	04095	04095	04095	04095	04095	
04093	04095	04041	04095	04095	04095	04095	04095	04095	
04093	04095	04047	04095	04095	04095	04095	04095	04095	
04091	04095	04048	04095	04095	04095	04095	04095	04095	
04091	04095	04059	04095	04095	04095	04095	04095	04095	
04092	04095	04069	04095	04095	04095	04095	04095	04095	
04092	04095	04066	04095	04095	04095	04095	04095	04095	
04093	04095	04066	04095	04095	04095	04095	04095	04095	
04095	04095	04070	04095	04095	04095	04095	04095	04095	
04095	04095	04065	04095	04095	04095	04095	04095	04095	
04095	04095	04059	04095	04095	04095	04095	04095	04095	
04095	04095	04067	04095	04095	04095	04095	04095	04095	
04095	04095	04071	04095	04095	04095	04095	04095	04095	
04095	04095	04068	04095	04095	04095	04095	04095	04095	
04095	04095	04075	04095	04095	04095	04095	04095	04095	
04095	04095	04081	04095	04095	04095	04095	04095	04095	
04095	04095	04074	04095	04095	04095	04095	04095	04095	
04004	04095	03910	04080	04075	04095	04095	03957	04028	
03993	04095	03866	04080	04075	04095	04095	03951	04028	
03562	03883	03316	03734	03724	03913	04095	03435	03554	
03077	03618	02710	03337	03324	03669	04038	02870	03013	
02585	03352	02103	02939	02934	03422	03981	02300	02461	
02179	03081	01657	02553	02546	03172	03945	01864	01969	
01689	02806	01091	02150	02136	02919	03912	01295	01407	
01619	02745	01025	02096	02079	02849	03885	01234	01317	
01603	02737	01009	02090	02071	02840	03894	01222	01292	
01630	02779	01034	02135	02114	02895	03951	01254	01317	
01669	02833	01068	02191	02165	02960	03986	01296	01354	
01703	02877	01097	02234	02207	03011	04019	01330	01386	
01729	02911	01122	02267	02238	03054	04047	01360	01414	
01750	02938	01141	02293	02264	03086	04083	01382	01435	
01750	02938	01141	02293	02263	03084	04083	01382	01433	
01747	02932	01138	02286	02255	03077	04083	01379	01429	
01741	02921	01133	02276	02247	03068	04083	01372	01423	
01740	02919	01130	02275	02246	03064	04083	01369	01419	
01744	02923	01132	02280	02248	03070	04071	01372	01420	
01741	02915	01129	02272	02228	03064	04057	01368	01447	
01736	02911	01124	02265	02224	03056	04057	01363	01441	
01734	02911	01121	02264	02222	03053	04057	01360	01437	
01726	02901	01115	02254	02212	03041	04052	01353	01430	
01718	02891	01108	02244	02205	03030	04053	01346	01422	
01708	02884	01099	02236	02209	03017	04062	01337	01382	
01694	02866	01087	02219	02193	02995	04062	01323	01368	
01685	02855	01081	02211	02185	02985	04062	01317	01362	
01689	02862	01084	02218	02193	02992	04066	01321	01364	
01686	02860	01083	02214	02189	02987	04070	01319	01362	
01678	02846	01076	02202	02178	02974	04057	01312	01355	
01686	02855	01083	02214	02187	02985	04057	01321	01363	
01693	02865	01088	02222	02196	02994	04057	01326	01368	
01698	02869	01092	02226	02199	03002	04057	01331	01374	
01720	02893	01109	02253	02222	03034	04070	01351	01394	
01729	02907	01117	02264	02233	03047	04072	01360	01401	
01725	02901	01114	02256	02227	03042	04072	01355	01397	
01725	02899	01115	02257	02225	03044	04072	01357	01398	
01729	02902	01119	02262	02230	03047	04072	01360	01400	
01719	02890	01112	02247	02218	03031	04066	01351	01391	
01728	02899	01120	02258	02229	03046	04083	01362	01402	
01731	02901	01122	02259	02232	03045	04083	01364	01404	
01724	02893	01115	02250	02225	03034	04083	01356	01398	
01707	02871	01101	02226	02205	03009	04083	01339	01383	
01700	02863	01094	02220	02199	03000	04078	01333	01376	
01683	02845	01080	02201	02180	02976	04066	01316	01358	
01682	02847	01080	02203	02181	02981	04066	01317	01359	
01682	02847	01079	02203	02179	02983	04066	01316	01358	
01691	02861	01087	02218	02192	02998	04066	01325	01365	
01695	02867	01090	02222	02196	03006	04065	01330	01370	
01699	02869	01092	02225	02197	03011	04057	01333	01373	
01699	02869	01091	02224	02197	03009	04057	01332	01371	
01709	02882	01100	02239	02210	03026	04057	01344	01382	
01719	02889	01109	02249	02219	03038	04057	01354	01392	
01725	02895	01115	02253	02225	03043	04068	01360	01398	
01728	02899	01117	02259	02231	03046	04081	01364	01401	
01755	02932	01143	02294	02258	03090	04081	01393	01432	
01952	03137	01327	02553	02476	03298	04081	01611	01633	
02312	03374	01699	02916	02848	03501	04081	02023	02006	
02716	03612	02144	03284	03223	03711	04088	02494	02449	
03144	03854	02628	03654	03588	03926	04095	02997	02932	
03270	03912	02728	03697	03656	03989	04095	03082	03048	
03099	03718	02563	03437	03445	03783	04095	02875	02872	
02741	03479	02193	03067	03068	03570	04095	02459	02503	
02315	03210	01727	02667	02665	03322	04050	01964	02040	
01891	02977	01250	02306	02313	03119	04047	01466	01565	
01743	02887	01128	02230	02218	03015	04047	01354	01423	
01692	02843	01088	02195	02181	02970	04031	01317	01373	
01668	02823	01063	02178	02168	02947	04031	01300	01350	
01830	03022	01211	02431	02370	03195	04075	01479	01515	
02166	03255	01559	02792	02702	03398	04078	01866	01859	
02564	03495	01988	03159	03079	03608	04078	02330	02288	
03010	03766	02479	03560	03483	03859	04095	02851	02782	
03459	04025	02990	03948	03873	04095	04095	03377	03295	
03768	04095	03377	04095	04074	04095	04095	03749	03670	
03888	04095	03556	04095	04095	04095	04095	03897	03853	
03939	04095	03652	04095	04095	04095	04095	03971	03962	
03977	04095	03718	04095	04095	04095	04095	04021	04028	
04016	04095	03775	04095	04095	04095	04095	04057	04068	
04030	04095	03810	04095	04095	04095	04095	04076	04089	
04037	04095	03833	04095	04095	04095	04095	04086	04095	
04058	04095	03864	04095	04095	04095	04095	04094	04095	
04069	04095	03885	04095	04095	04095	04095	04095	04095	
04063	04095	03893	04095	04095	04095	04095	04095	04095	
04073	04095	03907	04095	04095	04095	04095	04095	04095	
04083	04095	03924	04095	04095	04095	04095	04095	04095	
04076	04095	03927	04095	04095	04095	04095	04095	04095	
04079	04095	03937	04095	04095	04095	04095	04095	04095	
04088	04095	03956	04095	04095	04095	04095	04095	04095	
04088	04095	03963	04095	04095	04095	04095	04095	04095	
04088	04095	03967	04095	04095	04095	04095	04095	04095	
04095	04095	03984	04095	04095	04095	04095	04095	04095	
04095	04095	03991	04095	04095	04095	04095	04095	04095	
04093	04095	03988	04095	04095	04095	04095	04095	04095	
04093	04095	03996	04095	04095	04095	04095	04095	04095	
04093	04095	04004	04095	04095	04095	04095	04095	04095	
04092	04095	03999	04095	04095	04095	04095	04095	04095	
04092	04095	04002	04095	04095	04095	04095	04095	04095	
04093	04095	04012	04095	04095	04095	04095	04095	04095	
04092	04095	04010	04095	04095	04095	04095	04095	04095	
04090	04095	04009	04095	04095	04095	04095	04095	04095	
04091	04095	04018	04095	04095	04095	04095	04095	04095	
04091	04095	04021	04095	04095	04095	04095	04095	04095	
04085	04095	04015	04095	04095	04095	04095	04095	04095	
04086	04095	04019	04095	04095	04095	04095	04095	04095	
04085	04095	04021	04095	04095	04095	04095	04095	04095	
04075	04095	04011	04095	04095	04095	04095	04095	04095	
04072	04095	04007	04095	04095	04095	04095	04095	04095	
04078	04095	04008	04095	04095	04095	04095	04095	04095	
04071	04095	03999	04095	04095	04095	04095	04095	04095	
04068	04095	03990	04095	04095	04095	04095	04095	04095	
04076	04095	03991	04095	04095	04095	04095	04095	04095	
04070	04095	03983	04095	04095	04095	04095	04095	04095	
04055	04095	03970	04095	04095	04095	04095	04095	04095	
04056	04095	03973	04095	04095	04095	04095	04095	04095	
04050	04095	03978	04095	04095	04095	04095	04095	04095	
04029	04095	03972	04095	04095	04095	04095	04095	04095	
04021	04095	03980	04095	04095	04095	04095	04095	04095	
04020	04095	03992	04095	04095	04095	04095	04095	04095	
04003	04095	03989	04095	04095	04095	04095	04095	04095	
03995	04095	03988	04095	04095	04095	04095	04095	04095	
04005	04095	03998	04095	04095	04095	04095	04095	04095	
04003	04095	03995	04095	04095	04095	04095	04095	04095	
03998	04095	03989	04095	04095	04095	04095	04095	04095	
04010	04095	03998	04095	04095	04095	04095	04095	04095	
04015	04095	04005	04095	04095	04095	04095	04095	04095	
04003	04095	04001	04095	04095	04095	04095	04095	04095	
04009	04095	04008	04095	04095	04095	04095	04095	04095	
04017	04095	04020	04095	04095	04095	04095	04095	04095	
04009	04095	04016	04095	04095	04095	04095	04095	04095	
04010	04095	04015	04095	04095	04095	04095	04095	04095	
04025	04095	04022	04095	04095	04095	04095	04095	04095	
04024	04095	04018	04095	04095	04095	04095	04095	04095	
04021	04095	04009	04095	04095	04095	04095	04095	04095	
04035	04095	04015	04095	04095	04095	04095	04095	04095	
04041	04095	04017	04095	04095	04095	04095	04095	04095	
04034	04095	04010	04095	04095	04095	04095	04095	04095	
04040	04095	04012	04095	04095	04095	04095	04095	04095	
04046	04095	04017	04095	04095	04095	04095	04095	04095	
04034	04095	04006	04095	04095	04095	04095	04095	04095	
04029	04095	04000	04095	04095	04095	04095	04095	04095	
04033	04095	04002	04095	04095	04095	04095	04095	04095	
04023	04095	03995	04095	04095	04095	04095	04095	04095	
04015	04095	03986	04095	04095	04095	04095	04095	04095	
04023	04095	03992	04095	04095	04095	04095	04095	04095	
04023	04095	03993	04095	04095	04095	04095	04095	04095	
04016	04095	03985	04095	04095	04095	04095	04095	04095	
04025	04095	03990	04095	04095	04095	04095	04095	04095	
04031	04095	03996	04095	04095	04095	04095	04095	04095	
04020	04095	03988	04095	04095	04095	04095	04095	04095	
04017	04095	03988	04095	04095	04095	04095	04095	04095	
04022	04095	03996	04095	04095	04095	04095	04095	04095	
04011	04095	03992	04095	04095	04095	04095	04095	04095	
03999	04095	03985	04095	04095	04095	04095	04095	04095	
04007	04095	03993	04095	04095	04095	04095	04095	04095	
04005	04095	03994	04095	04095	04095	04095	04095	04095	
03994	04095	03986	04095	04095	04095	04095	04095	04095	
04001	04095	03993	04095	04095	04095	04095	04095	04095	
04010	04095	04000	04095	04095	04095	04095	04095	04095	
04003	04095	03994	04095	04095	04095	04095	04095	04095	
04010	04095	03995	04095	04095	04095	04095	04095	04095	
04024	04095	04004	04095	04095	04095	04095	04095	04095	
04020	04095	03998	04095	04095	04095	04095	04095	04095	
04018	04095	03994	04095	04095	04095	04095	04095	04095	
04029	04095	04003	04095	04095	04095	04095	04095	04095	
04025	04095	04002	04095	04095	04095	04095	04095	04095	
04014	04095	03994	04095	04095	04095	04095	04095	04095	
04021	04095	04001	04095	04095	04095	04095	04095	04095	
04025	04095	04006	04095	04095	04095	04095	04095	04095	
03978	04095	03956	04095	04095	04095	04095	04067	04088	
03486	03880	03420	03713	03741	03925	04095	03549	03607	
02980	03653	02871	03328	03374	03725	04095	03015	03098	
02457	03419	02306	02940	03001	03522	04095	02477	02578	
01928	03176	01732	02542	02622	03306	04095	01930	02046	
01419	02905	01177	02103	02216	03055	04060	01384	01491	
01358	02843	01108	02040	02169	02967	04020	01324	01405	
01320	02796	01064	01988	02129	02916	04014	01282	01350	
01284	02753	01025	01937	02090	02864	04001	01241	01301	
01254	02716	00993	01892	02054	02821	03985	01207	01261	
01247	02706	00984	01888	02044	02814	03978	01201	01250	
01244	02702	00980	01888	02042	02811	03975	01197	01243	
01239	02697	00975	01882	02035	02804	03970	01192	01234	
01253	02713	00988	01901	02052	02829	03983	01208	01248	
01274	02741	01008	01929	02079	02865	03998	01232	01270	
01279	02746	01011	01933	02085	02870	04002	01236	01274	
01282	02748	01014	01935	02088	02873	04003	01239	01276	
01282	02744	01014	01934	02087	02873	03997	01240	01277	
01271	02728	01003	01916	02071	02850	03986	01225	01261	
01253	02703	00984	01889	02048	02817	03973	01205	01240	
01252	02701	00983	01889	02047	02817	03972	01205	01239	
01257	02708	00987	01897	02055	02824	03980	01209	01243	
01261	02715	00991	01903	02061	02830	03987	01213	01247	
01260	02713	00990	01903	02058	02830	03983	01214	01248	
01261	02714	00993	01906	02060	02833	03984	01216	01249	
01261	02717	00994	01908	02062	02834	03987	01218	01250	
01256	02715	00992	01904	02058	02832	03986	01215	01248	
01251	02715	00991	01901	02057	02830	03987	01214	01247	
01250	02718	00992	01903	02061	02833	03992	01215	01248	
01247	02718	00990	01902	02060	02833	03996	01214	01247	
01242	02713	00988	01899	02056	02831	03993	01213	01246	
01241	02712	00988	01900	02057	02831	03993	01214	01246	
01238	02711	00987	01900	02056	02830	03995	01214	01244	
01235	02706	00985	01897	02051	02828	03993	01211	01242	
01234	02706	00985	01898	02052	02829	03990	01211	01242	
01234	02708	00986	01900	02055	02830	03992	01211	01242	
01228	02700	00982	01893	02047	02822	03983	01205	01237	
01222	02691	00976	01885	02038	02813	03972	01199	01230	
01218	02686	00971	01879	02032	02803	03964	01193	01224	
01211	02676	00964	01869	02022	02792	03955	01186	01217	
01206	02665	00958	01858	02012	02781	03945	01178	01209	
01207	02665	00957	01858	02013	02781	03946	01177	01207	
01207	02668	00957	01859	02015	02782	03948	01177	01207	
01207	02665	00955	01856	02013	02782	03946	01176	01206	
01208	02667	00957	01858	02015	02784	03949	01178	01206	
01210	02671	00957	01860	02019	02788	03954	01180	01208	
01209	02669	00956	01857	02016	02786	03952	01178	01208	
01209	02667	00956	01856	02015	02785	03947	01179	01207	
01211	02672	00958	01859	02018	02788	03953	01181	01210	
01211	02672	00958	01857	02016	02787	03951	01181	01209	
01210	02668	00957	01855	02013	02784	03946	01180	01209	
01213	02670	00959	01859	02008	02786	03947	01184	01246	
01214	02674	00960	01861	02010	02789	03951	01185	01248	
01213	02671	00960	01860	02008	02788	03950	01185	01248	
01215	02674	00963	01864	02012	02791	03953	01188	01251	
01217	02680	00965	01869	02018	02796	03962	01190	01253	
01215	02679	00964	01868	02023	02795	03964	01189	01218	
01215	02678	00965	01869	02024	02795	03967	01190	01218	
01217	02683	00966	01871	02029	02798	03970	01190	01218	
01216	02681	00964	01870	02026	02796	03972	01189	01217	
01215	02677	00964	01867	02024	02794	03968	01188	01216	
01216	02679	00964	01869	02027	02796	03969	01188	01217	
01217	02680	00964	01869	02027	02795	03970	01188	01216	
01216	02676	00963	01866	02024	02792	03966	01187	01215	
01218	02679	00964	01867	02026	02794	03966	01188	01216	
01220	02681	00964	01868	02028	02795	03968	01189	01217	
01220	02677	00963	01865	02024	02794	03966	01188	01216	
01222	02676	00963	01865	02025	02794	03963	01188	01217	
01224	02679	00963	01867	02027	02796	03964	01189	01217	
01224	02676	00962	01865	02023	02794	03962	01187	01216	
01223	02671	00959	01861	02019	02791	03958	01185	01215	
01224	02674	00959	01863	02021	02792	03958	01186	01215	
01222	02673	00957	01860	02018	02791	03955	01184	01213	
01241	02700	00977	01891	02042	02829	03971	01207	01235	
01274	02749	01009	01945	02088	02892	03988	01246	01272	
01452	02971	01177	02234	02314	03153	04033	01446	01458	
01835	03253	01551	02680	02705	03413	04075	01863	01833	
02284	03538	01998	03127	03123	03675	04095	02352	02284	
02746	03794	02468	03541	03515	03896	04095	02853	02754	
03203	04030	02945	03935	03888	04095	04095	03352	03232	
03523	04095	03306	04095	04081	04095	04095	03698	03578	
03653	04095	03477	04095	04095	04095	04095	03843	03752	
03718	04095	03578	04095	04095	04095	04095	03921	03857	
03747	04095	03635	04095	04095	04095	04095	03960	03922	
03778	04095	03685	04095	04095	04095	04095	03997	03974	
03807	04095	03731	04095	04095	04095	04095	04033	04018	
03813	04095	03755	04095	04095	04095	04095	04047	04046	
03821	04095	03778	04095	04095	04095	04095	04064	04068	
03840	04095	03810	04095	04095	04095	04095	04081	04086	
03842	04095	03826	04095	04095	04095	04095	04088	04095	
03838	04095	03832	04095	04095	04095	04095	04089	04095	
03852	04095	03852	04095	04095	04095	04095	04095	04095	
03859	04095	03864	04095	04095	04095	04095	04095	04095	
03855	04095	03864	04095	04095	04095	04095	04095	04095	
03868	04095	03875	04095	04095	04095	04095	04095	04095	
03885	04095	03889	04095	04095	04095	04095	04095	04095	
03884	04095	03888	04095	04095	04095	04095	04095	04095	
03891	04095	03892	04095	04095	04095	04095	04095	04095	
03907	04095	03905	04095	04095	04095	04095	04095	04095	
03905	04095	03906	04095	04095	04095	04095	04095	04095	
03899	04095	03905	04095	04095	04095	04095	04095	04095	
03909	04095	03915	04095	04095	04095	04095	04095	04095	
03907	04095	03915	04095	04095	04095	04095	04095	04095	
03893	04095	03906	04095	04095	04095	04095	04095	04095	
03897	04095	03909	04095	04095	04095	04095	04095	04095	
03901	04095	03913	04095	04095	04095	04095	04095	04095	
03892	04095	03905	04095	04095	04095	04095	04095	04095	
03897	04095	03905	04095	04095	04095	04095	04095	04095	
03914	04095	03914	04095	04095	04095	04095	04095	04095	
03915	04095	03909	04095	04095	04095	04095	04095	04095	
03914	04095	03901	04095	04095	04095	04095	04095	04095	
03929	04095	03906	04095	04095	04095	04095	04095	04095	
03930	04095	03902	04095	04095	04095	04095	04095	04095	
03917	04095	03889	04095	04095	04095	04095	04095	04095	
03921	04095	03890	04095	04095	04095	04095	04095	04095	
03925	04095	03894	04095	04095	04095	04095	04095	04095	
03911	04095	03887	04095	04095	04095	04095	04095	04095	
03911	04095	03889	04095	04095	04095	04095	04095	04095	
03928	04095	03903	04095	04095	04095	04095	04095	04095	
03927	04095	03904	04095	04095	04095	04095	04095	04095	
03929	04095	03905	04095	04095	04095	04095	04095	04095	
03947	04095	03916	04095	04095	04095	04095	04095	04095	
03953	04095	03919	04095	04095	04095	04095	04095	04095	
03944	04095	03910	04095	04095	04095	04095	04095	04095	
03952	04095	03916	04095	04095	04095	04095	04095	04095	
03958	04095	03921	04095	04095	04095	04095	04095	04095	
03947	04095	03914	04095	04095	04095	04095	04095	04095	
03947	04095	03916	04095	04095	04095	04095	04095	04095	
03955	04095	03927	04095	04095	04095	04095	04095	04095	
03944	04095	03922	04095	04095	04095	04095	04095	04095	
03934	04095	03917	04095	04095	04095	04095	04095	04095	
03941	04095	03926	04095	04095	04095	04095	04095	04095	
03936	04095	03925	04095	04095	04095	04095	04095	04095	
03924	04095	03916	04095	04095	04095	04095	04095	04095	
03933	04095	03922	04095	04095	04095	04095	04095	04095	
03935	04095	03924	04095	04095	04095	04095	04095	04095	
03919	04095	03912	04095	04095	04095	04095	04095	04095	
03915	04095	03908	04095	04095	04095	04095	04095	04095	
03919	04095	03913	04095	04095	04095	04095	04095	04095	
03903	04095	03902	04095	04095	04095	04095	04095	04095	
03892	04095	03896	04095	04095	04095	04095	04095	04095	
03899	04095	03904	04095	04095	04095	04095	04095	04095	
03894	04095	03904	04095	04095	04095	04095	04095	04095	
03880	04095	03896	04095	04095	04095	04095	04095	04095	
03885	04095	03903	04095	04095	04095	04095	04095	04095	
03890	04095	03907	04095	04095	04095	04095	04095	04095	
03881	04095	03899	04095	04095	04095	04095	04095	04095	
03887	04095	03899	04095	04095	04095	04095	04095	04095	
03900	04095	03906	04095	04095	04095	04095	04095	04095	
03895	04095	03900	04095	04095	04095	04095	04095	04095	
03894	04095	03896	04095	04095	04095	04095	04095	04095	
03907	04095	03907	04095	04095	04095	04095	04095	04095	
03906	04095	03909	04095	04095	04095	04095	04095	04095	
03901	04095	03906	04095	04095	04095	04095	04095	04095	
03913	04095	03918	04095	04095	04095	04095	04095	04095	
03881	04095	03886	04095	04095	04095	04095	04063	04077	
03376	03812	03336	03662	03722	03864	04049	03518	03563	
02861	03512	02773	03223	03328	03625	04023	02958	03025	
02338	03201	02202	02775	02923	03375	03991	02387	02469	
01800	02886	01617	02324	02512	03120	03959	01812	01906	
01303	02575	01066	01872	02101	02865	03903	01267	01358	
01271	02551	01027	01854	02076	02841	03898	01235	01304	
01253	02539	01006	01840	02057	02822	03894	01218	01273	
01244	02536	00994	01833	02047	02814	03894	01210	01259	
01241	02535	00989	01833	02046	02811	03896	01208	01252	
01239	02528	00984	01829	02043	02808	03891	01204	01245	
01233	02515	00979	01824	02037	02802	03877	01200	01239	
01231	02506	00975	01821	02034	02800	03864	01197	01234	
01229	02500	00973	01819	02032	02797	03850	01193	01229	
01229	02498	00973	01819	02032	02799	03839	01193	01228	
01228	02498	00972	01819	02033	02801	03834	01195	01228	
01230	02500	00973	01822	02036	02803	03834	01196	01229	
01231	02501	00973	01823	02036	02804	03842	01197	01229	
01233	02505	00974	01825	02037	02807	03852	01200	01232	
01232	02508	00973	01824	02036	02805	03862	01198	01229	
01232	02513	00971	01822	02034	02802	03872	01197	01226	
01238	02524	00976	01828	02040	02811	03888	01204	01231	
01242	02534	00981	01835	02049	02820	03897	01210	01238	
01245	02539	00984	01840	02056	02827	03902	01214	01242	
01245	02536	00987	01843	02059	02831	03896	01216	01245	
01248	02535	00991	01848	02064	02837	03891	01219	01249	
01245	02530	00990	01848	02066	02837	03880	01218	01248	
01241	02524	00987	01842	02060	02830	03868	01214	01243	
01235	02514	00981	01833	02049	02819	03854	01207	01235	
01236	02516	00982	01836	02052	02822	03858	01209	01236	
01241	02525	00987	01843	02060	02832	03871	01216	01242	
01241	02522	00987	01841	02055	02828	03874	01215	01241	
01245	02528	00989	01845	02061	02834	03884	01218	01244	
01251	02540	00994	01853	02069	02843	03899	01224	01250	
01249	02540	00992	01848	02065	02838	03901	01222	01248	
01244	02533	00987	01840	02056	02826	03892	01215	01241	
01244	02533	00988	01842	02058	02826	03890	01215	01240	
01246	02531	00990	01845	02059	02829	03889	01218	01243	
01245	02525	00990	01843	02057	02827	03882	01216	01242	
01252	02534	00997	01856	02070	02841	03891	01225	01251	
01265	02551	01010	01874	02087	02863	03908	01240	01267	
01279	02569	01024	01892	02105	02887	03928	01256	01284	
01293	02588	01037	01911	02123	02910	03949	01272	01298	
01311	02614	01055	01935	02148	02941	03976	01293	01319	
01318	02622	01060	01941	02154	02950	03985	01300	01327	
01320	02627	01061	01942	02157	02951	03991	01302	01330	
01303	02606	01043	01918	02121	02944	03968	01284	01311	
01291	02592	01032	01903	02107	02927	03953	01271	01299	
01284	02578	01024	01894	02097	02915	03940	01262	01290	
01278	02568	01019	01886	02089	02904	03926	01255	01282	
01266	02549	01007	01869	02071	02883	03901	01240	01267	
01269	02551	01011	01872	02087	02865	03901	01243	01270	
01265	02544	01007	01865	02081	02855	03891	01237	01265	
01257	02533	00998	01852	02069	02839	03878	01228	01255	
01249	02521	00990	01841	02057	02828	03871	01220	01247	
01248	02520	00989	01840	02056	02827	03872	01220	01246	
01258	02535	00997	01855	02071	02844	03889	01229	01256	
01266	02546	01004	01864	02081	02857	03900	01238	01265	
01274	02557	01012	01875	02092	02872	03911	01247	01275	
01283	02570	01021	01887	02106	02887	03920	01255	01284	
01292	02584	01031	01901	02120	02904	03934	01267	01297	
01281	02567	01022	01885	02103	02883	03917	01255	01285	
01275	02560	01016	01877	02098	02873	03907	01249	01279	
01266	02548	01007	01865	02086	02856	03898	01239	01269	
01253	02529	00996	01848	02068	02835	03882	01225	01255	
01238	02508	00982	01828	02049	02810	03861	01209	01237	
01236	02505	00979	01826	02048	02806	03860	01206	01234	
01226	02494	00970	01814	02034	02792	03848	01196	01224	
01238	02516	00984	01837	02055	02823	03876	01213	01239	
01248	02532	00995	01851	02073	02841	03892	01224	01252	
01267	02558	01013	01878	02100	02872	03919	01245	01275	
01617	02876	01352	02332	02476	03132	03982	01633	01620	
02052	03198	01787	02792	02894	03395	04024	02112	02055	
02498	03492	02249	03221	03284	03621	04030	02605	02514	
02959	03800	02737	03664	03683	03865	04055	03120	03003	
03426	04095	03241	04095	04072	04095	04095	03640	03502	
03570	04095	03442	04095	04095	04095	04095	03807	03693	
03627	04095	03544	04095	04095	04095	04095	03887	03802	
03658	04095	03608	04095	04095	04095	04095	03932	03872	
03691	04095	03665	04095	04095	04095	04095	03978	03931	
03705	04095	03700	04095	04095	04095	04095	04002	03969	
03703	04095	03715	04095	04095	04095	04095	04011	03993	
03715	04095	03737	04095	04095	04095	04095	04029	04017	
03724	04095	03757	04095	04095	04095	04095	04045	04039	
03716	04095	03759	04095	04095	04095	04095	04042	04047	
03720	04095	03768	04095	04095	04095	04095	04049	04060	
03733	04095	03788	04095	04095	04095	04095	04065	04074	
03731	04095	03792	04095	04095	04095	04095	04066	04082	
03730	04095	03794	04095	04095	04095	04095	04064	04086	
03745	04095	03809	04095	04095	04095	04095	04075	04092	
03749	04095	03817	04095	04095	04095	04095	04080	04095	
03745	04095	03813	04095	04095	04095	04095	04073	04095	
03754	04095	03822	04095	04095	04095	04095	04078	04095	
03763	04095	03833	04095	04095	04095	04095	04085	04095	
03756	04095	03830	04095	04095	04095	04095	04082	04095	
03761	04095	03833	04095	04095	04095	04095	04085	04095	
03780	04095	03848	04095	04095	04095	04095	04092	04095	
03785	04095	03852	04095	04095	04095	04095	04092	04095	
03791	04095	03853	04095	04095	04095	04095	04092	04095	
03812	04095	03868	04095	04095	04095	04095	04095	04095	
03821	04095	03877	04095	04095	04095	04095	04095	04095	
03815	04095	03874	04095	04095	04095	04095	04095	04095	
03824	04095	03881	04095	04095	04095	04095	04095	04095	
03832	04095	03890	04095	04095	04095	04095	04095	04095	
03823	04095	03884	04095	04095	04095	04095	04095	04095	
03825	04095	03884	04095	04095	04095	04095	04095	04095	
03833	04095	03893	04095	04095	04095	04095	04095	04095	
03822	04095	03888	04095	04095	04095	04095	04095	04095	
03810	04095	03880	04095	04095	04095	04095	04095	04095	
03813	04095	03886	04095	04095	04095	04095	04095	04095	
03803	04095	03885	04095	04095	04095	04095	04095	04095	
03782	04095	03873	04095	04095	04095	04095	04094	04095	
03780	04095	03876	04095	04095	04095	04095	04094	04095	
03777	04095	03880	04095	04095	04095	04095	04094	04095	
03760	04095	03869	04095	04095	04095	04095	04093	04095	
03761	04095	03867	04095	04095	04095	04095	04093	04095	
03777	04095	03875	04095	04095	04095	04095	04093	04095	
03777	04095	03868	04095	04095	04095	04095	04093	04095	
03779	04095	03861	04095	04095	04095	04095	04093	04095	
03795	04095	03870	04095	04095	04095	04095	04095	04095	
03796	04095	03869	04095	04095	04095	04095	04095	04095	
03783	04095	03859	04095	04095	04095	04095	04093	04095	
03790	04095	03862	04095	04095	04095	04095	04093	04095	
03797	04095	03867	04095	04095	04095	04095	04093	04095	
03788	04095	03858	04095	04095	04095	04095	04091	04095	
03792	04095	03857	04095	04095	04095	04095	04091	04095	
03808	04095	03867	04095	04095	04095	04095	04093	04095	
03803	04095	03862	04095	04095	04095	04095	04093	04095	
03797	04095	03857	04095	04095	04095	04095	04093	04095	
03808	04095	03866	04095	04095	04095	04095	04095	04095	
03810	04095	03871	04095	04095	04095	04095	04095	04095	
03803	04095	03865	04095	04095	04095	04095	04095	04095	
03815	04095	03875	04095	04095	04095	04095	04095	04095	
03828	04095	03886	04095	04095	04095	04095	04095	04095	
03824	04095	03883	04095	04095	04095	04095	04095	04095	
03825	04095	03883	04095	04095	04095	04095	04095	04095	
03833	04095	03893	04095	04095	04095	04095	04095	04095	
03821	04095	03890	04095	04095	04095	04095	04095	04095	
03807	04095	03883	04095	04095	04095	04095	04095	04095	
03812	04095	03890	04095	04095	04095	04095	04095	04095	
03811	04095	03892	04095	04095	04095	04095	04095	04095	
03773	04095	03832	04095	04095	04095	04095	04037	04066	
03781	04095	03825	04095	04095	04095	04095	04035	04066	
03411	03864	03403	03768	03810	03973	04095	03599	03674	
02921	03519	02857	03335	03412	03741	04042	03050	03150	
02419	03158	02288	02892	02998	03497	03951	02487	02604	
01941	02788	01766	02441	02575	03265	03849	01972	02070	
01422	02412	01198	01986	02147	03004	03769	01395	01502	
01283	02266	01045	01856	02001	02865	03688	01253	01324	
01255	02236	01010	01836	01970	02837	03662	01223	01277	
01240	02221	00993	01822	01948	02820	03645	01207	01251	
01233	02212	00983	01815	01948	02790	03638	01200	01239	
01235	02216	00983	01820	01952	02797	03644	01202	01238	
01260	02251	01005	01858	01992	02843	03688	01230	01263	
01281	02281	01026	01886	02030	02880	03723	01257	01288	
01309	02319	01053	01924	02079	02928	03768	01288	01318	
01341	02362	01085	01968	02134	02982	03819	01324	01353	
01346	02368	01090	01970	02143	02984	03825	01330	01359	
01319	02331	01064	01932	02103	02938	03780	01300	01330	
01296	02298	01039	01900	02064	02898	03742	01271	01301	
01267	02259	01010	01861	02016	02849	03698	01237	01268	
01234	02214	00977	01816	01960	02793	03645	01199	01228	
01224	02202	00967	01807	01943	02783	03632	01188	01215	
01226	02202	00967	01809	01942	02784	03636	01188	01215	
01225	02201	00966	01807	01943	02782	03635	01187	01213	
01225	02202	00966	01809	01950	02784	03637	01188	01213	
01228	02204	00968	01812	01963	02787	03640	01190	01216	
01227	02203	00968	01813	01972	02786	03643	01190	01216	
01225	02201	00966	01811	01978	02785	03640	01189	01215	
01226	02202	00967	01814	01983	02787	03641	01190	01217	
01225	02201	00965	01812	01979	02786	03640	01189	01215	
01224	02200	00965	01812	01972	02786	03643	01190	01215	
01229	02206	00969	01818	01971	02795	03650	01194	01219	
01249	02237	00989	01849	01992	02835	03690	01218	01241	
01253	02243	00993	01854	01994	02842	03698	01224	01247	
01255	02245	00995	01857	01997	02845	03701	01225	01249	
01256	02247	00995	01858	02002	02846	03702	01225	01249	
01251	02241	00990	01851	01999	02840	03695	01221	01246	
01231	02211	00971	01821	01976	02801	03659	01197	01223	
01228	02207	00969	01818	01976	02796	03654	01194	01219	
01225	02204	00966	01815	01976	02793	03651	01192	01216	
01222	02201	00964	01811	01974	02789	03648	01190	01214	
01223	02203	00964	01813	01973	02791	03650	01190	01214	
01223	02203	00964	01814	01969	02791	03648	01189	01213	
01219	02200	00960	01808	01960	02786	03645	01186	01210	
01219	02200	00960	01809	01958	02787	03645	01185	01210	
01220	02200	00960	01809	01959	02787	03646	01185	01211	
01217	02196	00958	01805	01955	02782	03640	01182	01207	
01223	02207	00964	01815	01965	02796	03655	01190	01214	
01233	02219	00973	01830	01982	02814	03674	01202	01224	
01258	02255	00997	01864	02016	02858	03716	01229	01252	
01271	02273	01011	01878	02034	02877	03735	01242	01266	
01285	02292	01025	01898	02059	02902	03760	01259	01283	
01280	02285	01021	01889	02054	02890	03751	01254	01280	
01296	02309	01037	01912	02070	02921	03777	01271	01296	
01302	02316	01043	01917	02076	02928	03785	01278	01304	
01528	02608	01260	02271	02343	03172	03873	01535	01534	
01910	02969	01636	02711	02752	03411	03930	01958	01910	
02345	03344	02086	03166	03177	03669	04002	02447	02359	
02793	03687	02557	03587	03575	03883	04038	02948	02824	
03245	04024	03045	04006	03964	04095	04095	03454	03301	
03490	04095	03342	04095	04095	04095	04095	03730	03581	
03593	04095	03489	04095	04095	04095	04095	03852	03727	
03658	04095	03583	04095	04095	04095	04095	03926	03821	
03684	04095	03633	04095	04095	04095	04095	03958	03877	
03711	04095	03672	04095	04095	04095	04095	03984	03921	
03747	04095	03713	04095	04095	04095	04095	04016	03962	
03766	04095	03735	04095	04095	04095	04095	04029	03986	
03777	04095	03747	04095	04095	04095	04095	04033	04002	
03803	04095	03772	04095	04095	04095	04095	04053	04026	
03817	04095	03789	04095	04095	04095	04095	04067	04043	
03813	04095	03791	04095	04095	04095	04095	04063	04048	
03821	04095	03804	04095	04095	04095	04095	04073	04060	
03830	04095	03818	04095	04095	04095	04095	04083	04071	
03819	04095	03814	04095	04095	04095	04095	04077	04069	
03814	04095	03813	04095	04095	04095	04095	04075	04070	
03824	04095	03824	04095	04095	04095	04095	04084	04078	
03818	04095	03821	04095	04095	04095	04095	04082	04080	
03811	04095	03815	04095	04095	04095	04095	04078	04080	
03825	04095	03826	04095	04095	04095	04095	04084	04087	
03833	04095	03832	04095	04095	04095	04095	04089	04091	
03826	04095	03825	04095	04095	04095	04095	04084	04091	
03835	04095	03830	04095	04095	04095	04095	04085	04092	
03849	04095	03843	04095	04095	04095	04095	04090	04094	
03841	04095	03839	04095	04095	04095	04095	04088	04094	
03839	04095	03839	04095	04095	04095	04095	04087	04094	
03852	04095	03851	04095	04095	04095	04095	04092	04095	
03848	04095	03851	04095	04095	04095	04095	04092	04095	
03837	04095	03843	04095	04095	04095	04095	04090	04095	
03845	04095	03851	04095	04095	04095	04095	04091	04095	
03852	04095	03860	04095	04095	04095	04095	04092	04095	
03845	04095	03857	04095	04095	04095	04095	04092	04095	
03857	04095	03865	04095	04095	04095	04095	04092	04095	
03879	04095	03882	04095	04095	04095	04095	04095	04095	
03883	04095	03885	04095	04095	04095	04095	04095	04095	
03890	04095	03887	04095	04095	04095	04095	04095	04095	
03910	04095	03901	04095	04095	04095	04095	04095	04095	
03914	04095	03907	04095	04095	04095	04095	04095	04095	
03910	04095	03904	04095	04095	04095	04095	04095	04095	
03921	04095	03915	04095	04095	04095	04095	04095	04095	
03927	04095	03926	04095	04095	04095	04095	04095	04095	
03918	04095	03925	04095	04095	04095	04095	04095	04095	
03919	04095	03933	04095	04095	04095	04095	04095	04095	
03928	04095	03950	04095	04095	04095	04095	04095	04095	
03918	04095	03952	04095	04095	04095	04095	04095	04095	
03909	04095	03955	04095	04095	04095	04095	04095	04095	
03914	04095	03969	04095	04095	04095	04095	04095	04095	
03903	04095	03972	04095	04095	04095	04095	04095	04095	
03884	04095	03965	04095	04095	04095	04095	04095	04095	
03883	04095	03971	04095	04095	04095	04095	04095	04095	
03877	04095	03978	04095	04095	04095	04095	04095	04095	
03857	04095	03973	04095	04095	04095	04095	04095	04095	
03852	04095	03978	04095	04095	04095	04095	04095	04095	
03856	04095	03992	04095	04095	04095	04095	04095	04095	
03840	04095	03993	04095	04095	04095	04095	04095	04095	
03829	04095	03994	04095	04095	04095	04095	04095	04095	
03833	04095	04009	04095	04095	04095	04095	04095	04095	
03825	04095	04016	04095	04095	04095	04095	04095	04095	
03807	04095	04015	04095	04095	04095	04095	04095	04095	
03811	04095	04026	04095	04095	04095	04095	04095	04095	
03811	04095	04037	04095	04095	04095	04095	04095	04095	
03793	04095	04033	04095	04095	04095	04095	04095	04095	
03788	04095	04038	04095	04095	04095	04095	04095	04095	
03796	04095	04054	04095	04095	04095	04095	04095	04095	
03783	04095	04058	04095	04095	04095	04095	04095	04095	
03769	04095	04061	04095	04095	04095	04095	04095	04095	
03775	04095	04074	04095	04095	04095	04095	04095	04095	
03768	04095	04081	04095	04095	04095	04095	04095	04095	
03747	04095	04077	04095	04095	04095	04095	04095	04095	
03746	04095	04080	04095	04095	04095	04095	04095	04095	
03747	04095	04083	04095	04095	04095	04095	04095	04095	
03728	04095	04077	04095	04095	04095	04095	04095	04095	
03722	04095	04073	04095	04095	04095	04095	04095	04095	
03729	04095	04078	04095	04095	04095	04095	04095	04095	
03717	04095	04073	04095	04095	04095	04095	04095	04095	
03706	04095	04065	04095	04095	04095	04095	04095	04095	
03717	04095	04070	04095	04095	04095	04095	04095	04095	
03715	04095	04068	04095	04095	04095	04095	04095	04095	
03699	04095	04056	04095	04095	04095	04095	04095	04095	
03703	04095	04057	04095	04095	04095	04095	04095	04095	
03704	04095	04058	04095	04095	04095	04095	04095	04095	
03681	04095	04043	04095	04095	04095	04095	04095	04095	
03668	04095	04034	04095	04095	04095	04095	04095	04095	
03671	04095	04033	04095	04095	04095	04095	04095	04095	
03653	04095	04020	04095	04095	04095	04095	04095	04095	
03638	04095	04008	04095	04095	04095	04095	04095	04095	
03649	04095	04012	04095	04095	04095	04095	04095	04095	
03652	04095	04013	04095	04095	04095	04095	04095	04095	
03638	04095	04005	04095	04095	04095	04095	04095	04095	
