03794	04095	04090	04095	04095	04095	04095	04095	04095	
03811	04095	04091	04095	04095	04095	04095	04095	04095	
03805	04095	04090	04095	04095	04095	04095	04095	04095	
03795	04095	04088	04095	04095	04095	04095	04095	04095	
03810	04095	04091	04095	04095	04095	04095	04095	04095	
03813	04095	04091	04095	04095	04095	04095	04095	04095	
03799	04095	04091	04095	04095	04095	04095	04095	04095	
03806	04095	04092	04095	04095	04095	04095	04095	04095	
03818	04095	04094	04095	04095	04095	04095	04095	04095	
03803	04095	04094	04095	04095	04095	04095	04095	04095	
03797	04095	04092	04095	04095	04095	04095	04095	04095	
03809	04095	04092	04095	04095	04095	04095	04095	04095	
03799	04095	04089	04095	04095	04095	04095	04095	04095	
03784	04095	04083	04095	04095	04095	04095	04095	04095	
03795	04095	04084	04095	04095	04095	04095	04095	04095	
03798	04095	04086	04095	04095	04095	04095	04095	04095	
03782	04095	04083	04095	04095	04095	04095	04095	04095	
03789	04095	04084	04095	04095	04095	04095	04095	04095	
03801	04095	04089	04095	04095	04095	04095	04095	04095	
03787	04095	04084	04095	04095	04095	04095	04095	04095	
03783	04095	04083	04095	04095	04095	04095	04095	04095	
03799	04095	04086	04095	04095	04095	04095	04095	04095	
03794	04095	04084	04095	04095	04095	04095	04095	04095	
03782	04095	04077	04095	04095	04095	04095	04095	04095	
03796	04095	04082	04095	04095	04095	04095	04095	04095	
03801	04095	04083	04095	04095	04095	04095	04095	04095	
03786	04095	04081	04095	04095	04095	04095	04095	04095	
03794	04095	04085	04095	04095	04095	04095	04095	04095	
03809	04095	04092	04095	04095	04095	04095	04095	04095	
03799	04095	04092	04095	04095	04095	04095	04095	04095	
03799	04095	04092	04095	04095	04095	04095	04095	04095	
03817	04095	04094	04095	04095	04095	04095	04095	04095	
03813	04095	04094	04095	04095	04095	04095	04095	04095	
03801	04095	04093	04095	04095	04095	04095	04095	04095	
03815	04095	04093	04095	04095	04095	04095	04095	04095	
03818	04095	04093	04095	04095	04095	04095	04095	04095	
03803	04095	04093	04095	04095	04095	04095	04095	04095	
03807	04095	04093	04095	04095	04095	04095	04095	04095	
03820	04095	04095	04095	04095	04095	04095	04095	04095	
03808	04095	04094	04095	04095	04095	04095	04095	04095	
03804	04095	04094	04095	04095	04095	04095	04095	04095	
03819	04095	04094	04095	04095	04095	04095	04095	04095	
03815	04095	04094	04095	04095	04095	04095	04095	04095	
03799	04095	04091	04095	04095	04095	04095	04095	04095	
03809	04095	04091	04095	04095	04095	04095	04095	04095	
03811	04095	04091	04095	04095	04095	04095	04095	04095	
03791	04095	04090	04095	04095	04095	04095	04095	04095	
03791	04095	04089	04095	04095	04095	04095	04095	04095	
03805	04095	04092	04095	04095	04095	04095	04095	04095	
03792	04095	04088	04095	04095	04095	04095	04095	04095	
03786	04095	04087	04095	04095	04095	04095	04095	04095	
03803	04095	04088	04095	04095	04095	04095	04095	04095	
03799	04095	04088	04095	04095	04095	04095	04095	04095	
03784	04095	04082	04095	04095	04095	04095	04095	04095	
03795	04095	04086	04095	04095	04095	04095	04095	04095	
03801	04095	04087	04095	04095	04095	04095	04095	04095	
03783	04095	04085	04095	04095	04095	04095	04095	04095	
03787	04095	04084	04095	04095	04095	04095	04095	04095	
03799	04095	04090	04095	04095	04095	04095	04095	04095	
03468	03823	03642	03785	03680	03993	04023	03653	03786	
03098	03521	03135	03453	03238	03869	03906	03163	03424	
02728	03214	02613	03117	02800	03739	03784	02661	03044	
02342	02898	02086	02776	02346	03606	03679	02151	02653	
01948	02581	01553	02432	01891	03471	03575	01638	02254	
01888	02537	01467	02401	01852	03441	03545	01567	02163	
01867	02521	01433	02390	01839	03431	03533	01542	02124	
01852	02508	01413	02380	01830	03423	03522	01530	02096	
01848	02504	01402	02377	01828	03422	03520	01524	02081	
01848	02504	01395	02378	01827	03421	03521	01520	02073	
01840	02498	01386	02371	01821	03414	03516	01514	02061	
01837	02495	01381	02367	01819	03411	03515	01510	02052	
01840	02499	01380	02372	01822	03414	03519	01509	02050	
01837	02498	01377	02370	01820	03411	03516	01506	02044	
01832	02492	01374	02364	01817	03408	03511	01505	02038	
01835	02493	01374	02368	01821	03410	03512	01506	02038	
01834	02494	01372	02369	01820	03411	03511	01505	02036	
01826	02485	01365	02359	01802	03425	03502	01500	02027	
01826	02487	01365	02361	01804	03428	03507	01501	02027	
01828	02490	01364	02363	01805	03428	03506	01500	02027	
01823	02486	01361	02357	01801	03425	03501	01499	02023	
01820	02483	01359	02353	01799	03423	03497	01497	02019	
01825	02487	01361	02358	01813	03407	03502	01499	02021	
01823	02481	01358	02353	01809	03404	03496	01495	02016	
01819	02476	01355	02348	01805	03401	03494	01491	02010	
01822	02477	01355	02351	01807	03402	03497	01491	02010	
01824	02480	01355	02353	01808	03403	03498	01490	02010	
01818	02477	01352	02348	01805	03397	03496	01489	02008	
01818	02479	01351	02348	01805	03394	03495	01490	02008	
01820	02483	01352	02351	01808	03394	03496	01489	02010	
01815	02481	01351	02348	01805	03389	03492	01487	02007	
01812	02477	01349	02343	01803	03386	03490	01486	02004	
01817	02481	01351	02348	01807	03389	03492	01486	02005	
01816	02479	01351	02347	01807	03390	03491	01485	02004	
01813	02476	01350	02344	01806	03389	03489	01485	02004	
01817	02478	01352	02346	01809	03391	03490	01485	02004	
01820	02482	01354	02350	01811	03392	03490	01487	02006	
01817	02480	01354	02346	01808	03389	03488	01488	02005	
01818	02482	01354	02348	01809	03389	03489	01488	02006	
01822	02486	01355	02351	01811	03390	03494	01490	02007	
01819	02484	01354	02348	01809	03389	03493	01489	02007	
01816	02481	01353	02345	01807	03389	03492	01488	02004	
01820	02483	01354	02350	01811	03393	03495	01488	02006	
01820	02484	01355	02351	01812	03395	03497	01489	02006	
01816	02482	01355	02348	01810	03394	03496	01487	02004	
01821	02489	01358	02355	01815	03398	03504	01490	02008	
01850	02527	01385	02392	01845	03436	03547	01518	02041	
01868	02552	01406	02414	01866	03461	03577	01540	02064	
01898	02591	01438	02451	01899	03502	03623	01574	02100	
01932	02630	01469	02491	01932	03543	03664	01607	02138	
01952	02652	01492	02514	01952	03571	03691	01632	02163	
01948	02646	01490	02507	01949	03566	03685	01632	02162	
01952	02648	01492	02510	01951	03569	03685	01632	02165	
01942	02634	01480	02494	01937	03551	03667	01619	02153	
01925	02616	01467	02475	01921	03531	03647	01607	02138	
01922	02612	01460	02471	01918	03524	03640	01601	02133	
01919	02609	01456	02468	01914	03519	03636	01596	02129	
01904	02592	01443	02451	01899	03500	03617	01584	02115	
01891	02575	01430	02435	01886	03483	03598	01570	02099	
01880	02558	01415	02420	01873	03466	03578	01552	02082	
01858	02532	01395	02395	01850	03439	03551	01530	02057	
01834	02504	01373	02366	01827	03410	03518	01508	02029	
01827	02491	01363	02358	01819	03400	03503	01497	02016	
01819	02480	01354	02348	01811	03391	03492	01488	02004	
01811	02471	01348	02339	01803	03383	03486	01482	01995	
01812	02472	01347	02339	01804	03382	03484	01482	01995	
01815	02475	01348	02342	01805	03382	03486	01482	01996	
01812	02473	01347	02338	01795	03380	03485	01481	02021	
01813	02475	01348	02340	01797	03382	03489	01483	02022	
01820	02481	01352	02348	01803	03389	03495	01486	02028	
01819	02481	01353	02348	01804	03393	03498	01487	02028	
01817	02480	01354	02347	01804	03394	03499	01487	02028	
01821	02487	01356	02352	01815	03396	03503	01487	02004	
01822	02490	01355	02352	01815	03394	03502	01486	02004	
01817	02487	01353	02347	01811	03386	03499	01484	02001	
01818	02490	01353	02349	01811	03384	03499	01483	02002	
01822	02495	01354	02353	01813	03384	03502	01484	02004	
01818	02491	01353	02349	01810	03381	03500	01483	02001	
01817	02490	01353	02347	01810	03380	03499	01483	02000	
01822	02494	01354	02352	01813	03385	03504	01484	02003	
01821	02493	01353	02350	01812	03384	03504	01483	02002	
01835	02511	01369	02371	01827	03411	03530	01502	02019	
01858	02539	01387	02391	01851	03436	03551	01524	02048	
02088	02821	01615	02708	02145	03579	03661	01806	02280	
02395	03140	01980	03054	02550	03720	03767	02236	02597	
02740	03462	02401	03404	02997	03863	03876	02722	02957	
03095	03761	02844	03731	03440	03977	03982	03219	03324	
03439	04054	03302	04060	03865	04095	04095	03718	03694	
03578	04095	03556	04095	04030	04095	04095	03959	03867	
03655	04095	03687	04095	04082	04095	04095	04052	03967	
03691	04095	03769	04095	04095	04095	04095	04088	04026	
03696	04095	03815	04095	04095	04095	04095	04095	04059	
03719	04095	03855	04095	04095	04095	04095	04095	04081	
03741	04095	03890	04095	04095	04095	04095	04095	04094	
03735	04095	03907	04095	04095	04095	04095	04095	04095	
03738	04095	03923	04095	04095	04095	04095	04095	04095	
03759	04095	03947	04095	04095	04095	04095	04095	04095	
03757	04095	03959	04095	04095	04095	04095	04095	04095	
03749	04095	03963	04095	04095	04095	04095	04095	04095	
03766	04095	03979	04095	04095	04095	04095	04095	04095	
03773	04095	03990	04095	04095	04095	04095	04095	04095	
03763	04095	03992	04095	04095	04095	04095	04095	04095	
03774	04095	04004	04095	04095	04095	04095	04095	04095	
03793	04095	04022	04095	04095	04095	04095	04095	04095	
03785	04095	04026	04095	04095	04095	04095	04095	04095	
03785	04095	04032	04095	04095	04095	04095	04095	04095	
03804	04095	04047	04095	04095	04095	04095	04095	04095	
03801	04095	04052	04095	04095	04095	04095	04095	04095	
03788	04095	04048	04095	04095	04095	04095	04095	04095	
03801	04095	04056	04095	04095	04095	04095	04095	04095	
03808	04095	04062	04095	04095	04095	04095	04095	04095	
03792	04095	04057	04095	04095	04095	04095	04095	04095	
03796	04095	04060	04095	04095	04095	04095	04095	04095	
03811	04095	04070	04095	04095	04095	04095	04095	04095	
03801	04095	04069	04095	04095	04095	04095	04095	04095	
03795	04095	04068	04095	04095	04095	04095	04095	04095	
03813	04095	04076	04095	04095	04095	04095	04095	04095	
03809	04095	04077	04095	04095	04095	04095	04095	04095	
03792	04095	04067	04095	04095	04095	04095	04095	04095	
03800	04095	04069	04095	04095	04095	04095	04095	04095	
03806	04095	04071	04095	04095	04095	04095	04095	04095	
03787	04095	04064	04095	04095	04095	04095	04095	04095	
03787	04095	04062	04095	04095	04095	04095	04095	04095	
03802	04095	04071	04095	04095	04095	04095	04095	04095	
03792	04095	04068	04095	04095	04095	04095	04095	04095	
03783	04095	04064	04095	04095	04095	04095	04095	04095	
03799	04095	04070	04095	04095	04095	04095	04095	04095	
03801	04095	04072	04095	04095	04095	04095	04095	04095	
03787	04095	04066	04095	04095	04095	04095	04095	04095	
03797	04095	04070	04095	04095	04095	04095	04095	04095	
03807	04095	04076	04095	04095	04095	04095	04095	04095	
03792	04095	04070	04095	04095	04095	04095	04095	04095	
03791	04095	04068	04095	04095	04095	04095	04095	04095	
03808	04095	04075	04095	04095	04095	04095	04095	04095	
03803	04095	04077	04095	04095	04095	04095	04095	04095	
03795	04095	04076	04095	04095	04095	04095	04095	04095	
03815	04095	04083	04095	04095	04095	04095	04095	04095	
03821	04095	04088	04095	04095	04095	04095	04095	04095	
03807	04095	04086	04095	04095	04095	04095	04095	04095	
03813	04095	04089	04095	04095	04095	04095	04095	04095	
03827	04095	04092	04095	04095	04095	04095	04095	04095	
03813	04095	04092	04095	04095	04095	04095	04095	04095	
03811	04095	04092	04095	04095	04095	04095	04095	04095	
03827	04095	04094	04095	04095	04095	04095	04095	04095	
03823	04095	04094	04095	04095	04095	04095	04095	04095	
03809	04095	04093	04095	04095	04095	04095	04095	04095	
03823	04095	04094	04095	04095	04095	04095	04095	04095	
03829	04095	04094	04095	04095	04095	04095	04095	04095	
03815	04095	04094	04095	04095	04095	04095	04095	04095	
03822	04095	04094	04095	04095	04095	04095	04095	04095	
03838	04095	04095	04095	04095	04095	04095	04095	04095	
03824	04095	04094	04095	04095	04095	04095	04095	04095	
03815	04095	04094	04095	04095	04095	04095	04095	04095	
03829	04095	04094	04095	04095	04095	04095	04095	04095	
03823	04095	04094	04095	04095	04095	04095	04095	04095	
03807	04095	04093	04095	04095	04095	04095	04095	04095	
03820	04095	04093	04095	04095	04095	04095	04095	04095	
03829	04095	04093	04095	04095	04095	04095	04095	04095	
03814	04095	04093	04095	04095	04095	04095	04095	04095	
03815	04095	04093	04095	04095	04095	04095	04095	04095	
03831	04095	04094	04095	04095	04095	04095	04095	04095	
03821	04095	04094	04095	04095	04095	04095	04095	04095	
03812	04095	04094	04095	04095	04095	04095	04095	04095	
03828	04095	04095	04095	04095	04095	04095	04095	04095	
03828	04095	04095	04095	04095	04095	04095	04095	04095	
03812	04095	04095	04095	04095	04095	04095	04095	04095	
03820	04095	04095	04095	04095	04095	04095	04095	04095	
03828	04095	04095	04095	04095	04095	04095	04095	04095	
03808	04095	04095	04095	04095	04095	04095	04095	04095	
03799	04095	04095	04095	04095	04095	04095	04095	04095	
03807	04095	04095	04095	04095	04095	04095	04095	04095	
03791	04095	04095	04095	04095	04095	04095	04095	04095	
03773	04095	04095	04095	04095	04095	04095	04095	04095	
03783	04095	04095	04095	04095	04095	04095	04095	04095	
03785	04095	04095	04095	04095	04095	04095	04095	04095	
03769	04095	04095	04095	04095	04095	04095	04095	04095	
03774	04095	04095	04095	04095	04095	04095	04095	04095	
03785	04095	04095	04095	04095	04095	04095	04095	04095	
03771	04095	04095	04095	04095	04095	04095	04095	04095	
03768	04095	04095	04095	04095	04095	04095	04095	04095	
03783	04095	04095	04095	04095	04095	04095	04095	04095	
03777	04095	04095	04095	04095	04095	04095	04095	04095	
03766	04095	04095	04095	04095	04095	04095	04095	04095	
03779	04095	04095	04095	04095	04095	04095	04095	04095	
03778	04095	04095	04095	04095	04095	04095	04095	04095	
03758	04095	04094	04095	04095	04095	04095	04095	04095	
03761	04095	04094	04095	04095	04095	04095	04095	04095	
03770	04095	04094	04095	04095	04095	04095	04095	04095	
03754	04095	04094	04095	04095	04095	04095	04095	04095	
03749	04095	04094	04095	04095	04095	04095	04095	04095	
03765	04095	04095	04095	04095	04095	04095	04095	04095	
03760	04095	04095	04095	04095	04095	04095	04095	04095	
03747	04095	04095	04095	04095	04095	04095	04095	04095	
03760	04095	04095	04095	04095	04095	04095	04095	04095	
03767	04095	04095	04095	04095	04095	04095	04095	04095	
03752	04095	04095	04095	04095	04095	04095	04095	04095	
03754	04095	04095	04095	04095	04095	04095	04095	04095	
03767	04095	04095	04095	04095	04095	04095	04095	04095	
03755	04095	04095	04095	04095	04095	04095	04095	04095	
03747	04095	04095	04095	04095	04095	04095	04095	04095	
03762	04095	04095	04095	04095	04095	04095	04095	04095	
03763	04095	04095	04095	04095	04095	04095	04095	04095	
03753	04095	04095	04095	04095	04095	04095	04095	04095	
03766	04095	04095	04095	04095	04095	04095	04095	04095	
03778	04095	04095	04095	04095	04095	04095	04095	04095	
03768	04095	04095	04095	04095	04095	04095	04095	04095	
03769	04095	04095	04095	04095	04095	04095	04095	04095	
03785	04095	04095	04095	04095	04095	04095	04095	04095	
03776	04095	04095	04095	04095	04095	04095	04095	04095	
03767	04095	04095	04095	04095	04095	04095	04095	04095	
03783	04095	04095	04095	04095	04095	04095	04095	04095	
03784	04095	04095	04095	04095	04095	04095	04095	04095	
03769	04095	04095	04095	04095	04095	04095	04095	04095	
03777	04095	04095	04095	04095	04095	04095	04095	04095	
03788	04095	04095	04095	04095	04095	04095	04095	04095	
03774	04095	04095	04095	04095	04095	04095	04095	04095	
03772	04095	04095	04095	04095	04095	04095	04095	04095	
03786	04095	04095	04095	04095	04095	04095	04095	04095	
03775	04095	04095	04095	04095	04095	04095	04095	04095	
03761	04095	04095	04095	04095	04095	04095	04095	04095	
03773	04095	04095	04095	04095	04095	04095	04095	04095	
03772	04095	04095	04095	04095	04095	04095	04095	04095	
03755	04095	04095	04095	04095	04095	04095	04095	04095	
03761	04095	04095	04095	04095	04095	04095	04095	04095	
03773	04095	04095	04095	04095	04095	04095	04095	04095	
03758	04095	04095	04095	04095	04095	04095	04095	04095	
03754	04095	04095	04095	04095	04095	04095	04095	04095	
03770	04095	04095	04095	04095	04095	04095	04095	04095	
03766	04095	04095	04095	04095	04095	04095	04095	04095	
03755	04095	04095	04095	04095	04095	04095	04095	04095	
03769	04095	04095	04095	04095	04095	04095	04095	04095	
03775	04095	04095	04095	04095	04095	04095	04095	04095	
03760	04095	04095	04095	04095	04095	04095	04095	04095	
03763	04095	04095	04095	04095	04095	04095	04095	04095	
03779	04095	04095	04095	04095	04095	04095	04095	04095	
03769	04095	04095	04095	04095	04095	04095	04095	04095	
03765	04095	04095	04095	04095	04095	04095	04095	04095	
03783	04095	04095	04095	04095	04095	04095	04095	04095	
03782	04095	04095	04095	04095	04095	04095	04095	04095	
03769	04095	04095	04095	04095	04095	04095	04095	04095	
03781	04095	04095	04095	04095	04095	04095	04095	04095	
03785	04095	04095	04095	04095	04095	04095	04095	04095	
03771	04095	04095	04095	04095	04095	04095	04095	04095	
03775	04095	04095	04095	04095	04095	04095	04095	04095	
03789	04095	04095	04095	04095	04095	04095	04095	04095	
03778	04095	04095	04095	04095	04095	04095	04095	04095	
03773	04095	04095	04095	04095	04095	04095	04095	04095	
03789	04095	04095	04095	04095	04095	04095	04095	04095	
03788	04095	04095	04095	04095	04095	04095	04095	04095	
03773	04095	04095	04095	04095	04095	04095	04095	04095	
03781	04095	04095	04095	04095	04095	04095	04095	04095	
03783	04095	04095	04095	04095	04095	04095	04095	04095	
03761	04095	04095	04095	04095	04095	04095	04095	04095	
03755	04095	04095	04095	04095	04095	04095	04095	04095	
03764	04095	04095	04095	04095	04095	04095	04095	04095	
03751	04095	04095	04095	04095	04095	04095	04095	04095	
03743	04095	04095	04095	04095	04095	04095	04095	04095	
03758	04095	04095	04095	04095	04095	04095	04095	04095	
03759	04095	04095	04095	04095	04095	04095	04095	04095	
03745	04095	04095	04095	04095	04095	04095	04095	04095	
03754	04095	04095	04095	04095	04095	04095	04095	04095	
03764	04095	04095	04095	04095	04095	04095	04095	04095	
03751	04095	04095	04095	04095	04095	04095	04095	04095	
03750	04095	04095	04095	04095	04095	04095	04095	04095	
03764	04095	04095	04095	04095	04095	04095	04095	04095	
03756	04095	04095	04095	04095	04095	04095	04095	04095	
03745	04095	04095	04095	04095	04095	04095	04095	04095	
03761	04095	04095	04095	04095	04095	04095	04095	04095	
03769	04095	04095	04095	04095	04095	04095	04095	04095	
03762	04095	04095	04095	04095	04095	04095	04095	04095	
03778	04095	04095	04095	04095	04095	04095	04095	04095	
03800	04095	04095	04095	04095	04095	04095	04095	04095	
03795	04095	04095	04095	04095	04095	04095	04095	04095	
03795	04095	04095	04095	04095	04095	04095	04095	04095	
03813	04095	04095	04095	04095	04095	04095	04095	04095	
03807	04095	04095	04095	04095	04095	04095	04095	04095	
03792	04095	04095	04095	04095	04095	04095	04095	04095	
03803	04095	04095	04095	04095	04095	04095	04095	04095	
03805	04095	04095	04095	04095	04095	04095	04095	04095	
03791	04095	04095	04095	04095	04095	04095	04095	04095	
03801	04095	04095	04095	04095	04095	04095	04095	04095	
03824	04095	04095	04095	04095	04095	04095	04095	04095	
03822	04095	04095	04095	04095	04095	04095	04095	04095	
03827	04095	04095	04095	04095	04095	04095	04095	04095	
03848	04095	04095	04095	04095	04095	04095	04095	04095	
03845	04095	04095	04095	04095	04095	04095	04095	04095	
03829	04095	04095	04095	04095	04095	04095	04095	04095	
03839	04095	04095	04095	04095	04095	04095	04095	04095	
03843	04095	04095	04095	04095	04095	04095	04095	04095	
03828	04095	04095	04095	04095	04095	04095	04095	04095	
03833	04095	04095	04095	04095	04095	04095	04095	04095	
03851	04095	04095	04095	04095	04095	04095	04095	04095	
03841	04095	04095	04095	04095	04095	04095	04095	04095	
03835	04095	04095	04095	04095	04095	04095	04095	04095	
03850	04095	04095	04095	04095	04095	04095	04095	04095	
03848	04095	04095	04095	04095	04095	04095	04095	04095	
03833	04095	04095	04095	04095	04095	04095	04095	04095	
03844	04095	04095	04095	04095	04095	04095	04095	04095	
03854	04095	04095	04095	04095	04095	04095	04095	04095	
03841	04095	04095	04095	04095	04095	04095	04095	04095	
03842	04095	04095	04095	04095	04095	04095	04095	04095	
03861	04095	04095	04095	04095	04095	04095	04095	04095	
03854	04095	04095	04095	04095	04095	04095	04095	04095	
03847	04095	04095	04095	04095	04095	04095	04095	04095	
03865	04095	04095	04095	04095	04095	04095	04095	04095	
03870	04095	04095	04095	04095	04095	04095	04095	04095	
03856	04095	04095	04095	04095	04095	04095	04095	04095	
03865	04095	04095	04095	04095	04095	04095	04095	04095	
03875	04095	04095	04095	04095	04095	04095	04095	04095	
03860	04095	04095	04095	04095	04095	04095	04095	04095	
03857	04095	04095	04095	04095	04095	04095	04095	04095	
03872	04095	04095	04095	04095	04095	04095	04095	04095	
03624	03948	03794	03880	03829	04046	04075	03741	03896	
03251	03693	03310	03554	03434	03898	04009	03213	03558	
02874	03428	02798	03224	03032	03742	03935	02668	03191	
02483	03158	02274	02887	02623	03582	03857	02115	02812	
02074	02884	01740	02544	02209	03417	03750	01557	02421	
01922	02766	01507	02424	02064	03329	03667	01356	02231	
01897	02758	01462	02417	02047	03320	03656	01332	02177	
01882	02755	01441	02407	02028	03315	03644	01322	02145	
01876	02758	01430	02408	02017	03315	03636	01320	02124	
01880	02769	01427	02415	02016	03320	03635	01322	02114	
01874	02765	01421	02410	02019	03293	03628	01319	02101	
01868	02759	01413	02403	02016	03287	03621	01312	02089	
01869	02758	01410	02405	02027	03286	03626	01308	02086	
01868	02754	01407	02403	02033	03283	03633	01304	02083	
01859	02741	01401	02396	02034	03277	03634	01300	02078	
01860	02738	01399	02396	02042	03276	03637	01297	02079	
01860	02738	01397	02397	02045	03276	03643	01296	02078	
01856	02735	01393	02392	02040	03274	03639	01293	02073	
01854	02735	01391	02390	02035	03273	03634	01293	02069	
01859	02745	01392	02395	02035	03276	03631	01293	02067	
01855	02745	01390	02390	02024	03273	03624	01293	02061	
01852	02744	01389	02387	02016	03271	03614	01294	02055	
01856	02749	01392	02391	02018	03274	03614	01296	02055	
01858	02752	01392	02393	02021	03275	03616	01296	02054	
01853	02745	01391	02389	02022	03271	03617	01296	02053	
01857	02744	01393	02393	02031	03274	03624	01297	02057	
01861	02746	01395	02398	02039	03275	03630	01299	02062	
01858	02739	01394	02396	02039	03272	03633	01301	02063	
01855	02735	01393	02394	02037	03270	03630	01302	02062	
01861	02741	01396	02400	02041	03274	03633	01304	02065	
01859	02743	01394	02397	02034	03273	03628	01303	02061	
01854	02741	01393	02393	02026	03270	03623	01302	02056	
01857	02745	01391	02395	02024	03271	03617	01300	02052	
01856	02747	01391	02395	02020	03271	03612	01299	02049	
01850	02741	01387	02387	02012	03266	03604	01296	02041	
01850	02737	01385	02386	02014	03263	03604	01295	02040	
01854	02739	01386	02390	02021	03264	03607	01294	02043	
01850	02733	01384	02387	02023	03262	03612	01293	02043	
01851	02730	01384	02386	02028	03262	03618	01292	02045	
01856	02734	01386	02392	02037	03266	03625	01293	02050	
01853	02734	01385	02390	02037	03266	03625	01292	02050	
01845	02728	01380	02381	02028	03261	03617	01289	02043	
01846	02732	01379	02381	02027	03262	03612	01288	02042	
01844	02735	01377	02381	02024	03262	03607	01287	02040	
01836	02731	01374	02374	02016	03256	03600	01284	02033	
01835	02732	01374	02375	02016	03256	03599	01283	02031	
01839	02738	01376	02382	02022	03259	03606	01284	02033	
01833	02733	01375	02377	02020	03256	03604	01281	02030	
01831	02730	01374	02375	02020	03255	03606	01280	02030	
01836	02731	01375	02380	02026	03258	03610	01280	02033	
01835	02728	01374	02378	02027	03256	03612	01278	02033	
01834	02726	01376	02378	02028	03258	03613	01280	02036	
01855	02747	01394	02402	02047	03285	03640	01297	02056	
01859	02752	01398	02405	02053	03286	03643	01300	02061	
02059	02983	01605	02682	02294	03452	03753	01548	02263	
02376	03258	01977	03027	02661	03622	03865	01996	02583	
02735	03531	02408	03368	03075	03786	03948	02514	02946	
03083	03784	02855	03690	03474	03928	04010	03050	03316	
03447	04054	03333	04031	03885	04095	04095	03610	03714	
03628	04095	03632	04095	04056	04095	04095	03925	03922	
03694	04095	03777	04095	04095	04095	04095	04041	04015	
03708	04095	03857	04095	04095	04095	04095	04084	04061	
03725	04095	03917	04095	04095	04095	04095	04095	04085	
03749	04095	03968	04095	04095	04095	04095	04095	04095	
03747	04095	03997	04095	04095	04095	04095	04095	04095	
03749	04095	04020	04095	04095	04095	04095	04095	04095	
03770	04095	04047	04095	04095	04095	04095	04095	04095	
03772	04095	04064	04095	04095	04095	04095	04095	04095	
03764	04095	04072	04095	04095	04095	04095	04095	04095	
03779	04095	04083	04095	04095	04095	04095	04095	04095	
03790	04095	04090	04095	04095	04095	04095	04095	04095	
03779	04095	04091	04095	04095	04095	04095	04095	04095	
03783	04095	04092	04095	04095	04095	04095	04095	04095	
03797	04095	04095	04095	04095	04095	04095	04095	04095	
03789	04095	04095	04095	04095	04095	04095	04095	04095	
03782	04095	04095	04095	04095	04095	04095	04095	04095	
03797	04095	04095	04095	04095	04095	04095	04095	04095	
03799	04095	04095	04095	04095	04095	04095	04095	04095	
03787	04095	04095	04095	04095	04095	04095	04095	04095	
03801	04095	04095	04095	04095	04095	04095	04095	04095	
03814	04095	04095	04095	04095	04095	04095	04095	04095	
03806	04095	04095	04095	04095	04095	04095	04095	04095	
03810	04095	04095	04095	04095	04095	04095	04095	04095	
03829	04095	04095	04095	04095	04095	04095	04095	04095	
03823	04095	04095	04095	04095	04095	04095	04095	04095	
03817	04095	04095	04095	04095	04095	04095	04095	04095	
03832	04095	04095	04095	04095	04095	04095	04095	04095	
03836	04095	04095	04095	04095	04095	04095	04095	04095	
03823	04095	04095	04095	04095	04095	04095	04095	04095	
03834	04095	04095	04095	04095	04095	04095	04095	04095	
03849	04095	04095	04095	04095	04095	04095	04095	04095	
03840	04095	04095	04095	04095	04095	04095	04095	04095	
03842	04095	04095	04095	04095	04095	04095	04095	04095	
03863	04095	04095	04095	04095	04095	04095	04095	04095	
03862	04095	04095	04095	04095	04095	04095	04095	04095	
03859	04095	04095	04095	04095	04095	04095	04095	04095	
03883	04095	04095	04095	04095	04095	04095	04095	04095	
03899	04095	04095	04095	04095	04095	04095	04095	04095	
03893	04095	04095	04095	04095	04095	04095	04095	04095	
03904	04095	04095	04095	04095	04095	04095	04095	04095	
03916	04095	04095	04095	04095	04095	04095	04095	04095	
03899	04095	04095	04095	04095	04095	04095	04095	04095	
03887	04095	04095	04095	04095	04095	04095	04095	04095	
03899	04095	04095	04095	04095	04095	04095	04095	04095	
03894	04095	04095	04095	04095	04095	04095	04095	04095	
03884	04095	04095	04095	04095	04095	04095	04095	04095	
03899	04095	04095	04095	04095	04095	04095	04095	04095	
03908	04095	04095	04095	04095	04095	04095	04095	04095	
03895	04095	04095	04095	04095	04095	04095	04095	04095	
03897	04095	04095	04095	04095	04095	04095	04095	04095	
03906	04095	04095	04095	04095	04095	04095	04095	04095	
03892	04095	04095	04095	04095	04095	04095	04095	04095	
03882	04095	04095	04095	04095	04095	04095	04095	04095	
03893	04095	04095	04095	04095	04095	04095	04095	04095	
03889	04095	04095	04095	04095	04095	04095	04095	04095	
03877	04095	04095	04095	04095	04095	04095	04095	04095	
03890	04095	04095	04095	04095	04095	04095	04095	04095	
03901	04095	04095	04095	04095	04095	04095	04095	04095	
03891	04095	04095	04095	04095	04095	04095	04095	04095	
03895	04095	04095	04095	04095	04095	04095	04095	04095	
03909	04095	04095	04095	04095	04095	04095	04095	04095	
03613	03914	03696	03834	03781	03977	04094	03654	03816	
03228	03662	03172	03504	03391	03789	04056	03110	03424	
02841	03406	02622	03171	02997	03592	04017	02551	03002	
02435	03144	02054	02832	02601	03382	03948	01986	02560	
02019	02878	01478	02490	02219	03158	03876	01418	02104	
01900	02793	01300	02412	02144	03043	03831	01289	01920	
01870	02779	01247	02402	02145	03000	03824	01264	01843	
01849	02767	01217	02391	02142	02969	03815	01252	01795	
01845	02770	01207	02396	02143	02973	03822	01251	01773	
01843	02772	01201	02397	02136	02983	03824	01248	01761	
01851	02787	01211	02413	02136	03025	03844	01260	01772	
01850	02785	01211	02412	02122	03042	03843	01260	01773	
01854	02789	01211	02417	02124	03048	03848	01261	01772	
01848	02783	01204	02408	02124	03025	03841	01255	01758	
01842	02776	01199	02403	02131	03003	03836	01254	01747	
01831	02758	01183	02384	02127	02963	03814	01238	01723	
01841	02773	01189	02400	02149	02972	03828	01247	01731	
01853	02787	01202	02414	02164	02993	03844	01261	01747	
01873	02809	01220	02438	02182	03029	03867	01278	01773	
01897	02838	01239	02467	02204	03066	03896	01297	01801	
01913	02858	01254	02486	02222	03091	03922	01315	01819	
01915	02861	01258	02489	02227	03088	03928	01320	01819	
01919	02867	01258	02494	02233	03083	03933	01321	01815	
01915	02863	01254	02489	02230	03075	03930	01319	01806	
01912	02863	01256	02489	02227	03080	03932	01322	01805	
01920	02873	01264	02500	02230	03099	03940	01329	01814	
01931	02887	01274	02513	02232	03123	03951	01338	01828	
01938	02895	01283	02521	02236	03138	03962	01347	01838	
01943	02901	01288	02528	02244	03140	03968	01353	01843	
01946	02903	01287	02528	02249	03131	03968	01351	01842	
01940	02897	01281	02519	02245	03118	03960	01348	01837	
01932	02886	01277	02510	02242	03107	03954	01342	01831	
01930	02881	01271	02505	02239	03101	03946	01335	01828	
01929	02880	01269	02504	02238	03100	03945	01334	01829	
01926	02877	01268	02501	02227	03099	03945	01334	01855	
01923	02872	01264	02498	02229	03088	03939	01329	01847	
01917	02867	01255	02492	02225	03074	03931	01321	01833	
01901	02851	01244	02475	02210	03057	03916	01311	01814	
01892	02841	01238	02466	02198	03049	03907	01303	01800	
01896	02849	01243	02475	02211	03059	03914	01306	01771	
01902	02858	01249	02482	02215	03071	03925	01313	01775	
01909	02866	01258	02490	02223	03083	03934	01323	01784	
01927	02885	01269	02508	02241	03100	03950	01336	01800	
01939	02897	01278	02519	02253	03110	03962	01344	01814	
01939	02893	01277	02513	02252	03108	03959	01344	01822	
01945	02893	01278	02515	02254	03111	03961	01346	01832	
01955	02901	01283	02523	02263	03118	03970	01350	01845	
01959	02903	01288	02526	02267	03124	03976	01355	01852	
01961	02905	01291	02530	02268	03130	03980	01359	01857	
01968	02915	01295	02541	02275	03141	03992	01364	01860	
01964	02915	01294	02538	02273	03139	03989	01363	01853	
01947	02896	01282	02518	02252	03120	03967	01351	01832	
02204	03133	01570	02830	02554	03311	03978	01695	02100	
02528	03371	01978	03143	02916	03502	04016	02157	02460	
02860	03601	02432	03449	03266	03687	04045	02661	02859	
03218	03841	02917	03766	03636	03882	04062	03198	03293	
03602	04095	03435	04095	04020	04095	04095	03756	03759	
03707	04095	03663	04095	04085	04095	04095	03958	03938	
03751	04095	03785	04095	04095	04095	04095	04044	04027	
03796	04095	03873	04095	04095	04095	04095	04084	04074	
03819	04095	03933	04095	04095	04095	04095	04095	04095	
03820	04095	03971	04095	04095	04095	04095	04095	04095	
03840	04095	04006	04095	04095	04095	04095	04095	04095	
03857	04095	04038	04095	04095	04095	04095	04095	04095	
03850	04095	04054	04095	04095	04095	04095	04095	04095	
03852	04095	04069	04095	04095	04095	04095	04095	04095	
03872	04095	04083	04095	04095	04095	04095	04095	04095	
03868	04095	04090	04095	04095	04095	04095	04095	04095	
03865	04095	04091	04095	04095	04095	04095	04095	04095	
03884	04095	04094	04095	04095	04095	04095	04095	04095	
03894	04095	04095	04095	04095	04095	04095	04095	04095	
03886	04095	04095	04095	04095	04095	04095	04095	04095	
03898	04095	04095	04095	04095	04095	04095	04095	04095	
03913	04095	04095	04095	04095	04095	04095	04095	04095	
03903	04095	04095	04095	04095	04095	04095	04095	04095	
03900	04095	04095	04095	04095	04095	04095	04095	04095	
03916	04095	04095	04095	04095	04095	04095	04095	04095	
03913	04095	04095	04095	04095	04095	04095	04095	04095	
03902	04095	04095	04095	04095	04095	04095	04095	04095	
03915	04095	04095	04095	04095	04095	04095	04095	04095	
03923	04095	04095	04095	04095	04095	04095	04095	04095	
03908	04095	04095	04095	04095	04095	04095	04095	04095	
03911	04095	04095	04095	04095	04095	04095	04095	04095	
03925	04095	04095	04095	04095	04095	04095	04095	04095	
03913	04095	04095	04095	04095	04095	04095	04095	04095	
03903	04095	04095	04095	04095	04095	04095	04095	04095	
03915	04095	04095	04095	04095	04095	04095	04095	04095	
03910	04095	04095	04095	04095	04095	04095	04095	04095	
03893	04095	04095	04095	04095	04095	04095	04095	04095	
03903	04095	04095	04095	04095	04095	04095	04095	04095	
03912	04095	04095	04095	04095	04095	04095	04095	04095	
03901	04095	04095	04095	04095	04095	04095	04095	04095	
03907	04095	04095	04095	04095	04095	04095	04095	04095	
03928	04095	04095	04095	04095	04095	04095	04095	04095	
03927	04095	04095	04095	04095	04095	04095	04095	04095	
03927	04095	04095	04095	04095	04095	04095	04095	04095	
03946	04095	04095	04095	04095	04095	04095	04095	04095	
03949	04095	04095	04095	04095	04095	04095	04095	04095	
03936	04095	04095	04095	04095	04095	04095	04095	04095	
03941	04095	04095	04095	04095	04095	04095	04095	04095	
03947	04095	04095	04095	04095	04095	04095	04095	04095	
03935	04095	04095	04095	04095	04095	04095	04095	04095	
03937	04095	04095	04095	04095	04095	04095	04095	04095	
03957	04095	04095	04095	04095	04095	04095	04095	04095	
03956	04095	04095	04095	04095	04095	04095	04095	04095	
03955	04095	04095	04095	04095	04095	04095	04095	04095	
03971	04095	04095	04095	04095	04095	04095	04095	04095	
03976	04095	04095	04095	04095	04095	04095	04095	04095	
03961	04095	04095	04095	04095	04095	04095	04095	04095	
03966	04095	04095	04095	04095	04095	04095	04095	04095	
03634	03924	03626	03834	03803	03935	04095	03643	03782	
03199	03690	03049	03510	03439	03711	04065	03101	03359	
02749	03446	02452	03177	03063	03473	04029	02541	02898	
02301	03209	01843	02842	02687	03233	03967	01977	02415	
01839	02967	01229	02504	02316	02987	03902	01409	01917	
01720	02903	01094	02437	02233	02916	03874	01301	01745	
01690	02892	01060	02426	02217	02899	03865	01274	01681	
01677	02885	01045	02420	02212	02891	03861	01263	01652	
01665	02866	01034	02411	02202	02882	03852	01255	01642	
01662	02853	01028	02408	02202	02877	03847	01251	01646	
01651	02835	01015	02393	02192	02860	03832	01238	01634	
01642	02824	01008	02383	02184	02851	03821	01232	01617	
01635	02822	01003	02378	02178	02845	03814	01227	01597	
01635	02829	01000	02380	02180	02845	03816	01225	01584	
01629	02827	00998	02377	02176	02841	03814	01223	01576	
01624	02823	00995	02372	02171	02838	03809	01221	01572	
01627	02827	00997	02376	02175	02840	03815	01222	01576	
01627	02829	00996	02377	02176	02841	03818	01223	01583	
01622	02827	00995	02372	02172	02838	03814	01223	01581	
01624	02833	00994	02373	02174	02840	03815	01222	01573	
01626	02839	00994	02375	02178	02840	03817	01222	01569	
01623	02835	00992	02369	02173	02837	03811	01219	01565	
01623	02829	00991	02367	02171	02835	03808	01219	01565	
01627	02828	00991	02370	02173	02837	03812	01220	01569	
01628	02825	00992	02369	02163	02836	03812	01223	01601	
01627	02823	00993	02368	02160	02836	03812	01223	01596	
01631	02830	00994	02373	02167	02839	03817	01226	01594	
01634	02838	00997	02377	02171	02842	03822	01228	01594	
01633	02840	00999	02376	02170	02842	03823	01229	01594	
01635	02847	00999	02378	02181	02844	03826	01229	01570	
01638	02855	00999	02382	02186	02847	03828	01230	01577	
01636	02857	00998	02379	02182	02844	03826	01228	01574	
01634	02857	00997	02377	02180	02842	03824	01227	01571	
01636	02861	00998	02381	02185	02845	03828	01228	01571	
01636	02857	00997	02380	02183	02844	03828	01229	01569	
01633	02846	00997	02376	02180	02843	03824	01229	01569	
01636	02843	00999	02379	02183	02847	03826	01231	01573	
01637	02842	01000	02382	02187	02849	03826	01232	01573	
01634	02835	00998	02375	02181	02845	03817	01229	01567	
01638	02843	01001	02380	02187	02851	03820	01231	01571	
01645	02858	01008	02390	02194	02859	03826	01237	01578	
01645	02862	01009	02391	02194	02861	03826	01239	01581	
01647	02870	01014	02396	02197	02870	03832	01245	01589	
01661	02892	01024	02414	02213	02889	03851	01257	01604	
01669	02905	01033	02428	02224	02905	03865	01268	01616	
01679	02917	01045	02444	02237	02928	03886	01281	01631	
01807	03076	01153	02622	02395	03144	03930	01414	01767	
02010	03291	01336	02882	02625	03384	03969	01631	01977	
02353	03523	01733	03211	02971	03617	04025	02063	02346	
02739	03754	02205	03537	03328	03846	04077	02562	02773	
03150	03982	02714	03855	03695	04065	04095	03096	03233	
03449	04068	03153	04017	03919	04095	04095	03527	03595	
03673	04095	03527	04095	04069	04095	04095	03878	03884	
03769	04095	03706	04095	04095	04095	04095	04009	04008	
03819	04095	03815	04095	04095	04095	04095	04069	04069	
03832	04095	03882	04095	04095	04095	04095	04089	04092	
03854	04095	03933	04095	04095	04095	04095	04095	04095	
03881	04095	03980	04095	04095	04095	04095	04095	04095	
03884	04095	04011	04095	04095	04095	04095	04095	04095	
03891	04095	04038	04095	04095	04095	04095	04095	04095	
03916	04095	04063	04095	04095	04095	04095	04095	04095	
03926	04095	04080	04095	04095	04095	04095	04095	04095	
03923	04095	04089	04095	04095	04095	04095	04095	04095	
03937	04095	04094	04095	04095	04095	04095	04095	04095	
03948	04095	04095	04095	04095	04095	04095	04095	04095	
03938	04095	04095	04095	04095	04095	04095	04095	04095	
03942	04095	04095	04095	04095	04095	04095	04095	04095	
03957	04095	04095	04095	04095	04095	04095	04095	04095	
03950	04095	04095	04095	04095	04095	04095	04095	04095	
03945	04095	04095	04095	04095	04095	04095	04095	04095	
03961	04095	04095	04095	04095	04095	04095	04095	04095	
03963	04095	04095	04095	04095	04095	04095	04095	04095	
03953	04095	04095	04095	04095	04095	04095	04095	04095	
03964	04095	04095	04095	04095	04095	04095	04095	04095	
03972	04095	04095	04095	04095	04095	04095	04095	04095	
03956	04095	04095	04095	04095	04095	04095	04095	04095	
03953	04095	04095	04095	04095	04095	04095	04095	04095	
03963	04095	04095	04095	04095	04095	04095	04095	04095	
03952	04095	04095	04095	04095	04095	04095	04095	04095	
03942	04095	04095	04095	04095	04095	04095	04095	04095	
03956	04095	04095	04095	04095	04095	04095	04095	04095	
03957	04095	04095	04095	04095	04095	04095	04095	04095	
03943	04095	04095	04095	04095	04095	04095	04095	04095	
03950	04095	04095	04095	04095	04095	04095	04095	04095	
03959	04095	04095	04095	04095	04095	04095	04095	04095	
03947	04095	04095	04095	04095	04095	04095	04095	04095	
03949	04095	04095	04095	04095	04095	04095	04095	04095	
03968	04095	04095	04095	04095	04095	04095	04095	04095	
03968	04095	04095	04095	04095	04095	04095	04095	04095	
03966	04095	04095	04095	04095	04095	04095	04095	04095	
03986	04095	04095	04095	04095	04095	04095	04095	04095	
03997	04095	04095	04095	04095	04095	04095	04095	04095	
03992	04095	04095	04095	04095	04095	04095	04095	04095	
04001	04095	04095	04095	04095	04095	04095	04095	04095	
04016	04095	04095	04095	04095	04095	04095	04095	04095	
04006	04095	04095	04095	04095	04095	04095	04095	04095	
04000	04095	04095	04095	04095	04095	04095	04095	04095	
04013	04095	04095	04095	04095	04095	04095	04095	04095	
04011	04095	04095	04095	04095	04095	04095	04095	04095	
04002	04095	04095	04095	04095	04095	04095	04095	04095	
04015	04095	04095	04095	04095	04095	04095	04095	04095	
04024	04095	04095	04095	04095	04095	04095	04095	04095	
04011	04095	04095	04095	04095	04095	04095	04095	04095	
04014	04095	04095	04095	04095	04095	04095	04095	04095	
04023	04095	04095	04095	04095	04095	04095	04095	04095	
04012	04095	04095	04095	04095	04095	04095	04095	04095	
04005	04095	04095	04095	04095	04095	04095	04095	04095	
04019	04095	04095	04095	04095	04095	04095	04095	04095	
04014	04095	04095	04095	04095	04095	04095	04095	04095	
04000	04095	04095	04095	04095	04095	04095	04095	04095	
04007	04095	04095	04095	04095	04095	04095	04095	04095	
04011	04095	04095	04095	04095	04095	04095	04095	04095	
03993	04095	04095	04095	04095	04095	04095	04095	04095	
03994	04095	04095	04095	04095	04095	04095	04095	04095	
04007	04095	04095	04095	04095	04095	04095	04095	04095	
03999	04095	04095	04095	04095	04095	04095	04095	04095	
03993	04095	04095	04095	04095	04095	04095	04095	04095	
04008	04095	04095	04095	04095	04095	04095	04095	04095	
04007	04095	04095	04095	04095	04095	04095	04095	04095	
03995	04095	04095	04095	04095	04095	04095	04095	04095	
04004	04095	04095	04095	04095	04095	04095	04095	04095	
04010	04095	04095	04095	04095	04095	04095	04095	04095	
03996	04095	04095	04095	04095	04095	04095	04095	04095	
03997	04095	04095	04095	04095	04095	04095	04095	04095	
04012	04095	04095	04095	04095	04095	04095	04095	04095	
03975	04095	04083	04095	04095	04095	04095	04095	04095	
03624	03956	03607	03822	03815	03953	04095	03640	03710	
03185	03743	03025	03469	03455	03724	04066	03092	03200	
02720	03517	02423	03107	03082	03486	04007	02533	02665	
02238	03283	01813	02741	02714	03241	03944	01966	02118	
01796	03053	01215	02376	02337	02997	03909	01398	01566	
01668	02964	01079	02282	02238	02892	03870	01282	01396	
01633	02948	01047	02269	02218	02873	03859	01259	01348	
01618	02948	01031	02266	02216	02864	03854	01248	01324	
01610	02957	01023	02267	02221	02860	03853	01243	01311	
01601	02955	01015	02263	02217	02854	03848	01238	01301	
01595	02950	01011	02258	02212	02850	03844	01235	01294	
01597	02947	01009	02256	02211	02850	03844	01233	01289	
01596	02937	01006	02249	02205	02848	03841	01231	01286	
01595	02921	01003	02241	02195	02845	03837	01229	01281	
01598	02911	01002	02239	02194	02845	03835	01228	01280	
01599	02905	00999	02237	02194	02844	03834	01226	01277	
01594	02896	00996	02231	02189	02840	03830	01223	01272	
01592	02896	00993	02228	02187	02838	03828	01221	01269	
01592	02906	00991	02231	02191	02838	03829	01219	01266	
01588	02913	00989	02230	02189	02835	03828	01216	01264	
01585	02919	00988	02230	02187	02833	03828	01216	01263	
01588	02930	00989	02236	02191	02836	03831	01217	01263	
01587	02931	00988	02234	02188	02834	03831	01217	01262	
01584	02923	00987	02229	02183	02832	03826	01215	01261	
01587	02917	00987	02226	02183	02833	03826	01216	01261	
01590	02912	00988	02226	02185	02835	03825	01217	01261	
01587	02901	00987	02219	02180	02833	03819	01216	01260	
01586	02894	00987	02218	02181	02832	03817	01214	01259	
01589	02899	00988	02222	02185	02834	03821	01216	01259	
01585	02899	00987	02220	02183	02832	03818	01216	01259	
01581	02900	00986	02218	02181	02830	03818	01215	01258	
01582	02908	00986	02222	02184	02830	03819	01216	01257	
01584	02917	00988	02225	02186	02832	03822	01217	01259	
01583	02919	00988	02225	02188	02831	03821	01218	01259	
01586	02924	00990	02230	02193	02834	03824	01220	01260	
01588	02927	00993	02233	02197	02836	03827	01221	01262	
01587	02921	00993	02231	02195	02835	03827	01221	01263	
01586	02915	00993	02229	02196	02835	03826	01221	01263	
01589	02914	00995	02232	02198	02837	03828	01223	01265	
01587	02911	00994	02229	02194	02837	03828	01222	01264	
01585	02905	00992	02225	02190	02835	03825	01220	01262	
01585	02909	00993	02228	02193	02837	03829	01222	01263	
01585	02912	00993	02229	02193	02838	03829	01222	01262	
01581	02910	00991	02225	02189	02835	03827	01221	01261	
01583	02912	00991	02227	02191	02834	03826	01221	01261	
01591	02927	00998	02239	02201	02845	03837	01228	01268	
01592	02928	00999	02239	02198	02845	03837	01229	01268	
01593	02925	00999	02237	02199	02845	03836	01230	01270	
01595	02926	00999	02239	02188	02866	03838	01230	01269	
01594	02923	00997	02235	02185	02865	03836	01228	01267	
01587	02908	00991	02223	02176	02855	03824	01222	01261	
01587	02906	00988	02222	02176	02855	03821	01219	01260	
01586	02909	00987	02222	02173	02855	03821	01218	01258	
01592	02918	00994	02230	02192	02847	03831	01225	01267	
01606	02938	01007	02250	02207	02867	03851	01239	01280	
01626	02970	01023	02278	02231	02899	03883	01256	01298	
01651	03004	01045	02310	02261	02937	03918	01285	01325	
01976	03238	01382	02683	02603	03188	03986	01670	01673	
02375	03464	01832	03048	02967	03428	04044	02153	02122	
02790	03683	02321	03404	03336	03661	04071	02671	02619	
03208	03891	02836	03752	03698	03882	04085	03203	03142	
03638	04095	03369	04095	04051	04095	04095	03745	03681	
03777	04095	03605	04095	04095	04095	04095	03935	03900	
03829	04095	03728	04095	04095	04095	04095	04020	04011	
03863	04095	03812	04095	04095	04095	04095	04064	04068	
03906	04095	03881	04095	04095	04095	04095	04089	04094	
03921	04095	03929	04095	04095	04095	04095	04095	04095	
03929	04095	03962	04095	04095	04095	04095	04095	04095	
03954	04095	03999	04095	04095	04095	04095	04095	04095	
03970	04095	04028	04095	04095	04095	04095	04095	04095	
03962	04095	04042	04095	04095	04095	04095	04095	04095	
03971	04095	04060	04095	04095	04095	04095	04095	04095	
03984	04095	04076	04095	04095	04095	04095	04095	04095	
03975	04095	04083	04095	04095	04095	04095	04095	04095	
03973	04095	04088	04095	04095	04095	04095	04095	04095	
03991	04095	04095	04095	04095	04095	04095	04095	04095	
03990	04095	04095	04095	04095	04095	04095	04095	04095	
03985	04095	04095	04095	04095	04095	04095	04095	04095	
04000	04095	04095	04095	04095	04095	04095	04095	04095	
04009	04095	04095	04095	04095	04095	04095	04095	04095	
03997	04095	04095	04095	04095	04095	04095	04095	04095	
04004	04095	04095	04095	04095	04095	04095	04095	04095	
04013	04095	04095	04095	04095	04095	04095	04095	04095	
04001	04095	04095	04095	04095	04095	04095	04095	04095	
03993	04095	04095	04095	04095	04095	04095	04095	04095	
04005	04095	04095	04095	04095	04095	04095	04095	04095	
03999	04095	04095	04095	04095	04095	04095	04095	04095	
03988	04095	04095	04095	04095	04095	04095	04095	04095	
03999	04095	04095	04095	04095	04095	04095	04095	04095	
04006	04095	04095	04095	04095	04095	04095	04095	04095	
03995	04095	04095	04095	04095	04095	04095	04095	04095	
03999	04095	04095	04095	04095	04095	04095	04095	04095	
04015	04095	04095	04095	04095	04095	04095	04095	04095	
04010	04095	04095	04095	04095	04095	04095	04095	04095	
04009	04095	04095	04095	04095	04095	04095	04095	04095	
04027	04095	04095	04095	04095	04095	04095	04095	04095	
04029	04095	04095	04095	04095	04095	04095	04095	04095	
04020	04095	04094	04095	04095	04095	04095	04095	04095	
04031	04095	04094	04095	04095	04095	04095	04095	04095	
04043	04095	04094	04095	04095	04095	04095	04095	04095	
04035	04095	04094	04095	04095	04095	04095	04095	04095	
04041	04095	04094	04095	04095	04095	04095	04095	04095	
04059	04095	04095	04095	04095	04095	04095	04095	04095	
04055	04095	04095	04095	04095	04095	04095	04095	04095	
04048	04095	04095	04095	04095	04095	04095	04095	04095	
04062	04095	04095	04095	04095	04095	04095	04095	04095	
04062	04095	04095	04095	04095	04095	04095	04095	04095	
04050	04095	04095	04095	04095	04095	04095	04095	04095	
04056	04095	04095	04095	04095	04095	04095	04095	04095	
04065	04095	04095	04095	04095	04095	04095	04095	04095	
04052	04095	04095	04095	04095	04095	04095	04095	04095	
04051	04095	04095	04095	04095	04095	04095	04095	04095	
04063	04095	04095	04095	04095	04095	04095	04095	04095	
04058	04095	04095	04095	04095	04095	04095	04095	04095	
04050	04095	04095	04095	04095	04095	04095	04095	04095	
04061	04095	04095	04095	04095	04095	04095	04095	04095	
04025	04095	04068	04095	04095	04095	04095	04094	04095	
03537	03900	03537	03750	03793	03916	04080	03597	03654	
03005	03655	02943	03357	03457	03683	04024	03044	03133	
02462	03397	02340	02955	03103	03441	03984	02479	02590	
01906	03129	01730	02536	02744	03194	03934	01911	02040	
01390	02857	01143	02114	02387	02946	03884	01340	01485	
01315	02783	01055	02039	02330	02877	03826	01265	01366	
01293	02759	01029	02013	02314	02859	03809	01244	01326	
01284	02749	01016	01996	02300	02850	03802	01235	01307	
01280	02751	01008	01996	02289	02847	03808	01230	01295	
01276	02755	01004	01997	02272	02844	03812	01226	01286	
01273	02757	01000	01999	02255	02841	03816	01223	01281	
01277	02765	01001	02006	02254	02847	03826	01227	01281	
01278	02770	01001	02012	02257	02851	03836	01229	01280	
01277	02768	01002	02012	02258	02851	03834	01229	01280	
01279	02765	01003	02010	02267	02853	03831	01231	01279	
01282	02764	01005	02009	02282	02856	03831	01233	01281	
01278	02755	01002	02000	02283	02849	03822	01230	01277	
01276	02748	01000	01993	02282	02844	03811	01227	01274	
01277	02749	00999	01995	02285	02844	03814	01228	01272	
01275	02752	00998	01997	02280	02843	03818	01226	01271	
01271	02751	00996	01994	02266	02839	03819	01225	01268	
01272	02754	00995	01994	02259	02840	03821	01225	01267	
01272	02756	00995	01994	02256	02839	03822	01224	01267	
01270	02753	00994	01992	02252	02836	03818	01222	01265	
01270	02751	00994	01992	02257	02837	03813	01222	01265	
01273	02751	00995	01993	02268	02838	03813	01224	01265	
01271	02747	00994	01989	02270	02836	03811	01222	01264	
01271	02744	00994	01986	02272	02836	03810	01222	01264	
01273	02747	00995	01989	02276	02840	03814	01224	01265	
01273	02749	00993	01989	02272	02839	03816	01223	01265	
01271	02747	00992	01987	02262	02837	03814	01221	01263	
01271	02748	00991	01988	02247	02857	03815	01221	01262	
01269	02750	00990	01987	02245	02856	03815	01220	01261	
01265	02745	00987	01981	02238	02852	03809	01216	01258	
01265	02741	00985	01979	02238	02849	03806	01216	01257	
01265	02740	00985	01979	02246	02850	03803	01216	01256	
01264	02736	00984	01975	02259	02827	03798	01214	01256	
01264	02732	00983	01973	02259	02826	03795	01214	01256	
01267	02735	00985	01977	02265	02831	03798	01217	01259	
01267	02739	00987	01978	02264	02832	03799	01217	01259	
01265	02737	00986	01977	02256	02830	03799	01217	01259	
01266	02741	00987	01980	02255	02832	03804	01219	01260	
01267	02744	00988	01983	02257	02834	03806	01219	01260	
01267	02744	00989	01981	02256	02833	03806	01219	01259	
01269	02744	00991	01982	02260	02837	03809	01222	01262	
01272	02748	00994	01985	02273	02844	03813	01224	01265	
01273	02749	00996	01984	02280	02847	03812	01225	01266	
01273	02747	00998	01984	02284	02850	03812	01227	01268	
01276	02749	01000	01985	02290	02854	03818	01229	01271	
01279	02755	01002	01988	02295	02857	03821	01231	01273	
01281	02756	01004	01989	02293	02858	03823	01232	01273	
01282	02759	01005	01993	02293	02860	03827	01235	01275	
01286	02768	01009	01999	02298	02866	03838	01239	01279	
01288	02770	01012	02001	02297	02866	03838	01241	01280	
01288	02769	01014	02002	02297	02867	03840	01244	01283	
01288	02770	01013	02004	02301	02866	03840	01244	01282	
01287	02769	01013	02002	02300	02863	03836	01242	01282	
01302	02790	01026	02036	02318	02894	03858	01259	01299	
01663	03055	01361	02453	02661	03139	03899	01647	01648	
02112	03320	01805	02870	03020	03384	03939	02126	02097	
02591	03584	02301	03288	03380	03631	04006	02641	02599	
03093	03852	02830	03711	03733	03882	04078	03183	03133	
03594	04095	03360	04095	04075	04095	04095	03723	03671	
03746	04095	03577	04095	04095	04095	04095	03895	03884	
03815	04095	03694	04095	04095	04095	04095	03979	03995	
03868	04095	03775	04095	04095	04095	04095	04036	04057	
03896	04095	03829	04095	04095	04095	04095	04067	04087	
03903	04095	03861	04095	04095	04095	04095	04080	04095	
03922	04095	03894	04095	04095	04095	04095	04090	04095	
03941	04095	03921	04095	04095	04095	04095	04095	04095	
03940	04095	03936	04095	04095	04095	04095	04095	04095	
03946	04095	03951	04095	04095	04095	04095	04095	04095	
03967	04095	03972	04095	04095	04095	04095	04095	04095	
03969	04095	03982	04095	04095	04095	04095	04095	04095	
03965	04095	03987	04095	04095	04095	04095	04095	04095	
03981	04095	04003	04095	04095	04095	04095	04095	04095	
03990	04095	04015	04095	04095	04095	04095	04095	04095	
03981	04095	04016	04095	04095	04095	04095	04095	04095	
03989	04095	04026	04095	04095	04095	04095	04095	04095	
04004	04095	04038	04095	04095	04095	04095	04095	04095	
03996	04095	04038	04095	04095	04095	04095	04095	04095	
03995	04095	04041	04095	04095	04095	04095	04095	04095	
04015	04095	04057	04095	04095	04095	04095	04095	04095	
04015	04095	04064	04095	04095	04095	04095	04095	04095	
04009	04095	04065	04095	04095	04095	04095	04095	04095	
04027	04095	04077	04095	04095	04095	04095	04095	04095	
04036	04095	04085	04095	04095	04095	04095	04095	04095	
04025	04095	04082	04095	04095	04095	04095	04095	04095	
04030	04095	04085	04095	04095	04095	04095	04095	04095	
04043	04095	04091	04095	04095	04095	04095	04095	04095	
04032	04095	04089	04095	04095	04095	04095	04095	04095	
04028	04095	04086	04095	04095	04095	04095	04095	04095	
04042	04095	04090	04095	04095	04095	04095	04095	04095	
04039	04095	04084	04095	04095	04095	04095	04095	04095	
04027	04095	04072	04095	04095	04095	04095	04095	04095	
04035	04095	04068	04095	04095	04095	04095	04095	04095	
04038	04095	04067	04095	04095	04095	04095	04095	04095	
04023	04095	04058	04095	04095	04095	04095	04095	04095	
04021	04095	04056	04095	04095	04095	04095	04095	04095	
04029	04095	04064	04095	04095	04095	04095	04095	04095	
04016	04095	04061	04095	04095	04095	04095	04095	04095	
04006	04095	04055	04095	04095	04095	04095	04095	04095	
04017	04095	04060	04095	04095	04095	04095	04095	04095	
04014	04095	04058	04095	04095	04095	04095	04095	04095	
04003	04095	04046	04095	04095	04095	04095	04095	04095	
04013	04095	04047	04095	04095	04095	04095	04095	04095	
04020	04095	04048	04095	04095	04095	04095	04095	04095	
04007	04095	04038	04095	04095	04095	04095	04095	04095	
04010	04095	04038	04095	04095	04095	04095	04095	04095	
04022	04095	04047	04095	04095	04095	04095	04095	04095	
04013	04095	04046	04095	04095	04095	04095	04095	04095	
04006	04095	04044	04095	04095	04095	04095	04095	04095	
04019	04095	04053	04095	04095	04095	04095	04095	04095	
04017	04095	04053	04095	04095	04095	04095	04095	04095	
04005	04095	04044	04095	04095	04095	04095	04095	04095	
04017	04095	04048	04095	04095	04095	04095	04095	04095	
04030	04095	04055	04095	04095	04095	04095	04095	04095	
04022	04095	04052	04095	04095	04095	04095	04095	04095	
04029	04095	04055	04095	04095	04095	04095	04095	04095	
04047	04095	04069	04095	04095	04095	04095	04095	04095	
04041	04095	04069	04095	04095	04095	04095	04095	04095	
03997	04095	04029	04095	04095	04095	04095	04077	04095	
03577	03908	03563	03755	03828	03937	04089	03620	03705	
03051	03636	02987	03330	03474	03707	04032	03073	03194	
02519	03372	02404	02918	03127	03494	03994	02530	02675	
01978	03085	01800	02483	02761	03253	03904	01965	02130	
01470	02795	01230	02045	02402	03008	03811	01414	01577	
01344	02685	01092	01943	02292	02917	03745	01300	01409	
01317	02661	01059	01928	02269	02899	03732	01275	01361	
01291	02632	01030	01900	02240	02866	03701	01248	01320	
01282	02623	01019	01894	02228	02858	03694	01240	01305	
01274	02613	01010	01887	02203	02871	03687	01233	01292	
01274	02615	01007	01888	02204	02874	03689	01233	01288	
01275	02616	01006	01887	02203	02875	03691	01233	01285	
01271	02608	01001	01882	02196	02870	03687	01230	01280	
01272	02608	01000	01881	02196	02871	03686	01230	01277	
01274	02610	01000	01883	02211	02854	03689	01231	01278	
01272	02605	00998	01878	02205	02848	03685	01230	01275	
01270	02603	00996	01877	02204	02846	03681	01229	01273	
01273	02609	00999	01882	02213	02852	03687	01232	01275	
01276	02613	01001	01887	02218	02857	03691	01236	01279	
01281	02619	01007	01893	02227	02864	03696	01242	01286	
01290	02631	01016	01904	02240	02878	03705	01251	01294	
01300	02644	01026	01918	02252	02894	03718	01261	01304	
01306	02652	01033	01926	02257	02905	03724	01269	01312	
01311	02657	01038	01931	02261	02910	03728	01274	01317	
01305	02646	01031	01920	02248	02897	03715	01265	01307	
01294	02631	01020	01903	02231	02878	03700	01251	01295	
01283	02614	01009	01888	02216	02859	03684	01238	01281	
01273	02602	00998	01875	02205	02842	03674	01225	01267	
01262	02588	00988	01861	02193	02826	03662	01213	01254	
01261	02590	00988	01863	02197	02829	03668	01214	01255	
01267	02601	00994	01874	02211	02841	03680	01222	01262	
01268	02603	00995	01876	02215	02843	03684	01223	01262	
01266	02601	00994	01874	02214	02842	03682	01223	01262	
01267	02603	00995	01876	02216	02845	03685	01225	01264	
01267	02605	00995	01876	02217	02846	03687	01225	01264	
01275	02619	01004	01889	02224	02863	03705	01236	01275	
01291	02645	01021	01913	02245	02893	03733	01255	01294	
01309	02671	01037	01937	02269	02923	03765	01275	01314	
01323	02691	01052	01955	02285	02945	03786	01289	01330	
01335	02708	01065	01971	02301	02965	03805	01303	01343	
01336	02707	01064	01968	02302	02961	03801	01301	01342	
01337	02707	01064	01968	02304	02961	03798	01301	01342	
01339	02709	01068	01972	02308	02966	03797	01305	01346	
01348	02719	01074	01981	02321	02978	03808	01313	01353	
01358	02733	01083	01994	02337	02994	03822	01324	01364	
01365	02744	01091	02003	02344	03008	03834	01333	01374	
01367	02746	01093	02005	02346	03012	03838	01336	01379	
01369	02750	01094	02007	02349	03015	03841	01338	01380	
01373	02755	01097	02011	02352	03022	03845	01344	01387	
01363	02741	01090	02000	02336	03007	03832	01335	01377	
01451	02863	01165	02144	02459	03160	03875	01431	01471	
01814	03133	01509	02562	02803	03376	03915	01815	01819	
02240	03401	01935	02979	03154	03591	03956	02268	02249	
02704	03665	02408	03392	03502	03800	04017	02755	02723	
03201	03946	02922	03820	03854	04030	04095	03281	03241	
03602	04095	03360	04095	04086	04095	04095	03706	03672	
03736	04095	03542	04095	04095	04095	04095	03855	03864	
03822	04095	03658	04095	04095	04095	04095	03946	03977	
03863	04095	03729	04095	04095	04095	04095	03995	04040	
03883	04095	03775	04095	04095	04095	04095	04025	04074	
03920	04095	03824	04095	04095	04095	04095	04054	04092	
03947	04095	03863	04095	04095	04095	04095	04073	04095	
03951	04095	03884	04095	04095	04095	04095	04080	04095	
03969	04095	03910	04095	04095	04095	04095	04089	04095	
03990	04095	03939	04095	04095	04095	04095	04095	04095	
03987	04095	03948	04095	04095	04095	04095	04095	04095	
03985	04095	03956	04095	04095	04095	04095	04095	04095	
04002	04095	03975	04095	04095	04095	04095	04095	04095	
04003	04095	03984	04095	04095	04095	04095	04095	04095	
03993	04095	03985	04095	04095	04095	04095	04095	04095	
04005	04095	03997	04095	04095	04095	04095	04095	04095	
04012	04095	04008	04095	04095	04095	04095	04095	04095	
04000	04095	04006	04095	04095	04095	04095	04095	04095	
04004	04095	04012	04095	04095	04095	04095	04095	04095	
04018	04095	04023	04095	04095	04095	04095	04095	04095	
04011	04095	04023	04095	04095	04095	04095	04095	04095	
04003	04095	04019	04095	04095	04095	04095	04095	04095	
04014	04095	04026	04095	04095	04095	04095	04095	04095	
04010	04095	04025	04095	04095	04095	04095	04095	04095	
03996	04095	04017	04095	04095	04095	04095	04095	04095	
04003	04095	04019	04095	04095	04095	04095	04095	04095	
04012	04095	04024	04095	04095	04095	04095	04095	04095	
04002	04095	04018	04095	04095	04095	04095	04095	04095	
04005	04095	04019	04095	04095	04095	04095	04095	04095	
04019	04095	04026	04095	04095	04095	04095	04095	04095	
04013	04095	04021	04095	04095	04095	04095	04095	04095	
04005	04095	04013	04095	04095	04095	04095	04095	04095	
04016	04095	04016	04095	04095	04095	04095	04095	04095	
04011	04095	04010	04095	04095	04095	04095	04095	04095	
03994	04095	03995	04095	04095	04095	04095	04095	04095	
03996	04095	03994	04095	04095	04095	04095	04095	04095	
03999	04095	03996	04095	04095	04095	04095	04095	04095	
03982	04095	03989	04095	04095	04095	04095	04095	04095	
03985	04095	03995	04095	04095	04095	04095	04095	04095	
04001	04095	04014	04095	04095	04095	04095	04095	04095	
03999	04095	04019	04095	04095	04095	04095	04095	04095	
03997	04095	04021	04095	04095	04095	04095	04095	04095	
04017	04095	04035	04095	04095	04095	04095	04095	04095	
04019	04095	04037	04095	04095	04095	04095	04095	04095	
04009	04095	04026	04095	04095	04095	04095	04095	04095	
04017	04095	04025	04095	04095	04095	04095	04095	04095	
04027	04095	04027	04095	04095	04095	04095	04095	04095	
04013	04095	04017	04095	04095	04095	04095	04095	04095	
04011	04095	04016	04095	04095	04095	04095	04095	04095	
04022	04095	04026	04095	04095	04095	04095	04095	04095	
04013	04095	04025	04095	04095	04095	04095	04095	04095	
04001	04095	04023	04095	04095	04095	04095	04095	04095	
04013	04095	04033	04095	04095	04095	04095	04095	04095	
04011	04095	04034	04095	04095	04095	04095	04095	04095	
03996	04095	04025	04095	04095	04095	04095	04095	04095	
04000	04095	04025	04095	04095	04095	04095	04095	04095	
04007	04095	04025	04095	04095	04095	04095	04095	04095	
03994	04095	04012	04095	04095	04095	04095	04095	04095	
03993	04095	04005	04095	04095	04095	04095	04095	04095	
04009	04095	04010	04095	04095	04095	04095	04095	04095	
04006	04095	04005	04095	04095	04095	04095	04095	04095	
03999	04095	03999	04095	04095	04095	04095	04095	04095	
04012	04095	04007	04095	04095	04095	04095	04095	04095	
04012	04095	04008	04095	04095	04095	04095	04095	04095	
03996	04095	03999	04095	04095	04095	04095	04095	04095	
04000	04095	04002	04095	04095	04095	04095	04095	04095	
04006	04095	04008	04095	04095	04095	04095	04095	04095	
03991	04095	04001	04095	04095	04095	04095	04095	04095	
03987	04095	04000	04095	04095	04095	04095	04095	04095	
04001	04095	04009	04095	04095	04095	04095	04095	04095	
03995	04095	04006	04095	04095	04095	04095	04095	04095	
03548	03827	03519	03741	03819	03930	04090	03618	03677	
03035	03483	02956	03317	03469	03700	04035	03068	03159	
02503	03127	02369	02883	03104	03462	03946	02504	02618	
01958	02767	01769	02446	02745	03218	03855	01937	02068	
01421	02405	01179	02008	02374	02974	03786	01368	01514	
01324	02309	01067	01923	02275	02893	03722	01275	01375	
01299	02286	01038	01906	02248	02874	03704	01253	01333	
01288	02275	01024	01899	02237	02865	03692	01244	01313	
01282	02269	01016	01896	02232	02860	03682	01238	01301	
01276	02262	01009	01890	02223	02853	03674	01233	01292	
01272	02256	01004	01886	02217	02848	03663	01228	01284	
01272	02254	01001	01885	02218	02847	03658	01226	01279	
01269	02251	00998	01882	02214	02844	03654	01224	01274	
01267	02248	00995	01877	02210	02840	03650	01222	01270	
01268	02249	00994	01877	02211	02840	03651	01222	01268	
01268	02249	00994	01877	02212	02841	03655	01222	01267	
01266	02247	00992	01873	02208	02838	03655	01221	01265	
01264	02245	00989	01871	02205	02836	03658	01219	01263	
01264	02245	00988	01870	02206	02835	03662	01218	01260	
01259	02239	00984	01865	02199	02830	03660	01213	01256	
01256	02235	00981	01860	02193	02826	03657	01210	01252	
01255	02235	00981	01861	02193	02826	03656	01209	01251	
01255	02235	00980	01860	02194	02826	03655	01209	01250	
01253	02232	00980	01858	02190	02823	03647	01207	01249	
01265	02250	00992	01877	02209	02846	03663	01222	01262	
01268	02255	00995	01880	02215	02850	03661	01225	01266	
01267	02253	00993	01878	02213	02848	03656	01225	01265	
01268	02253	00994	01880	02213	02851	03659	01226	01265	
01269	02255	00996	01883	02217	02854	03665	01228	01266	
01257	02239	00984	01865	02199	02833	03650	01214	01252	
01255	02235	00981	01862	02195	02830	03654	01211	01248	
01256	02237	00983	01864	02198	02832	03661	01212	01250	
01255	02237	00983	01864	02196	02831	03662	01212	01249	
01256	02237	00984	01863	02186	02830	03665	01214	01281	
01260	02241	00987	01868	02192	02836	03668	01219	01285	
01263	02245	00990	01872	02197	02840	03670	01222	01289	
01263	02245	00990	01871	02196	02840	03665	01222	01289	
01264	02246	00992	01872	02198	02841	03661	01222	01289	
01264	02247	00991	01873	02210	02842	03657	01221	01259	
01262	02243	00989	01870	02207	02838	03649	01218	01256	
01265	02248	00992	01874	02210	02843	03652	01223	01260	
01292	02285	01017	01909	02248	02887	03691	01252	01288	
01314	02314	01038	01936	02276	02921	03727	01275	01312	
01333	02341	01057	01959	02301	02952	03759	01297	01334	
01339	02347	01063	01964	02309	02958	03769	01303	01341	
01337	02342	01060	01960	02306	02951	03764	01298	01338	
01309	02304	01035	01924	02268	02907	03728	01269	01310	
01288	02275	01014	01897	02240	02872	03694	01246	01287	
01269	02249	00996	01874	02215	02842	03662	01225	01265	
01264	02242	00991	01870	02207	02836	03653	01220	01259	
01318	02321	01043	01955	02276	02940	03729	01284	01315	
01635	02691	01329	02399	02614	03193	03806	01621	01616	
02063	03061	01749	02844	02994	03445	03910	02070	02036	
02525	03431	02219	03288	03361	03695	04012	02560	02508	
03018	03803	02720	03733	03742	03948	04095	03082	03020	
03472	04093	03192	04092	04051	04095	04095	03554	03496	
03663	04095	03438	04095	04095	04095	04095	03756	03742	
03751	04095	03565	04095	04095	04095	04095	03854	03882	
03818	04095	03656	04095	04095	04095	04095	03923	03977	
03848	04095	03712	04095	04095	04095	04095	03960	04033	
03859	04095	03748	04095	04095	04095	04095	03980	04066	
03887	04095	03787	04095	04095	04095	04095	04010	04087	
03904	04095	03815	04095	04095	04095	04095	04031	04095	
03901	04095	03827	04095	04095	04095	04095	04036	04095	
03913	04095	03846	04095	04095	04095	04095	04049	04095	
03933	04095	03869	04095	04095	04095	04095	04067	04095	
03929	04095	03875	04095	04095	04095	04095	04068	04095	
03934	04095	03886	04095	04095	04095	04095	04074	04095	
03957	04095	03908	04095	04095	04095	04095	04085	04095	
03962	04095	03919	04095	04095	04095	04095	04089	04095	
03959	04095	03923	04095	04095	04095	04095	04089	04095	
03977	04095	03940	04095	04095	04095	04095	04093	04095	
03985	04095	03952	04095	04095	04095	04095	04095	04095	
03973	04095	03950	04095	04095	04095	04095	04095	04095	
03979	04095	03955	04095	04095	04095	04095	04095	04095	
03993	04095	03966	04095	04095	04095	04095	04095	04095	
03985	04095	03964	04095	04095	04095	04095	04095	04095	
03981	04095	03964	04095	04095	04095	04095	04095	04095	
03997	04095	03976	04095	04095	04095	04095	04095	04095	
03997	04095	03980	04095	04095	04095	04095	04095	04095	
03987	04095	03976	04095	04095	04095	04095	04095	04095	
04002	04095	03986	04095	04095	04095	04095	04095	04095	
04015	04095	03995	04095	04095	04095	04095	04095	04095	
04006	04095	03993	04095	04095	04095	04095	04095	04095	
04015	04095	03998	04095	04095	04095	04095	04095	04095	
04031	04095	04010	04095	04095	04095	04095	04095	04095	
04025	04095	04009	04095	04095	04095	04095	04095	04095	
04021	04095	04010	04095	04095	04095	04095	04095	04095	
04035	04095	04021	04095	04095	04095	04095	04095	04095	
04033	04095	04027	04095	04095	04095	04095	04095	04095	
04021	04095	04029	04095	04095	04095	04095	04095	04095	
04030	04095	04043	04095	04095	04095	04095	04095	04095	
04033	04095	04057	04095	04095	04095	04095	04095	04095	
04019	04095	04062	04095	04095	04095	04095	04095	04095	
04021	04095	04074	04095	04095	04095	04095	04095	04095	
04035	04095	04085	04095	04095	04095	04095	04095	04095	
04026	04095	04089	04095	04095	04095	04095	04095	04095	
04021	04095	04091	04095	04095	04095	04095	04095	04095	
04035	04095	04095	04095	04095	04095	04095	04095	04095	
04031	04095	04095	04095	04095	04095	04095	04095	04095	
04019	04095	04095	04095	04095	04095	04095	04095	04095	
04030	04095	04095	04095	04095	04095	04095	04095	04095	
04035	04095	04095	04095	04095	04095	04095	04095	04095	
04021	04095	04095	04095	04095	04095	04095	04095	04095	
04023	04095	04095	04095	04095	04095	04095	04095	04095	
04031	04095	04095	04095	04095	04095	04095	04095	04095	
04015	04095	04095	04095	04095	04095	04095	04095	04095	
04005	04095	04095	04095	04095	04095	04095	04095	04095	
04015	04095	04095	04095	04095	04095	04095	04095	04095	
04007	04095	04095	04095	04095	04095	04095	04095	04095	
03989	04095	04095	04095	04095	04095	04095	04095	04095	
03994	04095	04095	04095	04095	04095	04095	04095	04095	
03993	04095	04095	04095	04095	04095	04095	04095	04095	
03973	04095	04095	04095	04095	04095	04095	04095	04095	
03969	04095	04095	04095	04095	04095	04095	04095	04095	
03975	04095	04095	04095	04095	04095	04095	04095	04095	
03957	04095	04095	04095	04095	04095	04095	04095	04095	
03942	04095	04095	04095	04095	04095	04095	04095	04095	
03946	04095	04095	04095	04095	04095	04095	04095	04095	
03933	04095	04095	04095	04095	04095	04095	04095	04095	
03911	04095	04095	04095	04095	04095	04095	04095	04095	
03913	04095	04095	04095	04095	04095	04095	04095	04095	
03911	04095	04095	04095	04095	04095	04095	04095	04095	
03890	04095	04095	04095	04095	04095	04095	04095	04095	
03886	04095	04095	04095	04095	04095	04095	04095	04095	
03892	04095	04095	04095	04095	04095	04095	04095	04095	
03873	04095	04095	04095	04095	04095	04095	04095	04095	
03860	04095	04095	04095	04095	04095	04095	04095	04095	
03869	04095	04095	04095	04095	04095	04095	04095	04095	
03860	04095	04095	04095	04095	04095	04095	04095	04095	
03840	04095	04095	04095	04095	04095	04095	04095	04095	
