01580	02558	01462	02402	01785	03160	03492	01563	01807	
01575	02552	01458	02394	01780	03154	03486	01558	01802	
01575	02552	01458	02394	01780	03154	03484	01557	01800	
01576	02554	01457	02394	01781	03155	03486	01556	01799	
01572	02551	01455	02388	01777	03152	03483	01555	01793	
01571	02549	01455	02386	01777	03152	03481	01555	01792	
01576	02554	01457	02391	01781	03156	03483	01558	01794	
01573	02551	01456	02389	01778	03153	03482	01559	01794	
01569	02547	01455	02386	01776	03150	03479	01558	01794	
01573	02551	01457	02392	01779	03153	03484	01560	01800	
01574	02552	01459	02394	01780	03154	03486	01562	01802	
01569	02547	01456	02389	01777	03151	03483	01559	01798	
01570	02551	01457	02390	01778	03153	03485	01560	01799	
01574	02556	01459	02394	01782	03157	03487	01560	01799	
01569	02553	01457	02388	01779	03155	03484	01559	01794	
01567	02550	01456	02386	01778	03154	03480	01556	01792	
01573	02558	01460	02394	01783	03160	03487	01561	01798	
01573	02558	01461	02395	01783	03160	03489	01562	01800	
01571	02555	01460	02394	01781	03157	03489	01561	01801	
01576	02559	01464	02401	01786	03161	03492	01564	01807	
01580	02563	01466	02407	01789	03162	03496	01566	01812	
01576	02557	01464	02402	01785	03158	03490	01564	01809	
01577	02558	01465	02403	01786	03158	03487	01562	01808	
01580	02561	01467	02407	01790	03160	03490	01565	01809	
01578	02558	01465	02401	01787	03157	03489	01564	01806	
01576	02556	01465	02398	01785	03156	03487	01564	01804	
01580	02560	01467	02403	01789	03160	03491	01565	01806	
01578	02560	01468	02402	01787	03159	03491	01567	01807	
01576	02557	01466	02398	01784	03158	03490	01565	01806	
01579	02561	01468	02404	01787	03161	03493	01567	01810	
01580	02562	01469	02406	01787	03161	03494	01567	01812	
01577	02560	01467	02403	01784	03159	03493	01565	01810	
01579	02561	01466	02405	01775	03182	03494	01563	01809	
01580	02563	01465	02406	01775	03182	03492	01561	01808	
01575	02558	01462	02400	01770	03178	03488	01558	01803	
01574	02556	01459	02400	01770	03177	03488	01557	01803	
01575	02557	01459	02403	01771	03178	03489	01555	01804	
01572	02555	01458	02401	01780	03153	03487	01552	01802	
01569	02551	01457	02400	01780	03151	03485	01552	01801	
01572	02555	01459	02405	01783	03154	03489	01552	01804	
01570	02555	01459	02405	01782	03153	03487	01551	01803	
01566	02551	01458	02399	01779	03150	03484	01550	01801	
01568	02553	01459	02402	01782	03153	03486	01551	01803	
01570	02555	01459	02405	01783	03155	03489	01550	01803	
01569	02552	01457	02401	01781	03153	03486	01548	01800	
01571	02553	01458	02402	01783	03154	03486	01551	01802	
01575	02557	01459	02407	01786	03157	03490	01553	01805	
01573	02555	01458	02403	01783	03155	03488	01553	01803	
01572	02552	01458	02401	01782	03154	03485	01554	01804	
01576	02558	01462	02407	01787	03160	03491	01558	01809	
01576	02559	01463	02407	01786	03161	03494	01559	01809	
01573	02556	01463	02404	01785	03159	03491	01559	01808	
01577	02561	01467	02411	01790	03163	03496	01563	01812	
01579	02566	01469	02415	01792	03166	03503	01565	01813	
01574	02561	01467	02410	01789	03163	03497	01562	01810	
01574	02562	01468	02412	01791	03164	03496	01561	01810	
01576	02567	01470	02417	01795	03169	03502	01562	01812	
01572	02563	01467	02414	01792	03166	03498	01558	01811	
01571	02561	01467	02413	01793	03165	03495	01557	01812	
01575	02566	01469	02419	01797	03169	03501	01560	01816	
01583	02577	01478	02429	01804	03181	03512	01568	01824	
01808	02836	01700	02718	02084	03364	03643	01826	02044	
02169	03144	02075	03055	02528	03552	03779	02243	02384	
02566	03452	02498	03391	02991	03738	03890	02710	02768	
02966	03755	02944	03724	03451	03921	03996	03194	03170	
03378	04051	03403	04050	03904	04095	04095	03689	03584	
03583	04095	03666	04095	04086	04095	04095	03937	03800	
03646	04095	03782	04095	04095	04095	04095	04030	03900	
03677	04095	03850	04095	04095	04095	04095	04071	03961	
03715	04095	03905	04095	04095	04095	04095	04092	04012	
03728	04095	03939	04095	04095	04095	04095	04095	04045	
03727	04095	03961	04095	04095	04095	04095	04095	04065	
03749	04095	03987	04095	04095	04095	04095	04095	04083	
03764	04095	04010	04095	04095	04095	04095	04095	04094	
03755	04095	04019	04095	04095	04095	04095	04095	04094	
03763	04095	04033	04095	04095	04095	04095	04095	04095	
03783	04095	04052	04095	04095	04095	04095	04095	04095	
03775	04095	04059	04095	04095	04095	04095	04095	04095	
03773	04095	04064	04095	04095	04095	04095	04095	04095	
03793	04095	04077	04095	04095	04095	04095	04095	04095	
03793	04095	04084	04095	04095	04095	04095	04095	04095	
03781	04095	04083	04095	04095	04095	04095	04095	04095	
03798	04095	04088	04095	04095	04095	04095	04095	04095	
03807	04095	04092	04095	04095	04095	04095	04095	04095	
03797	04095	04092	04095	04095	04095	04095	04095	04095	
03807	04095	04093	04095	04095	04095	04095	04095	04095	
03825	04095	04095	04095	04095	04095	04095	04095	04095	
03817	04095	04095	04095	04095	04095	04095	04095	04095	
03816	04095	04095	04095	04095	04095	04095	04095	04095	
03834	04095	04095	04095	04095	04095	04095	04095	04095	
03831	04095	04095	04095	04095	04095	04095	04095	04095	
03821	04095	04095	04095	04095	04095	04095	04095	04095	
03836	04095	04095	04095	04095	04095	04095	04095	04095	
03841	04095	04095	04095	04095	04095	04095	04095	04095	
03826	04095	04095	04095	04095	04095	04095	04095	04095	
03832	04095	04095	04095	04095	04095	04095	04095	04095	
03844	04095	04095	04095	04095	04095	04095	04095	04095	
03831	04095	04095	04095	04095	04095	04095	04095	04095	
03826	04095	04095	04095	04095	04095	04095	04095	04095	
03840	04095	04095	04095	04095	04095	04095	04095	04095	
03831	04095	04095	04095	04095	04095	04095	04095	04095	
03818	04095	04095	04095	04095	04095	04095	04095	04095	
03830	04095	04095	04095	04095	04095	04095	04095	04095	
03832	04095	04095	04095	04095	04095	04095	04095	04095	
03818	04095	04095	04095	04095	04095	04095	04095	04095	
03827	04095	04095	04095	04095	04095	04095	04095	04095	
03839	04095	04095	04095	04095	04095	04095	04095	04095	
03825	04095	04095	04095	04095	04095	04095	04095	04095	
03824	04095	04095	04095	04095	04095	04095	04095	04095	
03841	04095	04095	04095	04095	04095	04095	04095	04095	
03833	04095	04095	04095	04095	04095	04095	04095	04095	
03824	04095	04095	04095	04095	04095	04095	04095	04095	
03841	04095	04095	04095	04095	04095	04095	04095	04095	
03843	04095	04095	04095	04095	04095	04095	04095	04095	
03828	04095	04095	04095	04095	04095	04095	04095	04095	
03838	04095	04095	04095	04095	04095	04095	04095	04095	
03851	04095	04095	04095	04095	04095	04095	04095	04095	
03839	04095	04095	04095	04095	04095	04095	04095	04095	
03843	04095	04095	04095	04095	04095	04095	04095	04095	
03861	04095	04095	04095	04095	04095	04095	04095	04095	
03855	04095	04095	04095	04095	04095	04095	04095	04095	
03848	04095	04095	04095	04095	04095	04095	04095	04095	
03865	04095	04095	04095	04095	04095	04095	04095	04095	
03865	04095	04095	04095	04095	04095	04095	04095	04095	
03851	04095	04095	04095	04095	04095	04095	04095	04095	
03862	04095	04095	04095	04095	04095	04095	04095	04095	
03870	04095	04095	04095	04095	04095	04095	04095	04095	
03853	04095	04095	04095	04095	04095	04095	04095	04095	
03855	04095	04095	04095	04095	04095	04095	04095	04095	
03869	04095	04095	04095	04095	04095	04095	04095	04095	
03857	04095	04095	04095	04095	04095	04095	04095	04095	
03850	04095	04095	04095	04095	04095	04095	04095	04095	
03864	04095	04095	04095	04095	04095	04095	04095	04095	
03859	04095	04095	04095	04095	04095	04095	04095	04095	
03811	04095	04091	04095	04094	04095	04095	04095	04092	
03430	03843	03675	03840	03720	03930	04039	03585	03748	
02999	03557	03190	03559	03313	03736	03936	03032	03348	
02545	03261	02685	03268	02907	03533	03826	02467	02925	
02101	02962	02176	02976	02489	03329	03740	01899	02492	
01691	02663	01666	02679	02070	03124	03652	01330	02058	
01621	02612	01563	02627	02020	03079	03615	01269	01959	
01599	02595	01525	02600	02004	03063	03601	01250	01913	
01591	02590	01506	02587	02000	03058	03594	01242	01892	
01581	02583	01490	02575	01994	03050	03585	01236	01875	
01573	02575	01479	02570	01987	03043	03577	01230	01861	
01573	02575	01474	02584	01988	03045	03577	01227	01855	
01570	02573	01467	02597	01986	03046	03575	01227	01849	
01565	02567	01461	02604	01981	03045	03570	01225	01842	
01567	02568	01460	02617	01982	03050	03570	01226	01840	
01571	02570	01459	02629	01985	03055	03575	01230	01841	
01568	02568	01457	02626	01983	03052	03575	01230	01838	
01569	02568	01458	02622	01985	03052	03577	01230	01838	
01573	02573	01459	02618	01989	03052	03582	01229	01839	
01571	02573	01459	02604	01989	03048	03586	01229	01836	
01569	02571	01457	02589	01987	03044	03585	01227	01833	
01571	02573	01457	02587	01990	03045	03586	01227	01833	
01570	02573	01456	02588	01989	03045	03587	01226	01831	
01567	02568	01453	02591	01986	03043	03584	01226	01829	
01569	02568	01453	02603	01987	03046	03585	01226	01830	
01571	02571	01454	02617	01989	03049	03587	01226	01831	
01568	02568	01452	02619	01985	03048	03585	01227	01829	
01569	02568	01451	02620	01986	03049	03583	01226	01828	
01573	02574	01454	02624	01990	03051	03587	01227	01829	
01572	02573	01452	02614	01988	03047	03587	01226	01827	
01570	02570	01451	02601	01987	03044	03582	01223	01824	
01575	02575	01454	02598	01994	03046	03587	01223	01826	
01573	02574	01453	02587	01992	03043	03586	01221	01825	
01567	02568	01449	02573	01988	03038	03581	01218	01821	
01568	02569	01449	02573	01989	03038	03578	01217	01820	
01567	02569	01448	02577	01988	03038	03580	01217	01819	
01560	02562	01443	02574	01979	03032	03574	01214	01813	
01560	02563	01444	02583	01979	03034	03574	01216	01814	
01562	02566	01445	02595	01981	03037	03576	01217	01816	
01560	02564	01445	02597	01978	03036	03574	01218	01816	
01559	02563	01444	02597	01977	03035	03571	01218	01816	
01564	02567	01446	02602	01983	03038	03573	01218	01819	
01564	02566	01446	02598	01982	03036	03573	01218	01819	
01562	02563	01445	02586	01980	03033	03570	01217	01817	
01564	02565	01446	02581	01983	03035	03574	01217	01818	
01566	02568	01447	02578	01985	03036	03578	01218	01819	
01562	02564	01446	02569	01981	03032	03574	01217	01816	
01563	02564	01446	02570	01982	03034	03575	01218	01816	
01569	02570	01449	02582	01979	03039	03581	01222	01848	
01568	02569	01450	02587	01977	03038	03580	01223	01848	
01568	02568	01450	02593	01977	03038	03579	01224	01849	
01574	02573	01454	02604	01982	03043	03580	01227	01854	
01575	02572	01454	02608	01982	03043	03581	01227	01853	
01571	02568	01452	02603	01986	03038	03577	01225	01823	
01582	02584	01464	02617	02004	03057	03594	01238	01837	
01746	02793	01622	02838	02208	03268	03689	01421	02010	
02078	03097	01973	03133	02588	03478	03783	01844	02330	
02469	03402	02398	03431	03012	03689	03900	02346	02709	
02889	03709	02863	03733	03426	03902	04019	02887	03119	
03297	03998	03330	04017	03833	04095	04095	03433	03529	
03558	04095	03664	04095	04053	04095	04095	03821	03792	
03667	04095	03819	04095	04095	04095	04095	03970	03921	
03715	04095	03911	04095	04095	04095	04095	04043	03997	
03731	04095	03968	04095	04095	04095	04095	04076	04042	
03761	04095	04018	04095	04095	04095	04095	04092	04072	
03782	04095	04053	04095	04095	04095	04095	04095	04091	
03774	04095	04071	04095	04095	04095	04095	04095	04094	
03780	04095	04084	04095	04095	04095	04095	04095	04095	
03797	04095	04093	04095	04095	04095	04095	04095	04095	
03787	04095	04093	04095	04095	04095	04095	04095	04095	
03783	04095	04093	04095	04095	04095	04095	04095	04095	
03803	04095	04095	04095	04095	04095	04095	04095	04095	
03804	04095	04095	04095	04095	04095	04095	04095	04095	
03793	04095	04095	04095	04095	04095	04095	04095	04095	
03807	04095	04095	04095	04095	04095	04095	04095	04095	
03818	04095	04095	04095	04095	04095	04095	04095	04095	
03804	04095	04095	04095	04095	04095	04095	04095	04095	
03810	04095	04095	04095	04095	04095	04095	04095	04095	
03825	04095	04095	04095	04095	04095	04095	04095	04095	
03816	04095	04095	04095	04095	04095	04095	04095	04095	
03810	04095	04095	04095	04095	04095	04095	04095	04095	
03827	04095	04095	04095	04095	04095	04095	04095	04095	
03829	04095	04095	04095	04095	04095	04095	04095	04095	
03819	04095	04095	04095	04095	04095	04095	04095	04095	
03835	04095	04095	04095	04095	04095	04095	04095	04095	
03845	04095	04095	04095	04095	04095	04095	04095	04095	
03833	04095	04095	04095	04095	04095	04095	04095	04095	
03837	04095	04095	04095	04095	04095	04095	04095	04095	
03853	04095	04095	04095	04095	04095	04095	04095	04095	
03843	04095	04095	04095	04095	04095	04095	04095	04095	
03841	04095	04095	04095	04095	04095	04095	04095	04095	
03860	04095	04095	04095	04095	04095	04095	04095	04095	
03861	04095	04095	04095	04095	04095	04095	04095	04095	
03850	04095	04095	04095	04095	04095	04095	04095	04095	
03866	04095	04095	04095	04095	04095	04095	04095	04095	
03873	04095	04095	04095	04095	04095	04095	04095	04095	
03858	04095	04095	04095	04095	04095	04095	04095	04095	
03861	04095	04095	04095	04095	04095	04095	04095	04095	
03531	03902	03689	03884	03805	03987	04049	03635	03804	
03093	03632	03159	03607	03441	03787	03973	03085	03411	
02647	03360	02604	03324	03078	03575	03891	02521	02990	
02206	03089	02035	03042	02720	03353	03807	01952	02551	
01749	02819	01456	02752	02359	03124	03693	01378	02088	
01629	02741	01280	02671	02297	02999	03622	01262	01903	
01603	02742	01230	02659	02300	02969	03610	01237	01829	
01588	02745	01205	02649	02294	02955	03603	01225	01787	
01576	02738	01194	02635	02278	02951	03594	01217	01765	
01572	02734	01191	02629	02263	02957	03591	01213	01769	
01570	02733	01191	02627	02249	02965	03591	01211	01784	
01564	02723	01188	02617	02233	02965	03585	01208	01787	
01561	02719	01184	02614	02231	02960	03581	01205	01781	
01563	02726	01181	02620	02241	02955	03585	01205	01767	
01559	02726	01175	02621	02251	02944	03583	01205	01746	
01557	02722	01169	02623	02261	02937	03581	01205	01731	
01560	02722	01167	02634	02272	02939	03581	01206	01731	
01562	02717	01168	02641	02273	02944	03582	01207	01738	
01561	02704	01168	02641	02265	02947	03578	01207	01752	
01565	02702	01170	02647	02267	02954	03582	01209	01771	
01568	02706	01171	02652	02271	02957	03586	01210	01778	
01566	02709	01170	02647	02270	02951	03586	01210	01765	
01565	02717	01169	02644	02276	02947	03589	01210	01748	
01569	02731	01169	02645	02286	02945	03592	01210	01736	
01566	02735	01168	02637	02281	02941	03591	01210	01726	
01564	02737	01168	02629	02274	02942	03591	01209	01724	
01567	02742	01169	02631	02274	02948	03596	01210	01733	
01567	02744	01169	02631	02271	02949	03596	01209	01739	
01563	02740	01167	02627	02266	02946	03595	01208	01735	
01567	02744	01167	02633	02276	02947	03598	01208	01729	
01568	02744	01166	02639	02283	02945	03599	01208	01725	
01565	02737	01165	02639	02283	02942	03597	01208	01723	
01566	02731	01164	02641	02284	02943	03594	01208	01727	
01570	02730	01166	02650	02289	02948	03596	01209	01737	
01566	02722	01164	02647	02282	02945	03592	01207	01741	
01563	02718	01161	02642	02279	02942	03587	01205	01736	
01563	02723	01161	02643	02283	02940	03588	01205	01729	
01561	02726	01159	02636	02279	02937	03588	01204	01720	
01556	02725	01156	02623	02270	02932	03584	01201	01711	
01559	02732	01157	02618	02268	02935	03589	01202	01709	
01560	02738	01158	02613	02266	02936	03590	01201	01709	
01558	02737	01156	02604	02260	02933	03586	01200	01707	
01557	02738	01156	02605	02262	02933	03585	01201	01704	
01561	02741	01156	02614	02271	02935	03587	01201	01705	
01559	02735	01155	02620	02272	02935	03585	01202	01708	
01582	02757	01177	02661	02302	02975	03622	01225	01738	
01606	02782	01200	02700	02333	03011	03656	01248	01772	
01617	02793	01211	02719	02345	03027	03671	01258	01788	
01917	03064	01539	03010	02662	03258	03762	01634	02086	
02303	03339	01984	03301	03029	03487	03877	02118	02461	
02695	03586	02464	03559	03355	03679	03957	02633	02853	
03089	03834	02966	03819	03694	03878	04017	03167	03261	
03507	04095	03500	04095	04047	04095	04095	03729	03700	
03651	04095	03735	04095	04095	04095	04095	03932	03871	
03703	04095	03865	04095	04095	04095	04095	04024	03964	
03728	04095	03948	04095	04095	04095	04095	04066	04020	
03765	04095	04010	04095	04095	04095	04095	04089	04059	
03785	04095	04052	04095	04095	04095	04095	04095	04083	
03783	04095	04075	04095	04095	04095	04095	04095	04091	
03802	04095	04089	04095	04095	04095	04095	04095	04095	
03822	04095	04095	04095	04095	04095	04095	04095	04095	
03815	04095	04095	04095	04095	04095	04095	04095	04095	
03820	04095	04095	04095	04095	04095	04095	04095	04095	
03840	04095	04095	04095	04095	04095	04095	04095	04095	
03834	04095	04095	04095	04095	04095	04095	04095	04095	
03827	04095	04095	04095	04095	04095	04095	04095	04095	
03845	04095	04095	04095	04095	04095	04095	04095	04095	
03845	04095	04095	04095	04095	04095	04095	04095	04095	
03829	04095	04095	04095	04095	04095	04095	04095	04095	
03839	04095	04095	04095	04095	04095	04095	04095	04095	
03847	04095	04095	04095	04095	04095	04095	04095	04095	
03831	04095	04095	04095	04095	04095	04095	04095	04095	
03833	04095	04095	04095	04095	04095	04095	04095	04095	
03849	04095	04095	04095	04095	04095	04095	04095	04095	
03840	04095	04095	04095	04095	04095	04095	04095	04095	
03831	04095	04095	04095	04095	04095	04095	04095	04095	
03847	04095	04095	04095	04095	04095	04095	04095	04095	
03847	04095	04095	04095	04095	04095	04095	04095	04095	
03833	04095	04095	04095	04095	04095	04095	04095	04095	
03844	04095	04095	04095	04095	04095	04095	04095	04095	
03854	04095	04095	04095	04095	04095	04095	04095	04095	
03841	04095	04095	04095	04095	04095	04095	04095	04095	
03843	04095	04095	04095	04095	04095	04095	04095	04095	
03861	04095	04095	04095	04095	04095	04095	04095	04095	
03857	04095	04095	04095	04095	04095	04095	04095	04095	
03855	04095	04095	04095	04095	04095	04095	04095	04095	
03876	04095	04095	04095	04095	04095	04095	04095	04095	
03881	04095	04095	04095	04095	04095	04095	04095	04095	
03872	04095	04095	04095	04095	04095	04095	04095	04095	
03883	04095	04095	04095	04095	04095	04095	04095	04095	
03892	04095	04095	04095	04095	04095	04095	04095	04095	
03877	04095	04095	04095	04095	04095	04095	04095	04095	
03877	04095	04095	04095	04095	04095	04095	04095	04095	
03891	04095	04095	04095	04095	04095	04095	04095	04095	
03882	04095	04095	04095	04095	04095	04095	04095	04095	
03873	04095	04095	04095	04095	04095	04095	04095	04095	
03891	04095	04095	04095	04095	04095	04095	04095	04095	
03892	04095	04095	04095	04095	04095	04095	04095	04095	
03879	04095	04095	04095	04095	04095	04095	04095	04095	
03890	04095	04095	04095	04095	04095	04095	04095	04095	
03897	04095	04095	04095	04095	04095	04095	04095	04095	
03876	04095	04095	04095	04095	04095	04095	04095	04095	
03872	04095	04095	04095	04095	04095	04095	04095	04095	
03881	04095	04095	04095	04095	04095	04095	04095	04095	
03867	04095	04095	04095	04095	04095	04095	04095	04095	
03472	03898	03591	03843	03821	03901	04027	03604	03701	
03029	03654	03007	03550	03488	03664	03952	03050	03223	
02563	03396	02403	03251	03138	03416	03865	02482	02721	
02088	03134	01792	02948	02781	03167	03776	01909	02209	
01625	02873	01173	02648	02427	02921	03664	01334	01693	
01545	02807	01057	02597	02355	02864	03616	01247	01565	
01521	02783	01021	02582	02327	02846	03599	01222	01518	
01510	02774	01005	02576	02318	02837	03593	01212	01495	
01501	02773	00997	02574	02319	02831	03591	01206	01480	
01487	02766	00991	02563	02311	02819	03585	01202	01468	
01477	02762	00986	02554	02309	02812	03583	01200	01462	
01474	02764	00984	02551	02313	02814	03584	01200	01459	
01471	02765	00983	02545	02312	02817	03586	01199	01456	
01469	02759	00982	02538	02307	02817	03583	01198	01454	
01472	02763	00982	02540	02313	02822	03587	01199	01454	
01472	02766	00982	02542	02316	02822	03589	01199	01452	
01470	02763	00982	02544	02312	02817	03590	01200	01450	
01474	02763	00982	02554	02313	02815	03591	01200	01449	
01482	02767	00983	02567	02318	02816	03594	01202	01450	
01487	02765	00982	02572	02312	02815	03593	01202	01449	
01492	02763	00982	02579	02309	02814	03592	01202	01450	
01495	02767	00981	02584	02314	02816	03593	01203	01449	
01491	02766	00980	02577	02312	02814	03592	01201	01445	
01481	02762	00979	02562	02308	02810	03588	01200	01442	
01476	02765	00979	02552	02314	02812	03590	01201	01442	
01470	02767	00980	02539	02315	02813	03589	01200	01441	
01463	02763	00979	02522	02311	02811	03585	01199	01440	
01462	02765	00979	02516	02314	02814	03587	01200	01441	
01464	02768	00980	02519	02318	02816	03588	01201	01443	
01461	02762	00978	02521	02310	02811	03582	01198	01440	
01465	02758	00976	02530	02307	02808	03579	01196	01438	
01473	02762	00975	02548	02310	02809	03580	01195	01439	
01479	02760	00974	02560	02306	02806	03575	01193	01438	
01481	02755	00972	02563	02299	02803	03572	01191	01434	
01486	02757	00972	02568	02304	02806	03576	01193	01436	
01483	02757	00971	02563	02304	02807	03575	01194	01438	
01474	02751	00970	02547	02297	02804	03573	01193	01435	
01468	02750	00970	02534	02299	02806	03572	01193	01435	
01465	02753	00971	02527	02304	02808	03572	01195	01437	
01459	02751	00971	02518	02298	02805	03569	01192	01434	
01459	02749	00972	02518	02296	02804	03568	01192	01433	
01465	02753	00972	02530	02302	02807	03572	01194	01435	
01469	02752	00971	02539	02299	02804	03573	01194	01435	
01471	02746	00970	02546	02293	02801	03572	01192	01433	
01478	02748	00970	02558	02299	02803	03575	01193	01435	
01482	02752	00973	02563	02292	02806	03578	01196	01466	
01481	02752	00976	02560	02291	02806	03578	01196	01467	
01481	02756	00979	02557	02297	02811	03582	01199	01470	
01480	02763	00981	02553	02305	02816	03589	01203	01473	
01474	02761	00981	02542	02302	02816	03587	01203	01474	
01470	02758	00980	02536	02311	02815	03585	01203	01444	
01470	02761	00980	02536	02316	02818	03587	01204	01445	
01469	02759	00979	02538	02314	02816	03584	01202	01444	
01470	02755	00980	02540	02309	02815	03581	01201	01442	
01478	02762	00983	02554	02318	02821	03589	01205	01446	
01714	03018	01212	02855	02581	03078	03708	01472	01682	
02076	03283	01627	03164	02930	03332	03797	01916	02058	
02491	03551	02123	03473	03289	03588	03891	02427	02496	
02931	03820	02667	03781	03651	03844	03983	02973	02973	
03367	04081	03235	04082	04003	04095	04095	03528	03463	
03581	04095	03597	04095	04087	04095	04095	03834	03736	
03684	04095	03788	04095	04095	04095	04095	03968	03885	
03725	04095	03901	04095	04095	04095	04095	04036	03974	
03738	04095	03973	04095	04095	04095	04095	04068	04028	
03766	04095	04026	04095	04095	04095	04095	04088	04065	
03787	04095	04061	04095	04095	04095	04095	04095	04087	
03781	04095	04076	04095	04095	04095	04095	04095	04092	
03791	04095	04088	04095	04095	04095	04095	04095	04095	
03813	04095	04095	04095	04095	04095	04095	04095	04095	
03810	04095	04095	04095	04095	04095	04095	04095	04095	
03807	04095	04095	04095	04095	04095	04095	04095	04095	
03828	04095	04095	04095	04095	04095	04095	04095	04095	
03833	04095	04095	04095	04095	04095	04095	04095	04095	
03821	04095	04095	04095	04095	04095	04095	04095	04095	
03835	04095	04095	04095	04095	04095	04095	04095	04095	
03848	04095	04095	04095	04095	04095	04095	04095	04095	
03835	04095	04095	04095	04095	04095	04095	04095	04095	
03837	04095	04095	04095	04095	04095	04095	04095	04095	
03855	04095	04095	04095	04095	04095	04095	04095	04095	
03851	04095	04095	04095	04095	04095	04095	04095	04095	
03848	04095	04095	04095	04095	04095	04095	04095	04095	
03869	04095	04095	04095	04095	04095	04095	04095	04095	
03875	04095	04095	04095	04095	04095	04095	04095	04095	
03864	04095	04095	04095	04095	04095	04095	04095	04095	
03875	04095	04095	04095	04095	04095	04095	04095	04095	
03886	04095	04095	04095	04095	04095	04095	04095	04095	
03871	04095	04095	04095	04095	04095	04095	04095	04095	
03874	04095	04095	04095	04095	04095	04095	04095	04095	
03893	04095	04095	04095	04095	04095	04095	04095	04095	
03885	04095	04095	04095	04095	04095	04095	04095	04095	
03877	04095	04095	04095	04095	04095	04095	04095	04095	
03895	04095	04095	04095	04095	04095	04095	04095	04095	
03894	04095	04095	04095	04095	04095	04095	04095	04095	
03879	04095	04095	04095	04095	04095	04095	04095	04095	
03887	04095	04095	04095	04095	04095	04095	04095	04095	
03605	03987	03742	03922	03905	04029	04095	03731	03778	
03144	03745	03170	03593	03580	03798	04026	03187	03267	
02670	03477	02570	03241	03237	03551	03944	02622	02722	
02192	03194	01960	02885	02890	03299	03859	02051	02165	
01696	02915	01341	02524	02537	03044	03744	01476	01601	
01492	02751	01072	02341	02383	02851	03627	01262	01350	
01457	02726	01025	02328	02353	02825	03605	01228	01293	
01442	02726	01005	02341	02339	02813	03596	01215	01269	
01435	02739	00995	02360	02326	02805	03588	01207	01255	
01436	02751	00988	02381	02324	02803	03586	01204	01249	
01434	02755	00985	02390	02322	02801	03585	01203	01244	
01428	02745	00981	02372	02315	02796	03579	01199	01239	
01425	02727	00978	02346	02314	02794	03576	01198	01235	
01424	02710	00977	02322	02318	02796	03577	01197	01233	
01420	02693	00976	02297	02314	02793	03574	01195	01229	
01419	02685	00975	02284	02312	02793	03572	01194	01227	
01422	02690	00975	02290	02316	02795	03574	01196	01227	
01423	02703	00976	02304	02316	02797	03576	01196	01227	
01423	02718	00976	02314	02311	02795	03576	01197	01226	
01427	02732	00977	02323	02317	02797	03580	01198	01228	
01429	02736	00978	02324	02320	02799	03583	01200	01229	
01426	02724	00979	02313	02316	02797	03584	01200	01228	
01425	02713	00978	02301	02318	02797	03582	01200	01228	
01425	02711	00977	02294	02324	02799	03582	01200	01228	
01422	02706	00976	02290	02320	02797	03582	01199	01227	
01421	02708	00976	02293	02319	02797	03580	01198	01227	
01426	02722	00977	02303	02325	02800	03582	01199	01228	
01427	02730	00978	02305	02324	02799	03585	01199	01227	
01425	02724	00977	02301	02318	02797	03583	01198	01227	
01425	02718	00978	02297	02322	02799	03585	01200	01227	
01426	02713	00979	02291	02324	02799	03587	01200	01227	
01423	02708	00978	02286	02319	02797	03584	01199	01226	
01423	02710	00979	02290	02321	02798	03581	01199	01227	
01427	02721	00980	02299	02326	02801	03584	01201	01228	
01424	02726	00978	02299	02320	02797	03579	01197	01226	
01422	02725	00975	02297	02316	02795	03575	01195	01222	
01422	02723	00974	02295	02320	02796	03576	01194	01221	
01420	02715	00970	02286	02317	02794	03577	01192	01219	
01416	02705	00968	02277	02310	02790	03576	01190	01216	
01419	02705	00969	02277	02314	02793	03580	01191	01216	
01420	02705	00969	02279	02317	02794	03581	01192	01217	
01418	02701	00968	02276	02311	02791	03577	01190	01217	
01419	02698	00969	02277	02313	02791	03577	01191	01218	
01421	02699	00970	02277	02318	02793	03580	01192	01219	
01418	02695	00968	02274	02315	02791	03577	01191	01219	
01416	02697	00968	02275	02311	02790	03576	01191	01218	
01418	02707	00969	02283	02316	02793	03582	01193	01219	
01416	02717	00968	02288	02315	02793	03583	01193	01219	
01413	02721	00968	02289	02311	02790	03579	01193	01217	
01415	02724	00969	02291	02314	02792	03581	01194	01218	
01420	02729	00973	02295	02311	02800	03590	01199	01253	
01623	02961	01172	02595	02550	03059	03681	01437	01468	
01997	03234	01579	02954	02908	03320	03773	01876	01861	
02431	03510	02073	03317	03269	03581	03867	02388	02331	
02877	03784	02612	03679	03626	03841	03984	02925	02838	
03327	04055	03173	04037	03977	04095	04095	03476	03336	
03597	04095	03559	04095	04095	04095	04095	03813	03675	
03697	04095	03749	04095	04095	04095	04095	03953	03846	
03733	04095	03858	04095	04095	04095	04095	04022	03948	
03772	04095	03939	04095	04095	04095	04095	04065	04017	
03805	04095	04001	04095	04095	04095	04095	04089	04060	
03808	04095	04039	04095	04095	04095	04095	04094	04081	
03818	04095	04066	04095	04095	04095	04095	04095	04091	
03845	04095	04086	04095	04095	04095	04095	04095	04095	
03847	04095	04094	04095	04095	04095	04095	04095	04095	
03843	04095	04095	04095	04095	04095	04095	04095	04095	
03864	04095	04095	04095	04095	04095	04095	04095	04095	
03869	04095	04095	04095	04095	04095	04095	04095	04095	
03853	04095	04095	04095	04095	04095	04095	04095	04095	
03860	04095	04095	04095	04095	04095	04095	04095	04095	
03872	04095	04095	04095	04095	04095	04095	04095	04095	
03856	04095	04095	04095	04095	04095	04095	04095	04095	
03853	04095	04095	04095	04095	04095	04095	04095	04095	
03870	04095	04095	04095	04095	04095	04095	04095	04095	
03865	04095	04095	04095	04095	04095	04095	04095	04095	
03855	04095	04095	04095	04095	04095	04095	04095	04095	
03870	04095	04095	04095	04095	04095	04095	04095	04095	
03876	04095	04095	04095	04095	04095	04095	04095	04095	
03863	04095	04095	04095	04095	04095	04095	04095	04095	
03871	04095	04095	04095	04095	04095	04095	04095	04095	
03885	04095	04095	04095	04095	04095	04095	04095	04095	
03873	04095	04095	04095	04095	04095	04095	04095	04095	
03871	04095	04095	04095	04095	04095	04095	04095	04095	
03887	04095	04095	04095	04095	04095	04095	04095	04095	
03887	04095	04095	04095	04095	04095	04095	04095	04095	
03878	04095	04095	04095	04095	04095	04095	04095	04095	
03896	04095	04095	04095	04095	04095	04095	04095	04095	
03904	04095	04095	04095	04095	04095	04095	04095	04095	
03892	04095	04095	04095	04095	04095	04095	04095	04095	
03897	04095	04095	04095	04095	04095	04095	04095	04095	
03557	03946	03701	03867	03902	03981	04077	03700	03747	
03181	03842	03254	03696	03746	03975	04077	03301	03386	
03061	03842	03086	03696	03746	03975	04077	03186	03270	
02568	03568	02502	03297	03427	03741	04008	02636	02747	
02043	03271	01891	02871	03084	03491	03900	02067	02194	
01862	03118	01668	02686	02940	03350	03804	01889	01980	
01705	02922	01500	02469	02749	03103	03718	01713	01778	
01294	02621	01050	02080	02399	02849	03630	01253	01327	
01264	02590	01015	02088	02364	02826	03608	01225	01281	
01256	02585	01003	02125	02357	02821	03602	01216	01264	
01252	02581	00995	02144	02341	02839	03602	01211	01254	
01245	02570	00988	02126	02331	02831	03597	01205	01244	
01242	02560	00983	02090	02325	02826	03593	01201	01237	
01241	02557	00980	02057	02326	02826	03594	01200	01233	
01237	02554	00977	02029	02320	02822	03591	01197	01229	
01236	02553	00975	02022	02328	02799	03587	01194	01225	
01238	02562	00974	02034	02332	02802	03588	01195	01226	
01237	02568	00973	02063	02333	02802	03588	01194	01225	
01233	02570	00972	02086	02326	02799	03586	01194	01224	
01234	02571	00972	02087	02327	02800	03586	01194	01224	
01235	02571	00971	02064	02329	02800	03587	01195	01224	
01231	02563	00969	02035	02322	02795	03582	01193	01221	
01231	02559	00967	02015	02321	02794	03579	01192	01220	
01235	02559	00967	02017	02326	02796	03580	01193	01221	
01234	02556	00967	02033	02324	02795	03579	01192	01219	
01232	02550	00967	02041	02320	02792	03575	01190	01217	
01234	02550	00968	02047	02325	02794	03577	01192	01218	
01236	02551	00971	02041	02328	02796	03579	01194	01220	
01234	02548	00973	02022	02326	02796	03577	01194	01220	
01236	02552	00975	02010	02329	02799	03579	01196	01223	
01238	02558	00977	02014	02334	02802	03583	01197	01225	
01237	02562	00977	02017	02332	02801	03585	01199	01226	
01236	02565	00976	02022	02330	02800	03585	01200	01225	
01237	02569	00976	02023	02333	02802	03589	01201	01226	
01235	02567	00974	02016	02330	02799	03585	01199	01225	
01233	02562	00974	02011	02327	02797	03582	01199	01224	
01235	02561	00975	02013	02331	02800	03583	01199	01225	
01235	02556	00975	02016	02333	02801	03582	01199	01224	
01233	02547	00974	02016	02329	02799	03578	01197	01222	
01233	02543	00975	02018	02332	02800	03580	01198	01223	
01235	02547	00977	02021	02337	02804	03584	01199	01223	
01234	02546	00975	02019	02334	02802	03585	01198	01223	
01233	02549	00974	02016	02331	02801	03586	01198	01223	
01235	02559	00975	02018	02336	02803	03589	01199	01223	
01233	02561	00973	02016	02331	02800	03586	01197	01222	
01232	02558	00970	02010	02325	02796	03581	01196	01221	
01232	02561	00969	02008	02326	02797	03579	01196	01220	
01232	02559	00968	02008	02327	02797	03578	01194	01218	
01230	02552	00967	02006	02320	02794	03573	01192	01216	
01232	02551	00969	02009	02323	02798	03576	01193	01216	
01232	02550	00970	02014	02327	02800	03579	01194	01217	
01229	02543	00969	02015	02323	02796	03576	01192	01216	
01228	02541	00968	02016	02320	02795	03576	01193	01216	
01230	02545	00969	02019	02325	02797	03579	01194	01217	
01229	02547	00968	02017	02323	02794	03578	01194	01217	
01227	02547	00967	02011	02319	02792	03575	01192	01214	
01231	02555	00969	02011	02324	02796	03581	01194	01217	
01233	02560	00970	02012	02327	02798	03583	01194	01217	
01230	02558	00969	02010	02322	02795	03584	01194	01216	
01230	02558	00969	02011	02323	02796	03584	01194	01216	
01233	02558	00971	02013	02319	02799	03589	01198	01250	
01232	02552	00971	02011	02317	02798	03588	01199	01249	
01231	02547	00972	02010	02316	02798	03587	01199	01250	
01235	02548	00975	02015	02325	02802	03591	01201	01252	
01238	02548	00977	02017	02328	02804	03594	01202	01254	
01237	02547	00977	02015	02335	02804	03593	01201	01224	
01238	02551	00977	02015	02339	02807	03595	01201	01225	
01239	02557	00978	02013	02340	02807	03596	01201	01225	
01237	02556	00977	02010	02334	02804	03593	01201	01225	
01446	02807	01175	02348	02580	03061	03708	01435	01437	
01847	03117	01582	02768	02924	03320	03824	01874	01830	
02293	03424	02061	03186	03277	03576	03914	02372	02290	
02763	03730	02583	03602	03630	03835	04004	02901	02791	
03263	04038	03137	04017	03988	04095	04095	03457	03323	
03556	04095	03513	04095	04095	04095	04095	03787	03659	
03655	04095	03689	04095	04095	04095	04095	03917	03824	
03724	04095	03804	04095	04095	04095	04095	03997	03934	
03771	04095	03883	04095	04095	04095	04095	04047	04007	
03780	04095	03930	04095	04095	04095	04095	04070	04049	
03793	04095	03966	04095	04095	04095	04095	04085	04075	
03820	04095	04003	04095	04095	04095	04095	04095	04091	
03822	04095	04023	04095	04095	04095	04095	04095	04095	
03819	04095	04038	04095	04095	04095	04095	04095	04095	
03841	04095	04060	04095	04095	04095	04095	04095	04095	
03850	04095	04075	04095	04095	04095	04095	04095	04095	
03840	04095	04080	04095	04095	04095	04095	04095	04095	
03851	04095	04088	04095	04095	04095	04095	04095	04095	
03867	04095	04095	04095	04095	04095	04095	04095	04095	
03857	04095	04095	04095	04095	04095	04095	04095	04095	
03857	04095	04095	04095	04095	04095	04095	04095	04095	
03876	04095	04095	04095	04095	04095	04095	04095	04095	
03874	04095	04095	04095	04095	04095	04095	04095	04095	
03863	04095	04095	04095	04095	04095	04095	04095	04095	
03879	04095	04095	04095	04095	04095	04095	04095	04095	
03889	04095	04095	04095	04095	04095	04095	04095	04095	
03877	04095	04095	04095	04095	04095	04095	04095	04095	
03886	04095	04095	04095	04095	04095	04095	04095	04095	
03904	04095	04095	04095	04095	04095	04095	04095	04095	
03898	04095	04095	04095	04095	04095	04095	04095	04095	
03893	04095	04095	04095	04095	04095	04095	04095	04095	
03909	04095	04095	04095	04095	04095	04095	04095	04095	
03907	04095	04095	04095	04095	04095	04095	04095	04095	
03894	04095	04095	04095	04095	04095	04095	04095	04095	
03906	04095	04095	04095	04095	04095	04095	04095	04095	
03913	04095	04095	04095	04095	04095	04095	04095	04095	
03899	04095	04095	04095	04095	04095	04095	04095	04095	
03903	04095	04095	04095	04095	04095	04095	04095	04095	
03918	04095	04095	04095	04095	04095	04095	04095	04095	
03907	04095	04095	04095	04095	04095	04095	04095	04095	
03427	03820	03544	03703	03804	03886	04008	03574	03614	
02921	03511	02947	03275	03476	03669	03894	03016	03078	
02396	03189	02339	02838	03134	03420	03793	02447	02524	
01858	02860	01724	02395	02784	03165	03685	01873	01961	
01333	02532	01105	01952	02436	02911	03576	01297	01396	
01275	02477	01032	01900	02377	02864	03528	01242	01308	
01253	02453	01005	01881	02363	02822	03504	01221	01273	
01244	02443	00991	01873	02353	02813	03494	01210	01255	
01241	02441	00986	01871	02352	02811	03489	01207	01248	
01237	02436	00982	01867	02345	02806	03485	01203	01240	
01234	02433	00979	01864	02341	02804	03481	01199	01234	
01235	02435	00978	01864	02344	02805	03482	01199	01232	
01234	02433	00976	01862	02342	02803	03482	01199	01229	
01232	02429	00973	01861	02337	02800	03483	01197	01226	
01233	02431	00973	01861	02339	02801	03487	01197	01225	
01233	02432	00973	01861	02340	02801	03491	01198	01224	
01231	02428	00971	01859	02335	02798	03489	01196	01223	
01230	02428	00971	01859	02335	02798	03488	01196	01222	
01232	02431	00972	01860	02340	02801	03488	01196	01223	
01231	02430	00972	01860	02338	02800	03484	01195	01223	
01231	02428	00972	01860	02337	02800	03482	01196	01224	
01235	02431	00973	01862	02343	02805	03484	01197	01224	
01235	02433	00974	01863	02344	02805	03485	01198	01225	
01235	02430	00973	01863	02341	02803	03482	01198	01225	
01236	02433	00974	01864	02344	02805	03487	01199	01226	
01237	02435	00974	01864	02346	02806	03489	01198	01224	
01235	02433	00974	01862	02341	02802	03485	01198	01223	
01235	02433	00974	01862	02341	02803	03486	01198	01223	
01235	02435	00974	01862	02343	02805	03488	01198	01223	
01234	02431	00973	01860	02340	02802	03485	01197	01221	
01233	02429	00972	01859	02338	02801	03483	01197	01222	
01234	02432	00973	01861	02342	02804	03487	01199	01223	
01234	02432	00973	01861	02342	02803	03487	01197	01222	
01233	02428	00972	01860	02338	02801	03483	01197	01222	
01235	02430	00974	01861	02341	02803	03482	01199	01223	
01234	02430	00973	01861	02341	02802	03481	01197	01221	
01232	02426	00971	01858	02336	02797	03476	01194	01219	
01232	02424	00970	01857	02335	02796	03474	01195	01218	
01231	02426	00968	01856	02337	02797	03479	01195	01217	
01228	02423	00965	01852	02332	02793	03478	01191	01214	
01228	02423	00965	01852	02330	02792	03479	01192	01214	
01229	02425	00965	01853	02334	02795	03483	01194	01216	
01227	02425	00964	01852	02333	02795	03481	01192	01214	
01226	02423	00964	01851	02329	02792	03477	01191	01213	
01229	02425	00965	01853	02332	02794	03476	01192	01215	
01229	02425	00965	01853	02334	02795	03475	01191	01214	
01225	02421	00964	01851	02330	02793	03470	01190	01213	
01227	02422	00965	01852	02330	02793	03472	01191	01214	
01229	02426	00967	01855	02336	02798	03474	01193	01215	
01227	02425	00966	01854	02334	02796	03473	01192	01215	
01226	02423	00966	01854	02332	02795	03473	01193	01215	
01231	02427	00969	01858	02328	02799	03480	01196	01248	
01232	02429	00971	01860	02330	02801	03482	01197	01249	
01232	02427	00971	01859	02328	02800	03482	01197	01250	
01235	02430	00972	01861	02332	02804	03486	01200	01253	
01237	02434	00974	01863	02336	02807	03490	01201	01254	
01234	02432	00973	01861	02342	02805	03486	01199	01224	
01234	02431	00972	01862	02342	02805	03484	01200	01225	
01235	02433	00973	01864	02347	02807	03486	01200	01225	
01234	02432	00973	01863	02346	02805	03483	01199	01224	
01235	02430	00973	01863	02344	02803	03481	01199	01224	
01237	02432	00974	01865	02348	02806	03485	01201	01225	
01236	02433	00974	01865	02347	02807	03487	01200	01224	
01235	02431	00974	01863	02343	02804	03486	01200	01223	
01236	02433	00975	01864	02343	02806	03492	01201	01223	
01236	02434	00974	01864	02345	02807	03494	01201	01223	
01233	02432	00973	01861	02342	02804	03491	01199	01222	
01241	02442	00982	01873	02352	02818	03503	01208	01230	
01257	02468	00998	01894	02383	02848	03531	01228	01251	
01618	02800	01357	02340	02734	03105	03639	01627	01606	
02050	03131	01814	02786	03085	03362	03774	02105	02048	
02526	03464	02325	03235	03427	03621	03911	02628	02542	
03010	03787	02850	03669	03770	03865	04010	03164	03055	
03483	04095	03382	04095	04095	04095	04095	03694	03569	
03624	04095	03587	04095	04095	04095	04095	03857	03765	
03710	04095	03713	04095	04095	04095	04095	03953	03889	
03743	04095	03788	04095	04095	04095	04095	04003	03966	
03763	04095	03841	04095	04095	04095	04095	04035	04020	
03799	04095	03891	04095	04095	04095	04095	04064	04059	
03815	04095	03927	04095	04095	04095	04095	04079	04081	
03812	04095	03946	04095	04095	04095	04095	04085	04090	
03829	04095	03972	04095	04095	04095	04095	04091	04095	
03845	04095	03994	04095	04095	04095	04095	04095	04095	
03837	04095	04004	04095	04095	04095	04095	04095	04095	
03840	04095	04015	04095	04095	04095	04095	04095	04095	
03863	04095	04037	04095	04095	04095	04095	04095	04095	
03862	04095	04048	04095	04095	04095	04095	04095	04095	
03861	04095	04057	04095	04095	04095	04095	04095	04095	
03882	04095	04073	04095	04095	04095	04095	04095	04095	
03891	04095	04084	04095	04095	04095	04095	04095	04095	
03880	04095	04085	04095	04095	04095	04095	04095	04095	
03891	04095	04089	04095	04095	04095	04095	04095	04095	
03905	04095	04094	04095	04095	04095	04095	04095	04095	
03892	04095	04094	04095	04095	04095	04095	04095	04095	
03891	04095	04094	04095	04095	04095	04095	04095	04095	
03907	04095	04095	04095	04095	04095	04095	04095	04095	
03901	04095	04095	04095	04095	04095	04095	04095	04095	
03891	04095	04094	04095	04095	04095	04095	04095	04095	
03907	04095	04094	04095	04095	04095	04095	04095	04095	
03912	04095	04094	04095	04095	04095	04095	04095	04095	
03898	04095	04089	04095	04095	04095	04095	04095	04095	
03903	04095	04087	04095	04095	04095	04095	04095	04095	
03911	04095	04086	04095	04095	04095	04095	04095	04095	
03895	04095	04078	04095	04095	04095	04095	04095	04095	
03851	04095	04038	04095	04095	04095	04095	04076	04090	
03386	03801	03495	03710	03811	03896	04001	03559	03611	
02925	03523	02953	03339	03549	03705	03911	03051	03134	
02406	03174	02355	02906	03214	03461	03797	02489	02592	
01891	02810	01751	02468	02872	03212	03678	01919	02036	
01404	02439	01175	02025	02523	02959	03551	01363	01476	
01343	02359	01101	01965	02449	02903	03487	01303	01387	
01271	02264	01020	01892	02368	02839	03422	01234	01295	
01255	02239	01000	01880	02350	02825	03408	01218	01267	
01246	02227	00990	01873	02337	02817	03399	01210	01252	
01241	02224	00983	01870	02333	02813	03397	01207	01244	
01240	02229	00980	01869	02339	02813	03404	01204	01239	
01237	02232	00977	01867	02340	02810	03408	01202	01235	
01234	02231	00974	01865	02337	02807	03405	01201	01233	
01236	02233	00976	01867	02341	02811	03408	01201	01232	
01237	02232	00976	01868	02340	02811	03410	01202	01232	
01235	02224	00977	01867	02333	02810	03404	01203	01232	
01237	02218	00977	01868	02333	02811	03402	01204	01231	
01239	02219	00979	01869	02336	02814	03405	01205	01232	
01237	02217	00977	01866	02333	02811	03400	01204	01231	
01236	02216	00977	01866	02333	02810	03399	01203	01229	
01239	02221	00978	01869	02340	02813	03406	01203	01230	
01239	02222	00977	01868	02341	02812	03408	01203	01230	
01237	02218	00976	01867	02337	02809	03407	01201	01227	
01239	02219	00977	01868	02338	02812	03408	01202	01227	
01240	02219	00977	01869	02337	02813	03409	01204	01228	
01237	02214	00975	01865	02331	02809	03403	01203	01225	
01237	02213	00975	01865	02332	02810	03403	01203	01226	
01239	02216	00976	01867	02337	02813	03406	01206	01228	
01237	02214	00975	01866	02334	02810	03406	01204	01226	
01236	02213	00974	01864	02335	02809	03403	01203	01226	
01237	02214	00974	01866	02336	02810	03403	01203	01227	
01235	02212	00971	01862	02331	02807	03397	01199	01224	
01232	02209	00969	01859	02325	02803	03391	01197	01221	
01232	02209	00968	01858	02327	02804	03391	01196	01221	
01230	02209	00965	01856	02325	02803	03390	01194	01219	
01228	02207	00964	01853	02323	02800	03389	01194	01218	
01228	02207	00965	01854	02325	02801	03391	01195	01219	
01230	02207	00965	01855	02327	02802	03393	01195	01218	
01228	02205	00965	01854	02322	02799	03389	01193	01218	
01228	02203	00965	01854	02321	02798	03389	01194	01219	
01230	02205	00966	01855	02324	02801	03391	01194	01218	
01230	02205	00966	01855	02322	02800	03391	01194	01217	
01229	02203	00965	01853	02319	02798	03389	01194	01217	
01229	02203	00965	01854	02322	02800	03389	01195	01217	
01230	02205	00966	01856	02323	02800	03387	01195	01217	
01229	02204	00965	01854	02319	02797	03384	01195	01218	
01231	02204	00966	01856	02311	02798	03387	01196	01249	
01235	02209	00970	01860	02318	02803	03392	01199	01251	
01235	02210	00972	01861	02318	02803	03396	01201	01252	
01236	02211	00973	01860	02320	02804	03401	01202	01253	
01240	02215	00976	01864	02326	02809	03406	01205	01256	
01239	02216	00976	01864	02335	02809	03406	01204	01225	
01237	02212	00974	01862	02329	02806	03400	01202	01224	
01239	02214	00975	01863	02329	02808	03398	01203	01225	
01240	02216	00975	01865	02326	02809	03396	01203	01225	
01237	02214	00974	01862	02318	02807	03390	01201	01224	
01239	02214	00974	01864	02318	02807	03389	01202	01225	
01240	02216	00975	01866	02322	02811	03394	01203	01225	
01238	02215	00974	01864	02321	02808	03396	01202	01224	
01237	02213	00975	01864	02325	02808	03398	01202	01224	
01242	02217	00978	01869	02337	02813	03407	01205	01228	
01267	02255	01004	01905	02374	02858	03451	01233	01256	
01618	02631	01343	02350	02729	03114	03578	01621	01601	
02056	03008	01788	02797	03085	03372	03707	02098	02040	
02530	03385	02285	03243	03440	03630	03835	02617	02529	
03007	03756	02805	03685	03788	03881	03983	03145	03038	
03472	04095	03322	04095	04095	04095	04095	03663	03543	
03630	04095	03541	04095	04095	04095	04095	03838	03749	
03698	04095	03660	04095	04095	04095	04095	03925	03868	
03728	04095	03731	04095	04095	04095	04095	03972	03943	
03769	04095	03792	04095	04095	04095	04095	04017	04004	
03796	04095	03838	04095	04095	04095	04095	04049	04045	
03797	04095	03862	04095	04095	04095	04095	04060	04068	
03811	04095	03888	04095	04095	04095	04095	04075	04084	
03834	04095	03916	04095	04095	04095	04095	04088	04095	
03830	04095	03927	04095	04095	04095	04095	04091	04095	
03828	04095	03937	04095	04095	04095	04095	04091	04095	
03848	04095	03958	04095	04095	04095	04095	04095	04095	
03849	04095	03968	04095	04095	04095	04095	04095	04095	
03838	04095	03970	04095	04095	04095	04095	04095	04095	
03855	04095	03987	04095	04095	04095	04095	04095	04095	
03870	04095	04004	04095	04095	04095	04095	04095	04095	
03861	04095	04008	04095	04095	04095	04095	04095	04095	
03869	04095	04019	04095	04095	04095	04095	04095	04095	
03890	04095	04036	04095	04095	04095	04095	04095	04095	
03883	04095	04038	04095	04095	04095	04095	04095	04095	
03877	04095	04039	04095	04095	04095	04095	04095	04095	
03895	04095	04050	04095	04095	04095	04095	04095	04095	
03895	04095	04055	04095	04095	04095	04095	04095	04095	
03883	04095	04051	04095	04095	04095	04095	04095	04095	
03893	04095	04059	04095	04095	04095	04095	04095	04095	
03903	04095	04069	04095	04095	04095	04095	04095	04095	
03891	04095	04069	04095	04095	04095	04095	04095	04095	
03894	04095	04076	04095	04095	04095	04095	04095	04095	
03913	04095	04087	04095	04095	04095	04095	04095	04095	
03909	04095	04089	04095	04095	04095	04095	04095	04095	
03902	04095	04089	04095	04095	04095	04095	04095	04095	
03915	04095	04094	04095	04095	04095	04095	04095	04095	
03916	04095	04095	04095	04095	04095	04095	04095	04095	
03898	04095	04095	04095	04095	04095	04095	04095	04095	
03901	04095	04095	04095	04095	04095	04095	04095	04095	
03909	04095	04095	04095	04095	04095	04095	04095	04095	
03895	04095	04095	04095	04095	04095	04095	04095	04095	
03891	04095	04095	04095	04095	04095	04095	04095	04095	
03907	04095	04095	04095	04095	04095	04095	04095	04095	
03901	04095	04095	04095	04095	04095	04095	04095	04095	
03892	04095	04095	04095	04095	04095	04095	04095	04095	
03907	04095	04095	04095	04095	04095	04095	04095	04095	
03912	04095	04095	04095	04095	04095	04095	04095	04095	
03899	04095	04095	04095	04095	04095	04095	04095	04095	
03907	04095	04095	04095	04095	04095	04095	04095	04095	
03918	04095	04095	04095	04095	04095	04095	04095	04095	
03905	04095	04095	04095	04095	04095	04095	04095	04095	
03904	04095	04095	04095	04095	04095	04095	04095	04095	
03921	04095	04095	04095	04095	04095	04095	04095	04095	
03917	04095	04095	04095	04095	04095	04095	04095	04095	
03908	04095	04095	04095	04095	04095	04095	04095	04095	
03922	04095	04095	04095	04095	04095	04095	04095	04095	
03925	04095	04095	04095	04095	04095	04095	04095	04095	
03910	04095	04095	04095	04095	04095	04095	04095	04095	
03915	04095	04095	04095	04095	04095	04095	04095	04095	
03925	04095	04095	04095	04095	04095	04095	04095	04095	
03913	04095	04095	04095	04095	04095	04095	04095	04095	
03906	04095	04095	04095	04095	04095	04095	04095	04095	
03920	04095	04095	04095	04095	04095	04095	04095	04095	
03912	04095	04095	04095	04095	04095	04095	04095	04095	
03897	04095	04095	04095	04095	04095	04095	04095	04095	
03907	04095	04095	04095	04095	04095	04095	04095	04095	
03910	04095	04095	04095	04095	04095	04095	04095	04095	
03891	04095	04095	04095	04095	04095	04095	04095	04095	
03889	04095	04095	04095	04095	04095	04095	04095	04095	
03898	04095	04095	04095	04095	04095	04095	04095	04095	
03881	04095	04095	04095	04095	04095	04095	04095	04095	
03868	04095	04095	04095	04095	04095	04095	04095	04095	
03877	04095	04095	04095	04095	04095	04095	04095	04095	
03872	04095	04095	04095	04095	04095	04095	04095	04095	
03854	04095	04095	04095	04095	04095	04095	04095	04095	
03862	04095	04095	04095	04095	04095	04095	04095	04095	
03867	04095	04095	04095	04095	04095	04095	04095	04095	
03849	04095	04095	04095	04095	04095	04095	04095	04095	
03849	04095	04095	04095	04095	04095	04095	04095	04095	
