01913	02525	01117	02030	01768	03609	03419	01377	01694	
01915	02527	01118	02032	01771	03610	03419	01378	01696	
01919	02532	01119	02036	01773	03611	03423	01381	01699	
01917	02530	01119	02033	01771	03611	03420	01380	01697	
01914	02528	01119	02033	01772	03610	03418	01381	01698	
01921	02533	01121	02039	01776	03614	03422	01382	01700	
01920	02534	01120	02037	01775	03614	03423	01382	01699	
01915	02529	01119	02034	01773	03612	03420	01380	01696	
01918	02532	01121	02038	01775	03613	03423	01383	01699	
01922	02535	01122	02040	01777	03617	03425	01384	01701	
01916	02530	01122	02035	01772	03615	03421	01382	01699	
01913	02526	01119	02032	01771	03610	03415	01380	01697	
01916	02528	01118	02033	01771	03609	03413	01379	01697	
01909	02522	01113	02026	01765	03603	03406	01374	01691	
01902	02514	01109	02020	01759	03596	03397	01370	01685	
01905	02516	01107	02022	01760	03595	03399	01370	01685	
01906	02517	01107	02021	01760	03596	03400	01369	01685	
01901	02511	01105	02018	01757	03595	03397	01368	01683	
01904	02513	01107	02022	01759	03598	03400	01370	01685	
01908	02518	01108	02025	01762	03601	03403	01371	01688	
01901	02512	01107	02021	01758	03597	03397	01369	01685	
01902	02512	01109	02022	01759	03596	03397	01369	01684	
01907	02518	01111	02026	01762	03600	03401	01370	01686	
01904	02515	01109	02022	01759	03596	03399	01369	01684	
01899	02510	01107	02017	01755	03591	03397	01367	01680	
01905	02515	01107	02021	01758	03592	03402	01368	01682	
01905	02516	01106	02020	01757	03592	03404	01367	01682	
01901	02510	01105	02017	01742	03587	03402	01367	01707	
01904	02514	01107	02020	01745	03589	03405	01369	01710	
01911	02520	01111	02026	01750	03594	03411	01371	01714	
01909	02519	01112	02025	01750	03594	03412	01372	01715	
01909	02519	01113	02027	01753	03596	03413	01375	01717	
01916	02526	01115	02032	01769	03601	03419	01377	01694	
01915	02526	01116	02031	01768	03601	03419	01378	01693	
01910	02522	01114	02028	01766	03599	03412	01376	01693	
01915	02526	01115	02030	01769	03601	03415	01378	01695	
01916	02528	01117	02032	01770	03602	03417	01379	01696	
01910	02521	01114	02027	01766	03599	03413	01377	01693	
01912	02523	01115	02029	01768	03601	03411	01376	01693	
01917	02528	01117	02033	01771	03604	03417	01378	01695	
01912	02523	01115	02030	01768	03602	03413	01376	01693	
01909	02520	01113	02028	01767	03600	03410	01374	01691	
01915	02527	01115	02032	01771	03603	03414	01376	01693	
01913	02524	01115	02031	01770	03601	03413	01376	01692	
01905	02517	01112	02024	01765	03595	03406	01372	01687	
01907	02519	01111	02024	01764	03594	03405	01371	01687	
01907	02520	01111	02023	01763	03593	03404	01370	01686	
01899	02512	01106	02016	01758	03588	03397	01366	01680	
01897	02509	01104	02014	01755	03585	03395	01364	01677	
01902	02514	01105	02017	01757	03588	03398	01365	01680	
01898	02509	01103	02014	01755	03586	03395	01365	01678	
01897	02508	01104	02014	01755	03587	03394	01364	01679	
01987	02621	01184	02160	01858	03690	03533	01460	01770	
02265	02939	01512	02572	02251	03792	03664	01840	02077	
02577	03254	01928	02987	02695	03892	03794	02304	02446	
02923	03573	02394	03404	03167	03995	03927	02811	02854	
03278	03890	02887	03819	03637	04095	04078	03341	03285	
03539	04095	03312	04092	03991	04095	04095	03784	03637	
03619	04095	03499	04095	04070	04095	04095	03950	03783	
03676	04095	03612	04095	04095	04095	04095	04032	03876	
03691	04095	03675	04095	04095	04095	04095	04071	03930	
03695	04095	03716	04095	04095	04095	04095	04087	03966	
03723	04095	03760	04095	04095	04095	04095	04095	04003	
03735	04095	03790	04095	04095	04095	04095	04095	04028	
03725	04095	03804	04095	04095	04095	04095	04095	04041	
03740	04095	03827	04095	04095	04095	04095	04095	04062	
03757	04095	03852	04095	04095	04095	04095	04095	04077	
03746	04095	03857	04095	04095	04095	04095	04095	04083	
03745	04095	03866	04095	04095	04095	04095	04095	04088	
03765	04095	03886	04095	04095	04095	04095	04095	04095	
03761	04095	03893	04095	04095	04095	04095	04095	04095	
03751	04095	03893	04095	04095	04095	04095	04095	04095	
03767	04095	03907	04095	04095	04095	04095	04095	04095	
03773	04095	03917	04095	04095	04095	04095	04095	04095	
03757	04095	03912	04095	04095	04095	04095	04095	04095	
03765	04095	03919	04095	04095	04095	04095	04095	04095	
03780	04095	03930	04095	04095	04095	04095	04095	04095	
03765	04095	03926	04095	04095	04095	04095	04095	04095	
03759	04095	03922	04095	04095	04095	04095	04095	04095	
03775	04095	03931	04095	04095	04095	04095	04095	04095	
03767	04095	03928	04095	04095	04095	04095	04095	04095	
03750	04095	03919	04095	04095	04095	04095	04095	04095	
03764	04095	03925	04095	04095	04095	04095	04095	04095	
03770	04095	03931	04095	04095	04095	04095	04095	04095	
03752	04095	03924	04095	04095	04095	04095	04095	04095	
03757	04095	03927	04095	04095	04095	04095	04095	04095	
03775	04095	03938	04095	04095	04095	04095	04095	04095	
03764	04095	03935	04095	04095	04095	04095	04095	04095	
03762	04095	03933	04095	04095	04095	04095	04095	04095	
03787	04095	03945	04095	04095	04095	04095	04095	04095	
03795	04095	03949	04095	04095	04095	04095	04095	04095	
03791	04095	03945	04095	04095	04095	04095	04095	04095	
03813	04095	03954	04095	04095	04095	04095	04095	04095	
03829	04095	03964	04095	04095	04095	04095	04095	04095	
03818	04095	03963	04095	04095	04095	04095	04095	04095	
03823	04095	03969	04095	04095	04095	04095	04095	04095	
03838	04095	03983	04095	04095	04095	04095	04095	04095	
03827	04095	03984	04095	04095	04095	04095	04095	04095	
03819	04095	03985	04095	04095	04095	04095	04095	04095	
03837	04095	03996	04095	04095	04095	04095	04095	04095	
03840	04095	03999	04095	04095	04095	04095	04095	04095	
03830	04095	03992	04095	04095	04095	04095	04095	04095	
03845	04095	03998	04095	04095	04095	04095	04095	04095	
03857	04095	04005	04095	04095	04095	04095	04095	04095	
03841	04095	03996	04095	04095	04095	04095	04095	04095	
03837	04095	03994	04095	04095	04095	04095	04095	04095	
03849	04095	04003	04095	04095	04095	04095	04095	04095	
03837	04095	04000	04095	04095	04095	04095	04095	04095	
03825	04095	03993	04095	04095	04095	04095	04095	04095	
03842	04095	04002	04095	04095	04095	04095	04095	04095	
03813	04095	03971	04095	04087	04095	04095	04095	04088	
03471	03806	03445	03708	03681	03976	04014	03563	03669	
03113	03501	02889	03310	03267	03853	03923	03003	03212	
02743	03188	02326	02895	02830	03729	03847	02436	02744	
02348	02867	01747	02474	02385	03601	03764	01869	02268	
01996	02549	01205	02058	01944	03476	03685	01304	01798	
01945	02518	01146	02025	01903	03467	03659	01268	01736	
01917	02499	01118	02000	01881	03458	03640	01254	01704	
01902	02487	01103	01992	01873	03446	03628	01242	01677	
01901	02488	01096	01992	01877	03425	03630	01231	01650	
01895	02483	01088	01987	01882	03393	03627	01214	01618	
01886	02476	01082	01981	01885	03367	03624	01201	01590	
01888	02478	01080	01983	01889	03360	03627	01195	01575	
01888	02480	01078	01982	01887	03362	03630	01196	01573	
01881	02473	01075	01977	01874	03377	03622	01201	01581	
01879	02470	01073	01974	01863	03401	03615	01209	01597	
01882	02473	01074	01977	01858	03423	03615	01218	01614	
01878	02470	01073	01974	01842	03429	03613	01223	01649	
01877	02468	01073	01974	01844	03425	03613	01221	01647	
01883	02474	01076	01979	01857	03412	03620	01215	01637	
01885	02476	01076	01981	01869	03391	03625	01206	01622	
01881	02474	01075	01978	01874	03371	03625	01197	01605	
01884	02477	01076	01979	01889	03366	03627	01192	01570	
01887	02480	01076	01981	01890	03368	03626	01193	01569	
01881	02475	01075	01977	01882	03381	03619	01197	01576	
01880	02474	01076	01977	01873	03403	03614	01205	01589	
01885	02477	01076	01980	01867	03423	03616	01214	01602	
01882	02475	01076	01979	01859	03429	03612	01219	01606	
01878	02470	01074	01976	01856	03428	03608	01220	01603	
01883	02474	01075	01979	01862	03419	03611	01216	01594	
01884	02474	01074	01979	01869	03400	03616	01209	01578	
01879	02471	01073	01976	01874	03376	03616	01200	01560	
01881	02472	01073	01977	01883	03362	03620	01194	01550	
01886	02476	01075	01979	01888	03359	03625	01192	01548	
01879	02471	01071	01973	01882	03363	03620	01190	01551	
01876	02467	01069	01970	01879	03378	03616	01190	01562	
01880	02469	01069	01972	01878	03398	03615	01192	01577	
01877	02467	01066	01968	01874	03409	03611	01192	01587	
01871	02461	01063	01964	01869	03409	03607	01190	01589	
01874	02464	01064	01967	01873	03404	03610	01190	01586	
01875	02466	01065	01968	01875	03389	03612	01189	01575	
01869	02463	01063	01964	01873	03367	03609	01186	01558	
01869	02463	01063	01966	01874	03351	03610	01185	01546	
01874	02467	01064	01970	01877	03347	03613	01186	01539	
01870	02464	01062	01967	01873	03351	03611	01186	01538	
01868	02462	01062	01965	01869	03366	03609	01188	01546	
01873	02465	01063	01969	01869	03388	03610	01190	01559	
01872	02463	01062	01967	01866	03402	03608	01192	01567	
01866	02458	01061	01963	01862	03404	03604	01190	01569	
01869	02461	01062	01967	01865	03398	03608	01189	01566	
01874	02466	01066	01971	01872	03386	03611	01188	01561	
02093	02733	01302	02317	02162	03521	03721	01469	01793	
02411	03060	01698	02744	02582	03659	03834	01922	02151	
02769	03389	02156	03171	03032	03800	03923	02443	02570	
03123	03714	02641	03595	03478	03945	04009	02989	03016	
03481	04037	03141	04017	03921	04095	04095	03550	03480	
03641	04095	03433	04095	04078	04095	04095	03848	03723	
03703	04095	03576	04095	04095	04095	04095	03977	03849	
03719	04095	03655	04095	04095	04095	04095	04039	03922	
03750	04095	03717	04095	04095	04095	04095	04075	03980	
03779	04095	03769	04095	04095	04095	04095	04095	04026	
03777	04095	03796	04095	04095	04095	04095	04095	04053	
03783	04095	03820	04095	04095	04095	04095	04095	04073	
03806	04095	03848	04095	04095	04095	04095	04095	04089	
03804	04095	03862	04095	04095	04095	04095	04095	04095	
03795	04095	03869	04095	04095	04095	04095	04095	04095	
03811	04095	03887	04095	04095	04095	04095	04095	04095	
03817	04095	03898	04095	04095	04095	04095	04095	04095	
03802	04095	03896	04095	04095	04095	04095	04095	04095	
03808	04095	03901	04095	04095	04095	04095	04095	04095	
03820	04095	03911	04095	04095	04095	04095	04095	04095	
03806	04095	03908	04095	04095	04095	04095	04095	04095	
03800	04095	03907	04095	04095	04095	04095	04095	04095	
03816	04095	03920	04095	04095	04095	04095	04095	04095	
03813	04095	03923	04095	04095	04095	04095	04095	04095	
03802	04095	03918	04095	04095	04095	04095	04095	04095	
03815	04095	03928	04095	04095	04095	04095	04095	04095	
03825	04095	03935	04095	04095	04095	04095	04095	04095	
03811	04095	03929	04095	04095	04095	04095	04095	04095	
03814	04095	03933	04095	04095	04095	04095	04095	04095	
03829	04095	03944	04095	04095	04095	04095	04095	04095	
03818	04095	03941	04095	04095	04095	04095	04095	04095	
03810	04095	03940	04095	04095	04095	04095	04095	04095	
03825	04095	03951	04095	04095	04095	04095	04095	04095	
03827	04095	03955	04095	04095	04095	04095	04095	04095	
03817	04095	03952	04095	04095	04095	04095	04095	04095	
03832	04095	03963	04095	04095	04095	04095	04095	04095	
03845	04095	03974	04095	04095	04095	04095	04095	04095	
03835	04095	03972	04095	04095	04095	04095	04095	04095	
03838	04095	03975	04095	04095	04095	04095	04095	04095	
03857	04095	03987	04095	04095	04095	04095	04095	04095	
03851	04095	03985	04095	04095	04095	04095	04095	04095	
03849	04095	03982	04095	04095	04095	04095	04095	04095	
03875	04095	03994	04095	04095	04095	04095	04095	04095	
03889	04095	03999	04095	04095	04095	04095	04095	04095	
03888	04095	03994	04095	04095	04095	04095	04095	04095	
03909	04095	04000	04095	04095	04095	04095	04095	04095	
03927	04095	04009	04095	04095	04095	04095	04095	04095	
03914	04095	04004	04095	04095	04095	04095	04095	04095	
03911	04095	04003	04095	04095	04095	04095	04095	04095	
03921	04095	04014	04095	04095	04095	04095	04095	04095	
03906	04095	04009	04095	04095	04095	04095	04095	04095	
03891	04095	04000	04095	04095	04095	04095	04095	04095	
03903	04095	04004	04095	04095	04095	04095	04095	04095	
03907	04095	04002	04095	04095	04095	04095	04095	04095	
03894	04095	03988	04095	04095	04095	04095	04095	04095	
03905	04095	03990	04095	04095	04095	04095	04095	04095	
03918	04095	03996	04095	04095	04095	04095	04095	04095	
03904	04095	03989	04095	04095	04095	04095	04095	04095	
03895	04095	03987	04095	04095	04095	04095	04095	04095	
03906	04095	03997	04095	04095	04095	04095	04095	04095	
03898	04095	03995	04095	04095	04095	04095	04095	04095	
03885	04095	03988	04095	04095	04095	04095	04095	04095	
03902	04095	03994	04095	04095	04095	04095	04095	04095	
03912	04095	03998	04095	04095	04095	04095	04095	04095	
03902	04095	03990	04095	04095	04095	04095	04095	04095	
03908	04095	03992	04095	04095	04095	04095	04095	04095	
03923	04095	04002	04095	04095	04095	04095	04095	04095	
03912	04095	04000	04095	04095	04095	04095	04095	04095	
03906	04095	04000	04095	04095	04095	04095	04095	04095	
03922	04095	04013	04095	04095	04095	04095	04095	04095	
03921	04095	04018	04095	04095	04095	04095	04095	04095	
03910	04095	04014	04095	04095	04095	04095	04095	04095	
03925	04095	04021	04095	04095	04095	04095	04095	04095	
03935	04095	04027	04095	04095	04095	04095	04095	04095	
03924	04095	04019	04095	04095	04095	04095	04095	04095	
03928	04095	04019	04095	04095	04095	04095	04095	04095	
03699	03914	03631	03818	03813	04038	04093	03703	03811	
03355	03645	03091	03452	03419	03895	04079	03179	03393	
02970	03341	02512	03044	02993	03710	04027	02619	02921	
02584	03027	01925	02627	02556	03499	03969	02046	02427	
02184	02709	01324	02204	02114	03269	03885	01467	01923	
02014	02567	01112	02055	01963	03079	03802	01278	01697	
01949	02516	01048	01999	01916	02972	03757	01220	01606	
01922	02496	01022	01982	01897	02904	03746	01196	01565	
01902	02482	01008	01971	01885	02863	03740	01186	01544	
01894	02476	00999	01967	01882	02855	03738	01182	01533	
01893	02477	00995	01967	01882	02874	03735	01178	01526	
01883	02469	00989	01960	01874	02902	03725	01175	01517	
01879	02464	00987	01957	01871	02935	03721	01174	01512	
01883	02468	00987	01960	01874	02960	03722	01173	01509	
01880	02465	00984	01957	01872	02961	03721	01171	01504	
01872	02458	00981	01953	01867	02938	03718	01169	01500	
01875	02460	00980	01955	01870	02904	03723	01167	01498	
01875	02463	00979	01956	01870	02870	03727	01164	01496	
01869	02457	00976	01950	01866	02840	03722	01162	01492	
01868	02457	00976	01951	01866	02829	03721	01162	01491	
01873	02462	00977	01954	01870	02836	03721	01163	01491	
01871	02460	00975	01952	01867	02849	03716	01162	01489	
01870	02457	00975	01950	01865	02860	03706	01163	01488	
01875	02462	00976	01954	01870	02869	03707	01165	01490	
01878	02465	00978	01955	01871	02867	03709	01166	01491	
01873	02462	00978	01952	01868	02855	03709	01165	01491	
01875	02465	00979	01955	01872	02842	03717	01167	01493	
01878	02469	00980	01957	01873	02832	03727	01167	01493	
01872	02465	00979	01954	01870	02827	03728	01166	01491	
01870	02462	00979	01953	01869	02832	03727	01165	01489	
01875	02466	00980	01956	01874	02844	03728	01166	01490	
01873	02464	00980	01955	01872	02856	03723	01166	01489	
01871	02460	00980	01954	01871	02862	03716	01165	01488	
01876	02466	00982	01958	01874	02861	03718	01167	01490	
01877	02467	00982	01958	01875	02853	03720	01168	01491	
01874	02465	00982	01957	01873	02841	03722	01169	01491	
01877	02469	00983	01959	01876	02833	03730	01171	01494	
01881	02474	00985	01963	01879	02832	03739	01173	01497	
01877	02471	00984	01960	01877	02838	03738	01174	01496	
01878	02472	00984	01961	01879	02848	03736	01174	01497	
01881	02473	00983	01962	01868	02876	03735	01172	01496	
01877	02468	00981	01958	01863	02878	03729	01170	01492	
01871	02462	00977	01952	01857	02873	03721	01167	01489	
01879	02472	00983	01963	01866	02877	03733	01173	01494	
01882	02477	00986	01966	01868	02873	03740	01175	01497	
01877	02471	00985	01961	01875	02844	03737	01174	01494	
02057	02691	01149	02248	02099	03094	03803	01377	01681	
02377	03021	01525	02679	02506	03349	03872	01806	02039	
02712	03337	01964	03096	02926	03591	03924	02293	02449	
03069	03657	02449	03519	03367	03838	04004	02817	02896	
03456	03987	02971	03951	03806	04095	04095	03375	03378	
03658	04095	03336	04095	04031	04095	04095	03737	03682	
03719	04095	03496	04095	04074	04095	04095	03877	03824	
03770	04095	03601	04095	04093	04095	04095	03964	03919	
03805	04095	03673	04095	04095	04095	04095	04022	03988	
03807	04095	03712	04095	04095	04095	04095	04051	04029	
03818	04095	03748	04095	04095	04095	04095	04073	04059	
03844	04095	03787	04095	04095	04095	04095	04090	04083	
03846	04095	03809	04095	04095	04095	04095	04095	04092	
03845	04095	03826	04095	04095	04095	04095	04095	04093	
03869	04095	03855	04095	04095	04095	04095	04095	04095	
03878	04095	03872	04095	04095	04095	04095	04095	04095	
03869	04095	03877	04095	04095	04095	04095	04095	04095	
03881	04095	03891	04095	04095	04095	04095	04095	04095	
03893	04095	03907	04095	04095	04095	04095	04095	04095	
03880	04095	03907	04095	04095	04095	04095	04095	04095	
03882	04095	03913	04095	04095	04095	04095	04095	04095	
03901	04095	03927	04095	04095	04095	04095	04095	04095	
03894	04095	03930	04095	04095	04095	04095	04095	04095	
03885	04095	03929	04095	04095	04095	04095	04095	04095	
03901	04095	03939	04095	04095	04095	04095	04095	04095	
03904	04095	03946	04095	04095	04095	04095	04095	04095	
03888	04095	03941	04095	04095	04095	04095	04095	04095	
03896	04095	03948	04095	04095	04095	04095	04095	04095	
03905	04095	03954	04095	04095	04095	04095	04095	04095	
03890	04095	03947	04095	04095	04095	04095	04095	04095	
03887	04095	03942	04095	04095	04095	04095	04095	04095	
03903	04095	03949	04095	04095	04095	04095	04095	04095	
03902	04095	03944	04095	04095	04095	04095	04095	04095	
03901	04095	03936	04095	04095	04095	04095	04095	04095	
03925	04095	03941	04095	04095	04095	04095	04095	04095	
03944	04095	03944	04095	04095	04095	04095	04095	04095	
03945	04095	03933	04095	04095	04095	04095	04095	04095	
03961	04095	03935	04095	04095	04095	04095	04095	04095	
03979	04095	03945	04095	04095	04095	04095	04095	04095	
03969	04095	03942	04095	04095	04095	04095	04095	04095	
03961	04095	03943	04095	04095	04095	04095	04095	04095	
03972	04095	03956	04095	04095	04095	04095	04095	04095	
03965	04095	03957	04095	04095	04095	04095	04095	04095	
03952	04095	03951	04095	04095	04095	04095	04095	04095	
03968	04095	03958	04095	04095	04095	04095	04095	04095	
03981	04095	03965	04095	04095	04095	04095	04095	04095	
03976	04095	03959	04095	04095	04095	04095	04095	04095	
03688	03887	03490	03776	03752	03963	04095	03627	03724	
03346	03634	02956	03414	03364	03774	04086	03102	03280	
02967	03364	02394	03042	02973	03572	04068	02561	02818	
02553	03058	01801	02622	02534	03321	04028	01988	02317	
02142	02750	01210	02201	02094	03067	03989	01410	01808	
02014	02648	01084	02095	01992	02942	03948	01298	01657	
01934	02587	01021	02028	01932	02872	03891	01240	01567	
01874	02545	00977	01974	01891	02814	03848	01197	01490	
01843	02539	00965	01967	01882	02802	03846	01186	01448	
01816	02531	00955	01958	01873	02792	03840	01178	01414	
01803	02531	00951	01956	01870	02787	03839	01174	01395	
01801	02537	00949	01957	01872	02786	03842	01173	01396	
01801	02535	00945	01953	01866	02783	03837	01171	01405	
01809	02532	00942	01951	01863	02782	03831	01170	01418	
01822	02532	00941	01952	01863	02782	03830	01168	01430	
01827	02522	00939	01948	01859	02778	03825	01165	01431	
01825	02507	00936	01941	01852	02773	03816	01161	01419	
01826	02498	00934	01939	01853	02772	03816	01159	01402	
01822	02492	00932	01936	01853	02770	03817	01159	01383	
01811	02484	00929	01931	01849	02768	03816	01158	01366	
01805	02487	00929	01931	01849	02767	03816	01158	01359	
01801	02499	00929	01934	01852	02768	03820	01158	01363	
01794	02509	00928	01933	01850	02766	03817	01157	01373	
01789	02519	00928	01935	01848	02765	03815	01156	01387	
01793	02535	00930	01939	01852	02767	03818	01157	01404	
01792	02540	00930	01938	01851	02766	03819	01157	01414	
01787	02535	00929	01935	01847	02765	03815	01155	01412	
01788	02530	00928	01936	01847	02765	03817	01155	01401	
01790	02522	00927	01934	01848	02764	03819	01155	01385	
01786	02505	00925	01928	01843	02761	03814	01153	01368	
01789	02496	00926	01929	01845	02762	03812	01153	01356	
01799	02497	00928	01934	01851	02766	03819	01157	01355	
01802	02497	00930	01934	01851	02767	03820	01158	01359	
01805	02500	00931	01937	01852	02768	03818	01159	01366	
01814	02511	00933	01943	01857	02771	03823	01160	01376	
01816	02516	00933	01944	01857	02772	03827	01161	01383	
01812	02510	00932	01940	01853	02770	03821	01160	01382	
01816	02508	00933	01942	01856	02771	03824	01161	01379	
01818	02504	00932	01942	01858	02771	03826	01162	01372	
01812	02494	00931	01937	01855	02770	03824	01160	01363	
01809	02493	00932	01937	01856	02770	03824	01160	01356	
01808	02500	00933	01940	01859	02771	03827	01160	01356	
01801	02506	00932	01938	01857	02770	03824	01159	01356	
01795	02511	00932	01938	01855	02769	03823	01158	01359	
01795	02523	00933	01943	01859	02771	03827	01161	01364	
01795	02526	00932	01943	01858	02770	03827	01161	01366	
01795	02520	00932	01942	01855	02772	03826	01160	01365	
01798	02514	00931	01941	01844	02790	03827	01160	01362	
01804	02507	00931	01940	01844	02789	03827	01160	01358	
02013	02741	01127	02260	02098	03054	03871	01398	01571	
02347	03056	01508	02691	02504	03319	03916	01830	01945	
02730	03375	01971	03121	02954	03581	03982	02331	02391	
03120	03695	02468	03554	03405	03829	04049	02861	02875	
03512	04017	02982	03986	03856	04095	04095	03404	03378	
03719	04095	03321	04095	04049	04095	04095	03727	03682	
03802	04095	03484	04095	04095	04095	04095	03864	03840	
03831	04095	03573	04095	04095	04095	04095	03932	03932	
03862	04095	03638	04095	04095	04095	04095	03981	03998	
03895	04095	03694	04095	04095	04095	04095	04024	04044	
03899	04095	03723	04095	04095	04095	04095	04044	04070	
03904	04095	03747	04095	04095	04095	04095	04061	04085	
03926	04095	03778	04095	04095	04095	04095	04079	04094	
03931	04095	03797	04095	04095	04095	04095	04087	04095	
03924	04095	03804	04095	04095	04095	04095	04088	04095	
03941	04095	03826	04095	04095	04095	04095	04092	04095	
03957	04095	03846	04095	04095	04095	04095	04095	04095	
03951	04095	03852	04095	04095	04095	04095	04095	04095	
03959	04095	03864	04095	04095	04095	04095	04095	04095	
03978	04095	03885	04095	04095	04095	04095	04095	04095	
03972	04095	03890	04095	04095	04095	04095	04095	04095	
03965	04095	03891	04095	04095	04095	04095	04095	04095	
03981	04095	03906	04095	04095	04095	04095	04095	04095	
03984	04095	03912	04095	04095	04095	04095	04095	04095	
03974	04095	03908	04095	04095	04095	04095	04095	04095	
03985	04095	03917	04095	04095	04095	04095	04095	04095	
03996	04095	03927	04095	04095	04095	04095	04095	04095	
03984	04095	03923	04095	04095	04095	04095	04095	04095	
03983	04095	03925	04095	04095	04095	04095	04095	04095	
03997	04095	03937	04095	04095	04095	04095	04095	04095	
03989	04095	03936	04095	04095	04095	04095	04095	04095	
03980	04095	03932	04095	04095	04095	04095	04095	04095	
03992	04095	03939	04095	04095	04095	04095	04095	04095	
03994	04095	03938	04095	04095	04095	04095	04095	04095	
03984	04095	03925	04095	04095	04095	04095	04095	04095	
03999	04095	03923	04095	04095	04095	04095	04095	04095	
04021	04095	03923	04095	04095	04095	04095	04095	04095	
04025	04095	03910	04095	04095	04095	04095	04095	04095	
04039	04095	03904	04095	04095	04095	04095	04095	04095	
04063	04095	03912	04095	04095	04095	04095	04095	04095	
04066	04095	03910	04095	04095	04095	04095	04095	04095	
04056	04095	03906	04095	04095	04095	04095	04095	04095	
04065	04095	03917	04095	04095	04095	04095	04095	04095	
04063	04095	03924	04095	04095	04095	04095	04095	04095	
04049	04095	03919	04095	04095	04095	04095	04095	04095	
04054	04095	03921	04095	04095	04095	04095	04095	04095	
04067	04095	03929	04095	04095	04095	04095	04095	04095	
04062	04095	03920	04095	04095	04095	04095	04095	04095	
04065	04095	03915	04095	04095	04095	04095	04095	04095	
04079	04095	03925	04095	04095	04095	04095	04095	04095	
04076	04095	03927	04095	04095	04095	04095	04095	04095	
04064	04095	03924	04095	04095	04095	04095	04095	04095	
04071	04095	03938	04095	04095	04095	04095	04095	04095	
04071	04095	03948	04095	04095	04095	04095	04095	04095	
04059	04095	03941	04095	04095	04095	04095	04095	04095	
04064	04095	03944	04095	04095	04095	04095	04095	04095	
04076	04095	03952	04095	04095	04095	04095	04095	04095	
04071	04095	03945	04095	04095	04095	04095	04095	04095	
04073	04095	03939	04095	04095	04095	04095	04095	04095	
04085	04095	03948	04095	04095	04095	04095	04095	04095	
04082	04095	03948	04095	04095	04095	04095	04095	04095	
04072	04095	03943	04095	04095	04095	04095	04095	04095	
04077	04095	03951	04095	04095	04095	04095	04095	04095	
04079	04095	03959	04095	04095	04095	04095	04095	04095	
04069	04095	03953	04095	04095	04095	04095	04095	04095	
04070	04095	03952	04095	04095	04095	04095	04095	04095	
04080	04095	03953	04095	04095	04095	04095	04095	04095	
03632	03805	03397	03670	03684	03868	04053	03551	03590	
03169	03502	02815	03236	03269	03625	04002	02987	03050	
02711	03195	02230	02796	02836	03372	03966	02410	02490	
02247	02890	01641	02354	02401	03116	03931	01832	01926	
01792	02604	01061	01932	01983	02884	03914	01267	01372	
01778	02601	01019	01921	01968	02860	03903	01235	01310	
01770	02597	00995	01910	01958	02840	03893	01215	01275	
01753	02588	00982	01900	01948	02827	03885	01205	01257	
01723	02574	00972	01892	01940	02818	03878	01197	01244	
01669	02537	00953	01866	01914	02785	03852	01175	01218	
01621	02504	00940	01847	01890	02767	03838	01164	01203	
01595	02485	00934	01842	01879	02762	03833	01160	01196	
01591	02480	00932	01842	01876	02761	03835	01159	01193	
01606	02479	00929	01840	01870	02758	03835	01156	01189	
01632	02480	00928	01837	01865	02756	03829	01155	01187	
01665	02491	00929	01842	01871	02759	03834	01157	01189	
01688	02501	00933	01848	01877	02766	03841	01161	01194	
01687	02497	00934	01846	01874	02766	03838	01161	01194	
01674	02492	00935	01848	01875	02767	03838	01162	01195	
01653	02489	00936	01851	01879	02768	03843	01164	01196	
01623	02477	00935	01848	01874	02766	03841	01163	01194	
01600	02469	00931	01843	01870	02760	03835	01159	01189	
01598	02476	00931	01845	01876	02760	03838	01159	01189	
01608	02483	00931	01844	01880	02760	03839	01157	01187	
01628	02490	00931	01842	01880	02759	03837	01157	01186	
01656	02501	00933	01845	01887	02761	03840	01158	01186	
01674	02505	00933	01846	01888	02762	03842	01158	01186	
01675	02497	00931	01842	01882	02761	03836	01156	01184	
01666	02489	00931	01842	01877	02760	03835	01157	01184	
01652	02485	00935	01846	01876	02764	03838	01161	01188	
01629	02473	00933	01844	01869	02764	03836	01161	01189	
01608	02462	00930	01840	01850	02779	03832	01160	01187	
01600	02462	00931	01842	01850	02779	03834	01161	01187	
01603	02465	00930	01839	01851	02778	03830	01160	01185	
01616	02468	00926	01834	01851	02772	03822	01156	01181	
01641	02487	00928	01839	01865	02778	03825	01160	01184	
01661	02503	00929	01841	01888	02760	03825	01159	01184	
01674	02515	00932	01844	01897	02765	03826	01162	01188	
01705	02552	00958	01882	01933	02811	03864	01192	01218	
01715	02572	00976	01905	01955	02841	03890	01214	01239	
01689	02554	00973	01896	01940	02833	03883	01208	01234	
01925	02818	01214	02266	02232	03102	03952	01493	01495	
02295	03132	01613	02714	02648	03365	03995	01940	01905	
02681	03418	02052	03129	03059	03588	04005	02413	02353	
03096	03718	02528	03558	03483	03826	04025	02919	02844	
03558	04045	03050	04012	03934	04095	04095	03469	03383	
03777	04095	03352	04095	04071	04095	04095	03748	03682	
03854	04095	03491	04095	04094	04095	04095	03862	03833	
03905	04095	03580	04095	04095	04095	04095	03932	03932	
03955	04095	03653	04095	04095	04095	04095	03990	04003	
03979	04095	03698	04095	04095	04095	04095	04022	04046	
03989	04095	03726	04095	04095	04095	04095	04041	04070	
04017	04095	03762	04095	04095	04095	04095	04066	04089	
04031	04095	03787	04095	04095	04095	04095	04080	04095	
04024	04095	03796	04095	04095	04095	04095	04082	04095	
04034	04095	03814	04095	04095	04095	04095	04088	04095	
04048	04095	03835	04095	04095	04095	04095	04093	04095	
04042	04095	03839	04095	04095	04095	04095	04093	04095	
04042	04095	03845	04095	04095	04095	04095	04093	04095	
04059	04095	03862	04095	04095	04095	04095	04095	04095	
04059	04095	03866	04095	04095	04095	04095	04095	04095	
04051	04095	03864	04095	04095	04095	04095	04095	04095	
04063	04095	03876	04095	04095	04095	04095	04095	04095	
04067	04095	03886	04095	04095	04095	04095	04095	04095	
04055	04095	03883	04095	04095	04095	04095	04095	04095	
04056	04095	03886	04095	04095	04095	04095	04095	04095	
04066	04095	03895	04095	04095	04095	04095	04095	04095	
04054	04095	03888	04095	04095	04095	04095	04095	04095	
04047	04095	03882	04095	04095	04095	04095	04095	04095	
04058	04095	03887	04095	04095	04095	04095	04095	04095	
04057	04095	03887	04095	04095	04095	04095	04095	04095	
04049	04095	03880	04095	04095	04095	04095	04095	04095	
04062	04095	03888	04095	04095	04095	04095	04095	04095	
04074	04095	03893	04095	04095	04095	04095	04095	04095	
04069	04095	03886	04095	04095	04095	04095	04095	04095	
04077	04095	03885	04095	04095	04095	04095	04095	04095	
04089	04095	03891	04095	04095	04095	04095	04095	04095	
04089	04095	03883	04095	04095	04095	04095	04095	04095	
04089	04095	03876	04095	04095	04095	04095	04095	04095	
04095	04095	03884	04095	04095	04095	04095	04095	04095	
04095	04095	03884	04095	04095	04095	04095	04095	04095	
04094	04095	03879	04095	04095	04095	04095	04095	04095	
04094	04095	03891	04095	04095	04095	04095	04095	04095	
04094	04095	03904	04095	04095	04095	04095	04095	04095	
04094	04095	03902	04095	04095	04095	04095	04095	04095	
04094	04095	03907	04095	04095	04095	04095	04095	04095	
04095	04095	03918	04095	04095	04095	04095	04095	04095	
04095	04095	03911	04095	04095	04095	04095	04095	04095	
04095	04095	03906	04095	04095	04095	04095	04095	04095	
04095	04095	03914	04095	04095	04095	04095	04095	04095	
04095	04095	03917	04095	04095	04095	04095	04095	04095	
04095	04095	03909	04095	04095	04095	04095	04095	04095	
04095	04095	03918	04095	04095	04095	04095	04095	04095	
04095	04095	03925	04095	04095	04095	04095	04095	04095	
04095	04095	03918	04095	04095	04095	04095	04095	04095	
04095	04095	03919	04095	04095	04095	04095	04095	04095	
04095	04095	03928	04095	04095	04095	04095	04095	04095	
04095	04095	03923	04095	04095	04095	04095	04095	04095	
04095	04095	03913	04095	04095	04095	04095	04095	04095	
04095	04095	03918	04095	04095	04095	04095	04095	04095	
04065	04095	03880	04095	04095	04095	04095	04072	04095	
03590	03840	03358	03718	03731	03912	04089	03561	03623	
03083	03572	02818	03329	03336	03715	04089	03028	03115	
02524	03258	02244	02878	02897	03459	04055	02454	02557	
01956	02937	01656	02420	02452	03198	04015	01874	01990	
01415	02616	01101	01962	02008	02936	03954	01315	01419	
01318	02549	01024	01880	01939	02856	03897	01242	01315	
01252	02493	00974	01807	01886	02788	03854	01192	01248	
01237	02482	00961	01801	01881	02779	03847	01182	01228	
01232	02483	00955	01807	01884	02776	03847	01177	01218	
01231	02486	00951	01815	01888	02772	03844	01174	01210	
01233	02489	00947	01824	01894	02770	03841	01173	01207	
01236	02497	00947	01837	01906	02773	03843	01174	01206	
01241	02507	00950	01846	01915	02780	03848	01178	01209	
01245	02512	00956	01848	01921	02792	03855	01185	01216	
01248	02514	00960	01845	01922	02800	03862	01190	01221	
01247	02514	00964	01839	01920	02806	03870	01193	01224	
01246	02508	00965	01830	01913	02808	03875	01195	01226	
01244	02503	00965	01823	01905	02806	03874	01195	01225	
01243	02500	00962	01821	01900	02800	03874	01192	01221	
01243	02497	00959	01824	01896	02798	03870	01190	01218	
01248	02492	00958	01828	01892	02795	03867	01188	01216	
01253	02494	00960	01837	01894	02797	03868	01189	01216	
01255	02493	00958	01840	01895	02796	03870	01188	01215	
01250	02487	00954	01832	01888	02790	03864	01183	01210	
01245	02484	00953	01824	01887	02787	03862	01182	01208	
01239	02488	00954	01820	01891	02789	03866	01184	01209	
01232	02485	00952	01810	01888	02787	03864	01182	01208	
01230	02484	00952	01806	01888	02787	03862	01182	01207	
01231	02488	00954	01811	01894	02790	03863	01185	01210	
01234	02490	00955	01816	01896	02792	03865	01186	01212	
01234	02486	00952	01817	01880	02807	03860	01184	01209	
01236	02488	00953	01823	01881	02806	03856	01184	01208	
01237	02487	00950	01822	01878	02804	03854	01182	01205	
01232	02480	00945	01814	01868	02798	03850	01179	01200	
01229	02476	00944	01808	01864	02794	03846	01175	01196	
01227	02477	00944	01803	01877	02776	03847	01175	01197	
01224	02473	00941	01795	01874	02774	03846	01174	01197	
01225	02476	00944	01796	01876	02780	03849	01177	01199	
01230	02484	00949	01804	01885	02786	03855	01181	01204	
01231	02488	00950	01807	01890	02789	03858	01184	01207	
01228	02484	00948	01806	01889	02784	03852	01180	01203	
01226	02484	00946	01807	01892	02780	03848	01177	01200	
01221	02479	00942	01803	01891	02770	03841	01172	01195	
01215	02470	00937	01794	01882	02761	03830	01167	01188	
01210	02463	00933	01786	01874	02753	03824	01162	01183	
01209	02462	00931	01782	01869	02751	03824	01162	01181	
01211	02463	00934	01782	01866	02756	03827	01165	01184	
01216	02466	00938	01785	01867	02762	03831	01169	01190	
01335	02611	01050	01976	02007	02961	03879	01296	01308	
01755	02939	01432	02441	02423	03230	03947	01723	01698	
02237	03266	01885	02905	02861	03500	04013	02211	02160	
02756	03588	02373	03364	03306	03762	04055	02732	02659	
03292	03911	02885	03822	03751	04024	04095	03273	03186	
03718	04095	03300	04095	04061	04095	04095	03696	03613	
03856	04095	03460	04095	04095	04095	04095	03830	03783	
03945	04095	03566	04095	04095	04095	04095	03915	03895	
03988	04095	03626	04095	04095	04095	04095	03960	03966	
04012	04095	03665	04095	04095	04095	04095	03986	04014	
04045	04095	03706	04095	04095	04095	04095	04019	04051	
04065	04095	03736	04095	04095	04095	04095	04042	04075	
04065	04095	03748	04095	04095	04095	04095	04047	04085	
04076	04095	03769	04095	04095	04095	04095	04063	04092	
04088	04095	03791	04095	04095	04095	04095	04078	04095	
04085	04095	03798	04095	04095	04095	04095	04078	04095	
04083	04095	03801	04095	04095	04095	04095	04078	04095	
04090	04095	03815	04095	04095	04095	04095	04086	04095	
04089	04095	03817	04095	04095	04095	04095	04085	04095	
04086	04095	03812	04095	04095	04095	04095	04082	04095	
04089	04095	03819	04095	04095	04095	04095	04086	04095	
04091	04095	03824	04095	04095	04095	04095	04089	04095	
04084	04095	03816	04095	04095	04095	04095	04084	04095	
04085	04095	03819	04095	04095	04095	04095	04086	04095	
04088	04095	03828	04095	04095	04095	04095	04089	04095	
04083	04095	03822	04095	04095	04095	04095	04086	04095	
04082	04095	03822	04095	04095	04095	04095	04085	04095	
04089	04095	03834	04095	04095	04095	04095	04090	04095	
04089	04095	03835	04095	04095	04095	04095	04090	04095	
04084	04095	03830	04095	04095	04095	04095	04086	04095	
04089	04095	03840	04095	04095	04095	04095	04089	04095	
04090	04095	03846	04095	04095	04095	04095	04091	04095	
04088	04095	03841	04095	04095	04095	04095	04091	04095	
04088	04095	03849	04095	04095	04095	04095	04091	04095	
04093	04095	03863	04095	04095	04095	04095	04095	04095	
04093	04095	03861	04095	04095	04095	04095	04095	04095	
04093	04095	03863	04095	04095	04095	04095	04095	04095	
04095	04095	03875	04095	04095	04095	04095	04095	04095	
04095	04095	03874	04095	04095	04095	04095	04095	04095	
04093	04095	03866	04095	04095	04095	04095	04093	04095	
04093	04095	03874	04095	04095	04095	04095	04093	04095	
04093	04095	03878	04095	04095	04095	04095	04093	04095	
04091	04095	03871	04095	04095	04095	04095	04093	04095	
04091	04095	03874	04095	04095	04095	04095	04093	04095	
04093	04095	03884	04095	04095	04095	04095	04095	04095	
04093	04095	03879	04095	04095	04095	04095	04095	04095	
04093	04095	03876	04095	04095	04095	04095	04095	04095	
04095	04095	03886	04095	04095	04095	04095	04095	04095	
04095	04095	03885	04095	04095	04095	04095	04095	04095	
04089	04095	03874	04095	04095	04095	04095	04090	04095	
04089	04095	03877	04095	04095	04095	04095	04090	04095	
04089	04095	03878	04095	04095	04095	04095	04090	04095	
04084	04095	03866	04095	04095	04095	04095	04088	04095	
04084	04095	03864	04095	04095	04095	04095	04088	04095	
04090	04095	03872	04095	04095	04095	04095	04093	04095	
04089	04095	03865	04095	04095	04095	04095	04092	04095	
04089	04095	03862	04095	04095	04095	04095	04092	04095	
04093	04095	03872	04095	04095	04095	04095	04093	04095	
04092	04095	03870	04095	04095	04095	04095	04093	04095	
03630	03856	03393	03719	03736	03930	04095	03607	03659	
03103	03576	02864	03301	03331	03715	04089	03066	03144	
02539	03262	02292	02845	02893	03458	04031	02491	02585	
01969	02942	01707	02386	02460	03197	03969	01911	02017	
01399	02622	01131	01929	02016	02934	03930	01330	01446	
01288	02540	01025	01845	01929	02837	03892	01234	01308	
01242	02497	00977	01804	01887	02788	03854	01194	01248	
01236	02491	00969	01804	01885	02787	03857	01189	01235	
01233	02484	00964	01805	01886	02786	03859	01188	01227	
01228	02470	00959	01801	01882	02782	03857	01184	01220	
01226	02462	00956	01799	01880	02778	03852	01181	01214	
01225	02462	00954	01799	01881	02777	03852	01179	01210	
01219	02457	00948	01792	01874	02768	03842	01173	01202	
01213	02457	00942	01786	01866	02760	03832	01168	01196	
01214	02466	00942	01787	01868	02759	03828	01167	01195	
01212	02471	00940	01787	01868	02758	03827	01167	01193	
01210	02469	00939	01782	01863	02755	03822	01165	01191	
01210	02467	00938	01783	01864	02755	03821	01165	01191	
01211	02465	00939	01786	01868	02758	03824	01166	01191	
01210	02457	00938	01784	01865	02756	03825	01165	01189	
01210	02451	00938	01782	01863	02756	03827	01164	01188	
01212	02455	00939	01786	01868	02759	03834	01166	01189	
01214	02458	00939	01787	01869	02760	03839	01167	01190	
01213	02460	00937	01783	01854	02776	03839	01166	01188	
01214	02467	00938	01786	01856	02779	03844	01167	01188	
01215	02472	00937	01787	01858	02780	03843	01168	01189	
01211	02465	00935	01783	01853	02777	03840	01166	01187	
01209	02460	00934	01781	01852	02775	03838	01166	01185	
01210	02459	00935	01783	01866	02760	03838	01167	01186	
01208	02456	00934	01780	01864	02758	03835	01167	01186	
01207	02453	00932	01777	01861	02756	03831	01166	01184	
01208	02459	00933	01780	01864	02759	03832	01166	01185	
01209	02465	00933	01780	01864	02759	03832	01166	01185	
01208	02465	00932	01778	01862	02758	03829	01165	01185	
01210	02467	00933	01781	01866	02760	03829	01164	01185	
01211	02466	00935	01784	01869	02762	03831	01165	01187	
01210	02458	00934	01782	01865	02760	03829	01164	01187	
01210	02454	00935	01782	01865	02760	03828	01164	01187	
01212	02456	00936	01785	01869	02762	03831	01164	01187	
01210	02454	00935	01782	01865	02759	03830	01163	01185	
01210	02455	00935	01780	01863	02757	03828	01162	01184	
01212	02463	00937	01783	01867	02759	03832	01164	01185	
01211	02464	00937	01783	01867	02759	03833	01164	01185	
01210	02459	00936	01780	01865	02756	03829	01163	01183	
01215	02463	00940	01787	01873	02764	03837	01169	01189	
01223	02474	00947	01798	01882	02776	03848	01178	01197	
01236	02493	00962	01818	01903	02803	03873	01197	01216	
01528	02791	01221	02216	02227	03070	03939	01502	01491	
01975	03122	01631	02681	02664	03340	04007	01952	01901	
02461	03445	02087	03137	03106	03600	04044	02441	02362	
02965	03762	02568	03590	03545	03856	04079	02949	02852	
03487	04066	03069	04029	03970	04095	04095	03470	03357	
03737	04095	03342	04095	04095	04095	04095	03713	03621	
03831	04095	03469	04095	04095	04095	04095	03813	03759	
03894	04095	03556	04095	04095	04095	04095	03880	03853	
03941	04095	03622	04095	04095	04095	04095	03931	03925	
03955	04095	03658	04095	04095	04095	04095	03954	03969	
03967	04095	03684	04095	04095	04095	04095	03972	04003	
03989	04095	03716	04095	04095	04095	04095	03998	04037	
03993	04095	03730	04095	04095	04095	04095	04008	04055	
03988	04095	03734	04095	04095	04095	04095	04009	04066	
04004	04095	03750	04095	04095	04095	04095	04022	04078	
04015	04095	03765	04095	04095	04095	04095	04032	04087	
04011	04095	03764	04095	04095	04095	04095	04029	04089	
04022	04095	03775	04095	04095	04095	04095	04037	04092	
04036	04095	03791	04095	04095	04095	04095	04050	04095	
04030	04095	03790	04095	04095	04095	04095	04047	04095	
04030	04095	03792	04095	04095	04095	04095	04049	04095	
04043	04095	03806	04095	04095	04095	04095	04062	04095	
04041	04095	03808	04095	04095	04095	04095	04062	04095	
04033	04095	03803	04095	04095	04095	04095	04056	04095	
04044	04095	03814	04095	04095	04095	04095	04066	04095	
04047	04095	03820	04095	04095	04095	04095	04070	04095	
04038	04095	03815	04095	04095	04095	04095	04063	04095	
04047	04095	03824	04095	04095	04095	04095	04071	04095	
04064	04095	03839	04095	04095	04095	04095	04082	04095	
04062	04095	03839	04095	04095	04095	04095	04078	04095	
04069	04095	03843	04095	04095	04095	04095	04081	04095	
04082	04095	03859	04095	04095	04095	04095	04088	04095	
04081	04095	03859	04095	04095	04095	04095	04087	04095	
04076	04095	03853	04095	04095	04095	04095	04084	04095	
04083	04095	03864	04095	04095	04095	04095	04089	04095	
04085	04095	03868	04095	04095	04095	04095	04090	04095	
04074	04095	03858	04095	04095	04095	04095	04086	04095	
04071	04095	03861	04095	04095	04095	04095	04087	04095	
04070	04095	03869	04095	04095	04095	04095	04091	04095	
04050	04095	03861	04095	04095	04095	04095	04086	04095	
04036	04095	03858	04095	04095	04095	04095	04085	04095	
04041	04095	03869	04095	04095	04095	04095	04089	04095	
04033	04095	03867	04095	04095	04095	04095	04089	04095	
04021	04095	03858	04095	04095	04095	04095	04082	04095	
04034	04095	03863	04095	04095	04095	04095	04087	04095	
04036	04095	03864	04095	04095	04095	04095	04086	04095	
04021	04095	03851	04095	04095	04095	04095	04080	04095	
04021	04095	03850	04095	04095	04095	04095	04080	04095	
04027	04095	03856	04095	04095	04095	04095	04086	04095	
04009	04095	03846	04095	04095	04095	04095	04077	04095	
04005	04095	03843	04095	04095	04095	04095	04076	04095	
04018	04095	03851	04095	04095	04095	04095	04081	04095	
04015	04095	03848	04095	04095	04095	04095	04078	04095	
04011	04095	03841	04095	04095	04095	04095	04072	04095	
03605	03865	03414	03744	03773	03949	04095	03628	03691	
03087	03533	02876	03307	03360	03718	04038	03084	03169	
02531	03161	02304	02852	02934	03460	03960	02511	02613	
01976	02780	01734	02395	02492	03198	03900	01937	02045	
01420	02396	01163	01934	02047	02933	03838	01362	01473	
01274	02241	01017	01822	01921	02811	03772	01230	01300	
01235	02202	00976	01798	01888	02775	03743	01195	01245	
01223	02211	00962	01792	01880	02766	03736	01184	01224	
01217	02233	00953	01786	01874	02759	03731	01176	01211	
01213	02255	00949	01784	01871	02757	03729	01172	01203	
01213	02274	00948	01786	01873	02758	03732	01171	01199	
01211	02266	00945	01783	01871	02756	03731	01168	01195	
01208	02241	00942	01780	01867	02753	03728	01167	01191	
01208	02215	00942	01782	01869	02753	03728	01168	01190	
01208	02190	00941	01782	01869	02753	03728	01168	01189	
01206	02175	00939	01780	01866	02750	03723	01166	01187	
01207	02181	00939	01781	01867	02751	03724	01167	01186	
01208	02196	00940	01783	01871	02754	03726	01167	01187	
01206	02206	00937	01779	01868	02752	03725	01166	01186	
01205	02211	00937	01778	01868	02751	03722	01165	01186	
01206	02209	00937	01780	01871	02753	03725	01166	01186	
01205	02194	00934	01778	01868	02751	03722	01164	01185	
01202	02176	00932	01773	01851	02764	03717	01161	01180	
01202	02165	00932	01775	01851	02763	03717	01160	01178	
01199	02165	00931	01773	01850	02762	03716	01160	01176	
01197	02175	00930	01769	01845	02759	03710	01157	01174	
01196	02193	00931	01770	01846	02759	03710	01158	01174	
01198	02211	00932	01774	01861	02743	03712	01160	01176	
01197	02216	00931	01771	01859	02743	03711	01159	01177	
01198	02212	00932	01772	01859	02743	03713	01160	01176	
01201	02200	00932	01775	01862	02746	03716	01162	01178	
01200	02182	00931	01773	01860	02746	03717	01161	01177	
01199	02167	00931	01771	01858	02745	03715	01161	01177	
01202	02165	00932	01774	01861	02747	03717	01160	01177	
01201	02167	00932	01775	01862	02748	03717	01160	01177	
01199	02167	00931	01772	01859	02746	03716	01158	01176	
01201	02170	00933	01774	01862	02748	03717	01158	01176	
01201	02171	00934	01776	01866	02751	03720	01160	01177	
01199	02166	00933	01774	01864	02748	03716	01160	01177	
01202	02163	00935	01776	01866	02750	03717	01162	01179	
01206	02168	00938	01781	01872	02755	03720	01165	01182	
01206	02173	00937	01780	01871	02754	03721	01167	01182	
01206	02180	00936	01778	01870	02753	03721	01167	01183	
01209	02191	00938	01782	01875	02757	03725	01169	01185	
01208	02194	00937	01781	01874	02756	03726	01167	01183	
01206	02189	00936	01777	01869	02753	03722	01165	01181	
01218	02199	00949	01797	01884	02774	03741	01178	01193	
01414	02445	01128	02114	02130	03044	03829	01391	01388	
01810	02823	01498	02575	02537	03311	03894	01805	01760	
02272	03205	01940	03038	02985	03579	03958	02286	02206	
02772	03591	02428	03502	03433	03848	04026	02805	02695	
03268	03961	02923	03947	03866	04095	04095	03320	03192	
03586	04095	03267	04095	04057	04095	04095	03645	03521	
03721	04095	03432	04095	04095	04095	04095	03785	03689	
03793	04095	03532	04095	04095	04095	04095	03863	03793	
03822	04095	03588	04095	04095	04095	04095	03902	03856	
03853	04095	03633	04095	04095	04095	04095	03935	03904	
03884	04095	03672	04095	04095	04095	04095	03964	03945	
03888	04095	03689	04095	04095	04095	04095	03972	03966	
03892	04095	03701	04095	04095	04095	04095	03981	03985	
03912	04095	03724	04095	04095	04095	04095	03999	04008	
03917	04095	03736	04095	04095	04095	04095	04006	04021	
03913	04095	03740	04095	04095	04095	04095	04007	04029	
03930	04095	03756	04095	04095	04095	04095	04022	04047	
03943	04095	03769	04095	04095	04095	04095	04033	04059	
03935	04095	03768	04095	04095	04095	04095	04028	04059	
03945	04095	03776	04095	04095	04095	04095	04036	04070	
03961	04095	03790	04095	04095	04095	04095	04048	04080	
03954	04095	03788	04095	04095	04095	04095	04045	04081	
03953	04095	03789	04095	04095	04095	04095	04045	04083	
03970	04095	03803	04095	04095	04095	04095	04058	04091	
03968	04095	03804	04095	04095	04095	04095	04058	04091	
03961	04095	03801	04095	04095	04095	04095	04054	04091	
03977	04095	03815	04095	04095	04095	04095	04067	04094	
03986	04095	03825	04095	04095	04095	04095	04073	04095	
03977	04095	03822	04095	04095	04095	04095	04068	04095	
03988	04095	03832	04095	04095	04095	04095	04077	04095	
04005	04095	03845	04095	04095	04095	04095	04085	04095	
03999	04095	03841	04095	04095	04095	04095	04080	04095	
04004	04095	03842	04095	04095	04095	04095	04079	04095	
04028	04095	03856	04095	04095	04095	04095	04086	04095	
04035	04095	03857	04095	04095	04095	04095	04085	04095	
04039	04095	03854	04095	04095	04095	04095	04082	04095	
04059	04095	03865	04095	04095	04095	04095	04087	04095	
04073	04095	03871	04095	04095	04095	04095	04090	04095	
04071	04095	03865	04095	04095	04095	04095	04088	04095	
04080	04095	03871	04095	04095	04095	04095	04089	04095	
04089	04095	03881	04095	04095	04095	04095	04092	04095	
04089	04095	03877	04095	04095	04095	04095	04092	04095	
04089	04095	03876	04095	04095	04095	04095	04092	04095	
04094	04095	03885	04095	04095	04095	04095	04095	04095	
04093	04095	03881	04095	04095	04095	04095	04095	04095	
04089	04095	03874	04095	04095	04095	04095	04095	04095	
04090	04095	03880	04095	04095	04095	04095	04095	04095	
04089	04095	03885	04095	04095	04095	04095	04095	04095	
04080	04095	03879	04095	04095	04095	04095	04095	04095	
04081	04095	03886	04095	04095	04095	04095	04095	04095	
04081	04095	03897	04095	04095	04095	04095	04095	04095	
04064	04095	03894	04095	04095	04095	04095	04095	04095	
04051	04095	03897	04095	04095	04095	04095	04095	04095	
04054	04095	03910	04095	04095	04095	04095	04095	04095	
04035	04095	03910	04095	04095	04095	04095	04095	04095	
04017	04095	03907	04095	04095	04095	04095	04095	04095	
04020	04095	03918	04095	04095	04095	04095	04095	04095	
04009	04095	03922	04095	04095	04095	04095	04095	04095	
03983	04095	03917	04095	04095	04095	04095	04095	04095	
03983	04095	03929	04095	04095	04095	04095	04095	04095	
03982	04095	03943	04095	04095	04095	04095	04095	04095	
03959	04095	03944	04095	04095	04095	04095	04095	04095	
03951	04095	03953	04095	04095	04095	04095	04095	04095	
03957	04095	03968	04095	04095	04095	04095	04095	04095	
03937	04095	03968	04095	04095	04095	04095	04095	04095	
03919	04095	03966	04095	04095	04095	04095	04095	04095	
03924	04095	03976	04095	04095	04095	04095	04095	04095	
03911	04095	03977	04095	04095	04095	04095	04095	04095	
03884	04095	03971	04095	04095	04095	04095	04095	04095	
