01902	02349	01154	02079	01659	03461	03292	01397	01682	
01909	02355	01156	02085	01663	03465	03297	01400	01686	
01910	02355	01155	02085	01671	03465	03296	01398	01659	
01905	02351	01154	02081	01670	03463	03293	01397	01657	
01908	02354	01156	02085	01671	03465	03296	01398	01658	
01912	02357	01157	02088	01674	03466	03297	01399	01660	
01907	02353	01156	02083	01671	03463	03295	01398	01657	
01907	02354	01157	02084	01672	03463	03295	01398	01657	
01913	02359	01159	02089	01675	03465	03299	01400	01661	
01910	02356	01158	02087	01674	03464	03298	01401	01660	
01906	02353	01156	02084	01672	03461	03296	01400	01659	
01911	02357	01158	02089	01675	03464	03299	01401	01660	
01910	02357	01157	02088	01674	03463	03298	01402	01661	
01905	02353	01156	02083	01671	03460	03293	01400	01659	
01907	02354	01155	02083	01670	03459	03291	01399	01658	
01908	02355	01154	02083	01669	03459	03289	01396	01656	
01901	02349	01151	02077	01665	03454	03283	01394	01652	
01901	02348	01151	02077	01664	03453	03283	01392	01651	
01903	02351	01151	02079	01665	03453	03284	01390	01651	
01898	02346	01149	02076	01662	03450	03283	01388	01649	
01895	02344	01148	02073	01661	03450	03283	01390	01648	
01900	02347	01150	02077	01664	03456	03286	01391	01650	
01899	02346	01148	02073	01663	03459	03285	01392	01648	
01894	02340	01146	02068	01660	03460	03280	01391	01644	
01899	02344	01149	02072	01664	03465	03282	01394	01647	
01902	02347	01150	02075	01666	03465	03283	01394	01648	
01896	02343	01149	02071	01663	03459	03282	01393	01648	
01897	02344	01150	02073	01663	03456	03283	01392	01648	
01902	02349	01150	02077	01665	03457	03289	01394	01651	
01898	02345	01148	02073	01662	03455	03285	01393	01648	
01895	02343	01148	02071	01661	03456	03283	01393	01647	
01903	02348	01151	02078	01666	03462	03287	01395	01649	
01904	02350	01152	02078	01668	03465	03289	01397	01650	
01902	02348	01153	02079	01669	03465	03289	01398	01651	
01909	02354	01156	02084	01674	03470	03294	01400	01655	
01913	02357	01158	02087	01676	03472	03296	01401	01657	
01905	02351	01156	02082	01672	03468	03292	01401	01657	
01907	02352	01156	02084	01672	03468	03293	01401	01658	
01911	02355	01157	02086	01674	03469	03293	01400	01659	
01906	02351	01155	02081	01672	03467	03291	01398	01655	
01904	02350	01155	02081	01672	03468	03291	01399	01654	
01911	02355	01157	02085	01677	03474	03293	01399	01654	
01909	02352	01156	02082	01675	03476	03291	01399	01652	
01904	02347	01155	02078	01673	03475	03287	01398	01650	
01909	02351	01157	02083	01675	03478	03290	01401	01654	
01911	02352	01157	02083	01675	03478	03291	01400	01654	
01905	02347	01154	02078	01670	03473	03287	01399	01652	
01907	02347	01153	02079	01658	03489	03285	01396	01650	
01908	02349	01153	02080	01658	03489	03287	01396	01651	
01901	02344	01151	02074	01653	03484	03281	01394	01647	
01896	02342	01149	02072	01651	03480	03279	01392	01644	
01900	02345	01149	02074	01653	03481	03281	01392	01643	
01896	02343	01148	02071	01663	03461	03279	01392	01643	
01893	02341	01148	02068	01661	03459	03276	01391	01641	
01898	02344	01148	02072	01663	03461	03280	01391	01643	
01898	02345	01148	02072	01663	03462	03281	01392	01644	
01893	02340	01146	02068	01660	03459	03280	01392	01643	
01896	02342	01147	02071	01662	03460	03283	01393	01645	
01899	02345	01147	02073	01663	03460	03283	01393	01645	
01894	02341	01147	02069	01661	03457	03278	01393	01644	
02111	02617	01376	02398	01959	03584	03431	01669	01877	
02421	02969	01766	02804	02405	03712	03607	02111	02231	
02739	03318	02210	03208	02873	03838	03782	02603	02627	
03065	03668	02681	03612	03349	03966	03938	03126	03050	
03417	04020	03183	04018	03839	04095	04095	03667	03499	
03545	04095	03467	04095	04030	04095	04095	03931	03722	
03576	04095	03599	04095	04074	04095	04095	04029	03831	
03611	04095	03689	04095	04083	04095	04095	04076	03908	
03638	04095	03755	04095	04095	04095	04095	04095	03965	
03632	04095	03790	04095	04095	04095	04095	04095	03996	
03640	04095	03819	04095	04095	04095	04095	04095	04026	
03663	04095	03853	04095	04095	04095	04095	04095	04054	
03661	04095	03870	04095	04095	04095	04095	04095	04069	
03660	04095	03882	04095	04095	04095	04095	04095	04080	
03686	04095	03904	04095	04095	04095	04095	04095	04090	
03693	04095	03915	04095	04095	04095	04095	04095	04095	
03687	04095	03917	04095	04095	04095	04095	04095	04095	
03707	04095	03930	04095	04095	04095	04095	04095	04095	
03724	04095	03943	04095	04095	04095	04095	04095	04095	
03714	04095	03942	04095	04095	04095	04095	04095	04095	
03723	04095	03950	04095	04095	04095	04095	04095	04095	
03739	04095	03960	04095	04095	04095	04095	04095	04095	
03726	04095	03954	04095	04095	04095	04095	04095	04095	
03714	04095	03946	04095	04095	04095	04095	04095	04095	
03726	04095	03949	04095	04095	04095	04095	04095	04095	
03717	04095	03944	04095	04095	04095	04095	04095	04095	
03701	04095	03936	04095	04095	04095	04095	04095	04095	
03713	04095	03941	04095	04095	04095	04095	04095	04095	
03721	04095	03947	04095	04095	04095	04095	04095	04095	
03707	04095	03942	04095	04095	04095	04095	04095	04095	
03713	04095	03945	04095	04095	04095	04095	04095	04095	
03728	04095	03955	04095	04095	04095	04095	04095	04095	
03717	04095	03953	04095	04095	04095	04095	04095	04095	
03713	04095	03952	04095	04095	04095	04095	04095	04095	
03731	04095	03963	04095	04095	04095	04095	04095	04095	
03727	04095	03963	04095	04095	04095	04095	04095	04095	
03715	04095	03957	04095	04095	04095	04095	04095	04095	
03731	04095	03966	04095	04095	04095	04095	04095	04095	
03741	04095	03975	04095	04095	04095	04095	04095	04095	
03728	04095	03973	04095	04095	04095	04095	04095	04095	
03740	04095	03984	04095	04095	04095	04095	04095	04095	
03760	04095	03999	04095	04095	04095	04095	04095	04095	
03754	04095	04002	04095	04095	04095	04095	04095	04095	
03759	04095	04006	04095	04095	04095	04095	04095	04095	
03787	04095	04023	04095	04095	04095	04095	04095	04095	
03791	04095	04028	04095	04095	04095	04095	04095	04095	
03788	04095	04028	04095	04095	04095	04095	04095	04095	
03806	04095	04039	04095	04095	04095	04095	04095	04095	
03771	04095	04006	04094	04070	04095	04095	04095	04083	
03495	03871	03570	03775	03694	04020	04047	03640	03781	
03175	03601	03053	03407	03267	03893	03953	03104	03393	
02840	03322	02512	03032	02835	03758	03828	02547	02970	
02474	03029	01947	02644	02408	03605	03691	01976	02523	
02150	02730	01416	02251	01993	03436	03576	01396	02072	
02051	02653	01275	02176	01926	03335	03512	01268	01904	
02001	02617	01217	02144	01905	03287	03489	01219	01820	
01967	02592	01185	02120	01886	03255	03467	01192	01775	
01956	02584	01168	02111	01871	03244	03457	01178	01757	
01946	02578	01161	02105	01855	03247	03443	01173	01754	
01936	02570	01160	02098	01836	03257	03421	01171	01757	
01936	02571	01161	02099	01827	03266	03411	01171	01765	
01936	02571	01159	02099	01822	03267	03407	01169	01765	
01929	02563	01155	02093	01818	03260	03404	01166	01758	
01929	02563	01151	02093	01826	03252	03412	01163	01747	
01934	02568	01146	02097	01840	03239	03428	01160	01733	
01930	02565	01140	02092	01847	03228	03434	01157	01716	
01927	02563	01136	02091	01851	03224	03434	01156	01705	
01932	02568	01137	02095	01854	03227	03434	01157	01701	
01929	02566	01138	02092	01846	03233	03423	01159	01703	
01923	02561	01141	02089	01832	03244	03408	01161	01709	
01927	02564	01146	02092	01826	03254	03400	01164	01718	
01930	02567	01149	02094	01825	03259	03401	01166	01725	
01927	02564	01149	02092	01824	03258	03402	01166	01725	
01932	02568	01148	02096	01834	03253	03417	01166	01723	
01939	02575	01147	02101	01848	03245	03435	01165	01719	
01936	02573	01144	02099	01853	03239	03446	01164	01714	
01935	02571	01143	02097	01854	03237	03450	01162	01710	
01939	02576	01143	02101	01855	03240	03451	01163	01714	
01936	02574	01145	02097	01846	03245	03440	01164	01719	
01931	02569	01147	02094	01836	03255	03424	01165	01725	
01935	02572	01150	02098	01834	03263	03417	01166	01731	
01935	02573	01151	02099	01834	03264	03411	01166	01732	
01930	02567	01148	02094	01833	03258	03409	01164	01724	
01932	02569	01146	02096	01842	03251	03417	01162	01714	
01937	02574	01143	02100	01853	03242	03432	01160	01703	
01933	02570	01139	02097	01855	03234	03438	01159	01693	
01933	02570	01139	02097	01856	03233	03443	01159	01692	
01937	02574	01140	02100	01844	03255	03444	01159	01698	
01933	02570	01141	02096	01833	03259	03433	01159	01707	
01926	02564	01142	02091	01820	03267	03417	01157	01717	
01929	02566	01144	02093	01815	03272	03413	01157	01727	
01926	02565	01143	02091	01811	03271	03410	01156	01730	
01920	02559	01140	02086	01821	03247	03411	01154	01725	
01924	02563	01139	02089	01830	03240	03423	01155	01718	
01929	02567	01136	02091	01840	03232	03433	01157	01707	
02040	02707	01235	02245	01984	03400	03560	01276	01821	
02327	03013	01591	02647	02377	03569	03708	01703	02140	
02658	03322	02031	03050	02821	03742	03856	02218	02526	
02981	03627	02500	03450	03258	03918	03975	02769	02942	
03308	03931	02992	03850	03703	04095	04095	03341	03380	
03539	04095	03404	04095	04014	04095	04095	03809	03712	
03594	04095	03571	04095	04077	04095	04095	03970	03849	
03602	04095	03662	04095	04077	04095	04095	04043	03927	
03627	04095	03731	04095	04090	04095	04095	04080	03989	
03653	04095	03787	04095	04095	04095	04095	04095	04034	
03654	04095	03819	04095	04095	04095	04095	04095	04060	
03669	04095	03850	04095	04095	04095	04095	04095	04078	
03700	04095	03883	04095	04095	04095	04095	04095	04092	
03706	04095	03901	04095	04095	04095	04095	04095	04095	
03707	04095	03912	04095	04095	04095	04095	04095	04095	
03731	04095	03932	04095	04095	04095	04095	04095	04095	
03737	04095	03944	04095	04095	04095	04095	04095	04095	
03728	04095	03948	04095	04095	04095	04095	04095	04095	
03743	04095	03961	04095	04095	04095	04095	04095	04095	
03756	04095	03974	04095	04095	04095	04095	04095	04095	
03745	04095	03974	04095	04095	04095	04095	04095	04095	
03750	04095	03980	04095	04095	04095	04095	04095	04095	
03767	04095	03993	04095	04095	04095	04095	04095	04095	
03758	04095	03995	04095	04095	04095	04095	04095	04095	
03753	04095	03995	04095	04095	04095	04095	04095	04095	
03771	04095	04007	04095	04095	04095	04095	04095	04095	
03769	04095	04008	04095	04095	04095	04095	04095	04095	
03755	04095	03999	04095	04095	04095	04095	04095	04095	
03766	04095	04004	04095	04095	04095	04095	04095	04095	
03771	04095	04006	04095	04095	04095	04095	04095	04095	
03753	04095	03995	04095	04095	04095	04095	04095	04095	
03758	04095	03996	04095	04095	04095	04095	04095	04095	
03774	04095	04005	04095	04095	04095	04095	04095	04095	
03766	04095	04002	04095	04095	04095	04095	04095	04095	
03768	04095	04002	04095	04095	04095	04095	04095	04095	
03793	04095	04013	04095	04095	04095	04095	04095	04095	
03801	04095	04016	04095	04095	04095	04095	04095	04095	
03802	04095	04016	04095	04095	04095	04095	04095	04095	
03827	04095	04025	04095	04095	04095	04095	04095	04095	
03839	04095	04033	04095	04095	04095	04095	04095	04095	
03827	04095	04028	04095	04095	04095	04095	04095	04095	
03833	04095	04031	04095	04095	04095	04095	04095	04095	
03842	04095	04039	04095	04095	04095	04095	04095	04095	
03828	04095	04036	04095	04095	04095	04095	04095	04095	
03789	04095	04000	04095	04072	04095	04095	04095	04095	
03496	03841	03494	03738	03691	03896	04058	03571	03720	
03144	03555	02915	03352	03274	03650	03976	03006	03282	
02773	03261	02316	02961	02860	03393	03888	02429	02821	
02411	02967	01727	02570	02435	03136	03821	01849	02351	
02077	02669	01173	02177	02026	02894	03752	01266	01875	
02003	02622	01093	02136	01975	02865	03715	01206	01769	
01979	02611	01079	02128	01963	02890	03703	01189	01727	
01970	02606	01079	02125	01957	02925	03696	01182	01705	
01959	02597	01076	02117	01949	02954	03688	01177	01690	
01955	02595	01072	02116	01948	02954	03686	01175	01681	
01956	02598	01069	02118	01951	02924	03689	01174	01676	
01949	02594	01057	02114	01947	02881	03688	01171	01668	
01945	02592	01045	02111	01945	02839	03689	01168	01662	
01948	02594	01042	02114	01948	02809	03694	01167	01659	
01944	02591	01037	02110	01944	02807	03689	01164	01654	
01937	02583	01035	02103	01937	02832	03682	01160	01648	
01940	02584	01042	02104	01937	02869	03679	01159	01645	
01940	02582	01049	02103	01935	02904	03676	01158	01643	
01932	02577	01049	02097	01928	02921	03669	01155	01637	
01934	02577	01048	02097	01929	02913	03670	01156	01636	
01937	02583	01042	02100	01932	02884	03675	01155	01636	
01932	02579	01031	02096	01928	02843	03674	01154	01634	
01930	02578	01025	02096	01928	02808	03674	01153	01632	
01934	02583	01025	02100	01933	02792	03680	01154	01633	
01931	02582	01026	02099	01932	02798	03679	01153	01632	
01926	02576	01030	02096	01928	02824	03672	01153	01632	
01930	02580	01041	02099	01933	02861	03672	01154	01633	
01931	02581	01046	02100	01933	02896	03671	01154	01634	
01925	02574	01046	02095	01928	02915	03666	01153	01631	
01927	02575	01046	02097	01929	02917	03668	01153	01630	
01931	02579	01047	02099	01932	02898	03673	01153	01631	
01929	02577	01042	02097	01929	02865	03672	01153	01630	
01929	02577	01033	02097	01931	02830	03675	01153	01630	
01938	02585	01029	02103	01937	02804	03682	01155	01632	
01938	02584	01027	02102	01937	02793	03684	01155	01632	
01936	02581	01027	02101	01937	02806	03685	01156	01632	
01941	02585	01032	02104	01941	02837	03688	01157	01632	
01943	02587	01042	02105	01942	02871	03688	01157	01632	
01937	02581	01048	02101	01937	02901	03685	01157	01631	
01941	02585	01052	02103	01941	02919	03684	01158	01632	
01944	02588	01054	02106	01943	02914	03687	01159	01634	
01938	02584	01052	02103	01940	02887	03684	01158	01633	
01937	02584	01047	02103	01941	02854	03686	01159	01634	
01940	02590	01042	02108	01945	02823	03689	01159	01636	
01937	02588	01038	02106	01943	02798	03691	01159	01635	
01934	02585	01036	02104	01941	02792	03687	01159	01635	
01940	02590	01037	02108	01945	02808	03690	01160	01637	
01939	02588	01040	02105	01930	02849	03687	01159	01634	
01933	02581	01043	02099	01924	02872	03682	01158	01631	
01936	02583	01046	02100	01925	02892	03681	01157	01632	
01938	02586	01046	02103	01926	02898	03687	01157	01632	
01932	02581	01042	02098	01921	02885	03685	01154	01629	
01934	02583	01037	02100	01934	02845	03688	01154	01630	
01940	02590	01033	02105	01940	02824	03695	01153	01630	
01936	02587	01028	02102	01937	02803	03694	01152	01628	
01934	02585	01027	02101	01936	02793	03691	01152	01627	
01941	02592	01031	02107	01944	02801	03697	01154	01631	
02111	02799	01200	02365	02158	03063	03791	01350	01814	
02399	03097	01574	02761	02533	03326	03861	01780	02158	
02736	03401	02028	03162	02959	03588	03934	02290	02566	
03084	03704	02519	03560	03393	03845	04006	02839	03008	
03423	04000	03031	03954	03819	04095	04095	03399	03465	
03609	04095	03400	04095	04027	04095	04095	03784	03760	
03684	04095	03576	04095	04084	04095	04095	03943	03907	
03711	04095	03676	04095	04093	04095	04095	04022	03992	
03728	04095	03742	04095	04093	04095	04095	04062	04044	
03763	04095	03801	04095	04095	04095	04095	04087	04077	
03779	04095	03842	04095	04095	04095	04095	04095	04092	
03779	04095	03868	04095	04095	04095	04095	04095	04095	
03797	04095	03898	04095	04095	04095	04095	04095	04095	
03812	04095	03926	04095	04095	04095	04095	04095	04095	
03805	04095	03939	04095	04095	04095	04095	04095	04095	
03813	04095	03956	04095	04095	04095	04095	04095	04095	
03833	04095	03978	04095	04095	04095	04095	04095	04095	
03827	04095	03986	04095	04095	04095	04095	04095	04095	
03825	04095	03992	04095	04095	04095	04095	04095	04095	
03845	04095	04008	04095	04095	04095	04095	04095	04095	
03845	04095	04014	04095	04095	04095	04095	04095	04095	
03834	04095	04012	04095	04095	04095	04095	04095	04095	
03850	04095	04022	04095	04095	04095	04095	04095	04095	
03859	04095	04031	04095	04095	04095	04095	04095	04095	
03845	04095	04024	04095	04095	04095	04095	04095	04095	
03849	04095	04025	04095	04095	04095	04095	04095	04095	
03862	04095	04031	04095	04095	04095	04095	04095	04095	
03849	04095	04025	04095	04095	04095	04095	04095	04095	
03843	04095	04022	04095	04095	04095	04095	04095	04095	
03860	04095	04032	04095	04095	04095	04095	04095	04095	
03856	04095	04034	04095	04095	04095	04095	04095	04095	
03846	04095	04031	04095	04095	04095	04095	04095	04095	
03861	04095	04039	04095	04095	04095	04095	04095	04095	
03867	04095	04043	04095	04095	04095	04095	04095	04095	
03856	04095	04037	04095	04095	04095	04095	04095	04095	
03870	04095	04040	04095	04095	04095	04095	04095	04095	
03890	04095	04046	04095	04095	04095	04095	04095	04095	
03888	04095	04037	04095	04095	04095	04095	04095	04095	
03897	04095	04033	04095	04095	04095	04095	04095	04095	
03920	04095	04037	04095	04095	04095	04095	04095	04095	
03919	04095	04035	04095	04095	04095	04095	04095	04095	
03913	04095	04036	04095	04095	04095	04095	04095	04095	
03928	04095	04052	04095	04095	04095	04095	04095	04095	
03929	04095	04063	04095	04095	04095	04095	04095	04095	
03917	04095	04066	04095	04095	04095	04095	04095	04095	
03930	04095	04074	04095	04095	04095	04095	04095	04095	
03943	04095	04080	04095	04095	04095	04095	04095	04095	
03935	04095	04070	04095	04095	04095	04095	04095	04095	
03941	04095	04067	04095	04095	04095	04095	04095	04095	
03959	04095	04072	04095	04095	04095	04095	04095	04095	
03951	04095	04069	04095	04095	04095	04095	04095	04095	
03940	04095	04065	04095	04095	04095	04095	04095	04095	
03949	04095	04076	04095	04095	04095	04095	04095	04095	
03945	04095	04080	04095	04095	04095	04095	04095	04095	
03929	04095	04076	04095	04095	04095	04095	04095	04095	
03939	04095	04081	04095	04095	04095	04095	04095	04095	
03949	04095	04085	04095	04095	04095	04095	04095	04095	
03936	04095	04075	04095	04095	04095	04095	04095	04095	
03937	04095	04070	04095	04095	04095	04095	04095	04095	
03947	04095	04073	04095	04095	04095	04095	04095	04095	
03932	04095	04065	04095	04095	04095	04095	04095	04095	
03919	04095	04057	04095	04095	04095	04095	04095	04095	
03930	04095	04064	04095	04095	04095	04095	04095	04095	
03926	04095	04062	04095	04095	04095	04095	04095	04095	
03916	04095	04054	04095	04095	04095	04095	04095	04095	
03929	04095	04056	04095	04095	04095	04095	04095	04095	
03937	04095	04058	04095	04095	04095	04095	04095	04095	
03927	04095	04049	04095	04095	04095	04095	04095	04095	
03932	04095	04049	04095	04095	04095	04095	04095	04095	
03943	04095	04056	04095	04095	04095	04095	04095	04095	
03930	04095	04054	04095	04095	04095	04095	04095	04095	
03924	04095	04054	04095	04095	04095	04095	04095	04095	
03937	04095	04065	04095	04095	04095	04095	04095	04095	
03931	04095	04066	04095	04095	04095	04095	04095	04095	
03924	04095	04065	04095	04095	04095	04095	04095	04095	
03942	04095	04074	04095	04095	04095	04095	04095	04095	
03953	04095	04079	04095	04095	04095	04095	04095	04095	
03912	04095	04042	04095	04083	04095	04095	04095	04095	
03607	03895	03545	03777	03755	03947	04095	03622	03736	
03238	03648	02974	03417	03375	03741	04068	03088	03288	
02825	03366	02365	03027	02972	03494	04007	02521	02800	
02408	03077	01750	02634	02550	03239	03963	01945	02298	
02030	02787	01169	02241	02138	02982	03920	01365	01791	
01916	02692	01047	02159	02039	02869	03873	01255	01634	
01859	02644	00994	02118	01991	02813	03831	01207	01560	
01830	02635	00974	02107	01980	02798	03829	01191	01521	
01804	02629	00964	02093	01973	02789	03832	01183	01490	
01775	02621	00956	02066	01966	02782	03830	01177	01463	
01760	02621	00952	02060	01966	02779	03838	01176	01444	
01752	02624	00950	02058	01966	02778	03843	01175	01434	
01746	02615	00944	02052	01946	02790	03836	01171	01427	
01750	02611	00941	02057	01943	02787	03829	01169	01427	
01763	02612	00938	02075	01943	02785	03824	01166	01430	
01768	02605	00935	02073	01938	02782	03813	01162	01431	
01771	02598	00931	02068	01933	02778	03804	01158	01428	
01777	02601	00932	02055	01949	02760	03804	01157	01426	
01772	02601	00932	02034	01947	02759	03803	01156	01419	
01761	02597	00931	02010	01943	02757	03803	01156	01410	
01756	02600	00931	01997	01946	02757	03806	01157	01404	
01750	02604	00931	01998	01948	02758	03811	01157	01402	
01743	02600	00931	02011	01944	02757	03812	01156	01401	
01743	02601	00930	02032	01945	02757	03812	01156	01405	
01747	02605	00930	02056	01948	02758	03816	01156	01409	
01744	02602	00928	02069	01943	02757	03816	01154	01410	
01742	02601	00928	02070	01943	02756	03814	01153	01409	
01742	02605	00928	02066	01946	02756	03817	01152	01406	
01735	02601	00928	02044	01944	02755	03816	01153	01401	
01729	02598	00928	02022	01944	02756	03816	01155	01398	
01735	02604	00932	02011	01951	02760	03821	01157	01398	
01740	02607	00933	02011	01954	02762	03824	01160	01399	
01743	02603	00933	02016	01952	02763	03822	01162	01403	
01754	02609	00935	02038	01958	02769	03828	01164	01410	
01765	02614	00937	02059	01961	02771	03828	01165	01414	
01765	02609	00936	02068	01956	02768	03821	01164	01415	
01779	02623	00947	02080	01971	02791	03839	01178	01429	
01781	02628	00951	02070	01975	02794	03844	01181	01429	
02017	02895	01194	02414	02268	03057	03887	01473	01686	
02355	03189	01599	02817	02665	03322	03932	01926	02078	
02744	03490	02081	03225	03097	03589	03982	02448	02537	
03129	03771	02589	03620	03512	03830	04031	02982	03016	
03527	04065	03126	04037	03927	04095	04095	03541	03529	
03701	04095	03438	04095	04063	04095	04095	03828	03801	
03779	04095	03601	04095	04095	04095	04095	03960	03943	
03803	04095	03691	04095	04095	04095	04095	04026	04022	
03821	04095	03752	04095	04095	04095	04095	04064	04066	
03848	04095	03803	04095	04095	04095	04095	04088	04090	
03849	04095	03830	04095	04095	04095	04095	04095	04095	
03842	04095	03848	04095	04095	04095	04095	04095	04095	
03855	04095	03873	04095	04095	04095	04095	04095	04095	
03857	04095	03893	04095	04095	04095	04095	04095	04095	
03845	04095	03900	04095	04095	04095	04095	04095	04095	
03857	04095	03917	04095	04095	04095	04095	04095	04095	
03871	04095	03934	04095	04095	04095	04095	04095	04095	
03864	04095	03937	04095	04095	04095	04095	04095	04095	
03871	04095	03944	04095	04095	04095	04095	04095	04095	
03892	04095	03959	04095	04095	04095	04095	04095	04095	
03888	04095	03962	04095	04095	04095	04095	04095	04095	
03883	04095	03962	04095	04095	04095	04095	04095	04095	
03901	04095	03975	04095	04095	04095	04095	04095	04095	
03901	04095	03980	04095	04095	04095	04095	04095	04095	
03891	04095	03978	04095	04095	04095	04095	04095	04095	
03905	04095	03990	04095	04095	04095	04095	04095	04095	
03917	04095	04003	04095	04095	04095	04095	04095	04095	
03908	04095	04003	04095	04095	04095	04095	04095	04095	
03914	04095	04010	04095	04095	04095	04095	04095	04095	
03931	04095	04024	04095	04095	04095	04095	04095	04095	
03922	04095	04024	04095	04095	04095	04095	04095	04095	
03919	04095	04023	04095	04095	04095	04095	04095	04095	
03936	04095	04034	04095	04095	04095	04095	04095	04095	
03940	04095	04034	04095	04095	04095	04095	04095	04095	
03933	04095	04028	04095	04095	04095	04095	04095	04095	
03953	04095	04032	04095	04095	04095	04095	04095	04095	
03969	04095	04035	04095	04095	04095	04095	04095	04095	
03967	04095	04023	04095	04095	04095	04095	04095	04095	
03981	04095	04021	04095	04095	04095	04095	04095	04095	
04003	04095	04025	04095	04095	04095	04095	04095	04095	
03999	04095	04018	04095	04095	04095	04095	04095	04095	
03991	04095	04013	04095	04095	04095	04095	04095	04095	
03998	04095	04020	04095	04095	04095	04095	04095	04095	
03988	04095	04019	04095	04095	04095	04095	04095	04095	
03969	04095	04011	04095	04095	04095	04095	04095	04095	
03976	04095	04015	04095	04095	04095	04095	04095	04095	
03948	04095	03985	04095	04092	04095	04095	04088	04095	
03528	03846	03441	03713	03711	03879	04086	03561	03615	
03082	03582	02861	03322	03313	03649	04055	03006	03086	
02628	03298	02262	02901	02907	03392	04004	02431	02529	
02160	03005	01652	02475	02479	03130	03969	01850	01961	
01732	02713	01075	02048	02056	02867	03932	01273	01389	
01689	02671	01005	02004	02010	02819	03905	01215	01295	
01675	02640	00969	01964	01976	02782	03874	01184	01246	
01671	02629	00954	01954	01964	02771	03864	01172	01225	
01664	02629	00948	01954	01964	02767	03865	01167	01214	
01643	02626	00942	01951	01960	02762	03866	01164	01207	
01616	02620	00938	01946	01954	02757	03862	01161	01201	
01605	02624	00937	01949	01959	02757	03867	01161	01199	
01602	02628	00937	01950	01962	02758	03873	01161	01196	
01602	02627	00934	01946	01957	02756	03870	01160	01194	
01618	02630	00935	01948	01959	02757	03869	01162	01194	
01641	02635	00937	01952	01964	02760	03873	01163	01195	
01650	02631	00936	01949	01961	02760	03869	01164	01194	
01651	02625	00935	01948	01958	02758	03865	01164	01194	
01647	02624	00936	01952	01963	02760	03866	01163	01194	
01627	02619	00934	01949	01961	02757	03863	01160	01191	
01601	02613	00932	01944	01956	02754	03860	01158	01189	
01587	02614	00932	01946	01959	02755	03863	01157	01188	
01583	02616	00932	01946	01960	02756	03866	01157	01188	
01585	02616	00931	01943	01956	02755	03865	01158	01188	
01604	02621	00931	01945	01958	02756	03869	01160	01188	
01628	02631	00933	01948	01962	02758	03871	01160	01188	
01641	02633	00931	01945	01958	02755	03868	01159	01187	
01645	02636	00929	01942	01943	02769	03863	01157	01185	
01646	02640	00929	01943	01944	02768	03865	01157	01184	
01635	02635	00927	01939	01940	02765	03861	01155	01182	
01614	02624	00925	01935	01935	02762	03859	01155	01181	
01597	02621	00925	01936	01936	02762	03859	01154	01180	
01584	02615	00925	01937	01949	02745	03860	01153	01178	
01577	02607	00925	01934	01945	02743	03854	01152	01177	
01584	02606	00925	01936	01948	02744	03854	01152	01177	
01600	02609	00927	01938	01951	02747	03853	01151	01177	
01613	02604	00925	01935	01948	02746	03850	01150	01177	
01621	02603	00924	01934	01946	02746	03849	01150	01177	
01622	02605	00923	01935	01949	02746	03852	01150	01176	
01611	02603	00923	01933	01946	02745	03852	01150	01175	
01596	02601	00922	01931	01944	02743	03851	01150	01175	
01588	02607	00924	01934	01948	02744	03855	01152	01177	
01585	02611	00925	01935	01949	02745	03857	01153	01178	
01586	02610	00925	01933	01946	02744	03854	01153	01179	
01600	02618	00927	01937	01952	02748	03858	01155	01181	
01615	02625	00929	01941	01956	02751	03863	01157	01182	
01624	02623	00929	01940	01954	02751	03862	01156	01182	
01628	02623	00932	01943	01957	02754	03863	01158	01184	
01624	02627	00934	01949	01963	02757	03871	01161	01186	
01608	02619	00933	01946	01959	02755	03868	01158	01185	
01593	02613	00932	01945	01957	02753	03866	01157	01183	
01586	02615	00932	01947	01961	02754	03869	01158	01184	
01584	02615	00932	01946	01959	02753	03869	01158	01184	
01589	02612	00931	01942	01957	02752	03865	01157	01183	
01603	02617	00931	01944	01959	02754	03866	01159	01184	
01616	02621	00932	01946	01960	02755	03867	01159	01185	
01618	02619	00931	01943	01957	02753	03865	01159	01185	
01616	02620	00931	01944	01957	02753	03865	01160	01185	
01628	02649	00947	01976	01983	02788	03900	01179	01203	
01655	02689	00978	02029	02022	02842	03936	01215	01239	
01671	02712	00997	02066	02045	02874	03960	01237	01262	
01694	02736	01015	02102	02071	02904	03986	01256	01281	
01989	03030	01304	02498	02406	03173	04045	01594	01590	
02357	03300	01708	02898	02789	03407	04048	02039	02004	
02750	03552	02160	03274	03179	03620	04048	02523	02463	
03168	03823	02657	03666	03584	03856	04061	03046	02969	
03584	04094	03173	04061	03990	04095	04095	03581	03500	
03741	04095	03435	04095	04072	04095	04095	03813	03762	
03821	04095	03579	04095	04095	04095	04095	03930	03912	
03850	04095	03659	04095	04095	04095	04095	03990	03998	
03870	04095	03712	04095	04095	04095	04095	04029	04051	
03906	04095	03763	04095	04095	04095	04095	04062	04083	
03921	04095	03796	04095	04095	04095	04095	04078	04095	
03922	04095	03813	04095	04095	04095	04095	04085	04095	
03943	04095	03839	04095	04095	04095	04095	04092	04095	
03958	04095	03862	04095	04095	04095	04095	04095	04095	
03951	04095	03868	04095	04095	04095	04095	04095	04095	
03961	04095	03882	04095	04095	04095	04095	04095	04095	
03979	04095	03903	04095	04095	04095	04095	04095	04095	
03975	04095	03912	04095	04095	04095	04095	04095	04095	
03976	04095	03920	04095	04095	04095	04095	04095	04095	
03993	04095	03940	04095	04095	04095	04095	04095	04095	
03992	04095	03948	04095	04095	04095	04095	04095	04095	
03981	04095	03949	04095	04095	04095	04095	04095	04095	
03992	04095	03961	04095	04095	04095	04095	04095	04095	
03996	04095	03971	04095	04095	04095	04095	04095	04095	
03982	04095	03967	04095	04095	04095	04095	04095	04095	
03989	04095	03975	04095	04095	04095	04095	04095	04095	
04001	04095	03987	04095	04095	04095	04095	04095	04095	
03992	04095	03983	04095	04095	04095	04095	04095	04095	
03990	04095	03983	04095	04095	04095	04095	04095	04095	
04007	04095	03994	04095	04095	04095	04095	04095	04095	
04003	04095	03994	04095	04095	04095	04095	04095	04095	
03997	04095	03989	04095	04095	04095	04095	04095	04095	
04009	04095	03995	04095	04095	04095	04095	04095	04095	
04015	04095	03994	04095	04095	04095	04095	04095	04095	
04006	04095	03980	04095	04095	04095	04095	04095	04095	
04018	04095	03975	04095	04095	04095	04095	04095	04095	
04031	04095	03972	04095	04095	04095	04095	04095	04095	
04027	04095	03959	04095	04095	04095	04095	04095	04095	
04029	04095	03954	04095	04095	04095	04095	04095	04095	
04043	04095	03961	04095	04095	04095	04095	04095	04095	
04034	04095	03960	04095	04095	04095	04095	04095	04095	
04023	04095	03957	04095	04095	04095	04095	04095	04095	
04033	04095	03969	04095	04095	04095	04095	04095	04095	
04035	04095	03974	04095	04095	04095	04095	04095	04095	
04024	04095	03966	04095	04095	04095	04095	04095	04095	
04036	04095	03968	04095	04095	04095	04095	04095	04095	
04049	04095	03970	04095	04095	04095	04095	04095	04095	
04041	04095	03958	04095	04095	04095	04095	04095	04095	
04042	04095	03955	04095	04095	04095	04095	04095	04095	
04057	04095	03966	04095	04095	04095	04095	04095	04095	
04050	04095	03967	04095	04095	04095	04095	04095	04095	
04042	04095	03971	04095	04095	04095	04095	04095	04095	
04057	04095	03988	04095	04095	04095	04095	04095	04095	
04057	04095	03996	04095	04095	04095	04095	04095	04095	
04046	04095	03991	04095	04095	04095	04095	04095	04095	
04056	04095	03997	04095	04095	04095	04095	04095	04095	
04066	04095	04000	04095	04095	04095	04095	04095	04095	
04056	04095	03991	04095	04095	04095	04095	04095	04095	
04062	04095	03990	04095	04095	04095	04095	04095	04095	
04075	04095	03998	04095	04095	04095	04095	04095	04095	
04067	04095	03993	04095	04095	04095	04095	04095	04095	
04065	04095	03989	04095	04095	04095	04095	04095	04095	
04076	04095	03998	04095	04095	04095	04095	04095	04095	
04076	04095	03998	04095	04095	04095	04095	04095	04095	
04069	04095	03988	04095	04095	04095	04095	04095	04095	
04078	04095	03990	04095	04095	04095	04095	04095	04095	
04081	04095	03990	04095	04095	04095	04095	04095	04095	
04035	04095	03952	04095	04095	04095	04095	04081	04095	
03530	03858	03416	03698	03721	03878	04089	03554	03613	
02984	03592	02833	03266	03311	03627	04043	02987	03070	
02422	03318	02231	02828	02902	03367	03989	02408	02508	
01861	03039	01631	02390	02479	03104	03958	01826	01939	
01339	02758	01059	01948	02055	02842	03929	01257	01367	
01275	02704	00989	01899	02002	02792	03902	01200	01274	
01250	02677	00966	01883	01984	02776	03892	01182	01240	
01236	02661	00956	01873	01980	02769	03891	01175	01223	
01222	02645	00948	01862	01974	02763	03889	01170	01212	
01211	02629	00941	01853	01968	02757	03881	01164	01204	
01206	02625	00937	01851	01968	02755	03882	01163	01199	
01205	02625	00935	01850	01967	02754	03882	01161	01194	
01204	02619	00931	01846	01962	02750	03879	01158	01191	
01208	02618	00931	01847	01962	02750	03876	01157	01188	
01213	02626	00932	01853	01967	02753	03882	01159	01189	
01214	02627	00932	01853	01966	02753	03881	01158	01188	
01215	02628	00933	01853	01967	02754	03882	01157	01187	
01215	02635	00935	01856	01971	02757	03887	01160	01189	
01212	02637	00936	01855	01973	02758	03889	01161	01189	
01206	02631	00934	01851	01970	02754	03885	01161	01187	
01204	02629	00934	01852	01972	02755	03885	01161	01187	
01203	02627	00935	01852	01973	02754	03886	01162	01188	
01202	02621	00933	01848	01969	02753	03882	01160	01187	
01204	02619	00933	01849	01970	02753	03884	01160	01187	
01207	02622	00933	01851	01971	02755	03885	01160	01187	
01208	02619	00931	01848	01967	02753	03884	01159	01185	
01209	02617	00931	01847	01965	02752	03881	01159	01185	
01210	02620	00932	01850	01968	02753	03884	01161	01186	
01207	02619	00931	01848	01967	02752	03883	01160	01186	
01203	02615	00930	01846	01965	02750	03881	01158	01183	
01203	02619	00932	01848	01968	02751	03882	01160	01185	
01201	02620	00931	01847	01968	02750	03881	01158	01183	
01198	02618	00928	01843	01963	02747	03875	01156	01181	
01196	02619	00928	01842	01962	02745	03873	01154	01178	
01196	02624	00927	01842	01963	02746	03873	01154	01178	
01193	02619	00924	01837	01957	02742	03869	01152	01176	
01193	02617	00924	01836	01955	02742	03869	01153	01176	
01194	02618	00925	01838	01958	02743	03871	01152	01174	
01195	02616	00925	01836	01957	02742	03869	01152	01174	
01195	02611	00925	01835	01954	02740	03865	01151	01173	
01196	02615	00926	01837	01958	02743	03869	01152	01173	
01195	02615	00925	01837	01958	02742	03869	01150	01172	
01193	02611	00925	01836	01956	02742	03868	01152	01174	
01212	02638	00942	01866	01982	02779	03896	01173	01196	
01478	02914	01183	02249	02289	03051	03936	01464	01460	
01902	03208	01584	02699	02696	03320	03970	01909	01872	
02383	03505	02055	03151	03126	03590	04028	02414	02352	
02899	03803	02569	03603	03544	03860	04086	02954	02873	
03399	04073	03081	04026	03949	04095	04095	03486	03395	
03657	04095	03380	04095	04073	04095	04095	03756	03692	
03774	04095	03538	04095	04095	04095	04095	03886	03857	
03833	04095	03635	04095	04095	04095	04095	03961	03962	
03855	04095	03689	04095	04095	04095	04095	03999	04025	
03882	04095	03735	04095	04095	04095	04095	04035	04065	
03908	04095	03775	04095	04095	04095	04095	04063	04088	
03908	04095	03794	04095	04095	04095	04095	04073	04095	
03917	04095	03813	04095	04095	04095	04095	04081	04095	
03936	04095	03840	04095	04095	04095	04095	04091	04095	
03936	04095	03853	04095	04095	04095	04095	04093	04095	
03932	04095	03859	04095	04095	04095	04095	04093	04095	
03948	04095	03878	04095	04095	04095	04095	04095	04095	
03954	04095	03890	04095	04095	04095	04095	04095	04095	
03946	04095	03890	04095	04095	04095	04095	04095	04095	
03957	04095	03902	04095	04095	04095	04095	04095	04095	
03969	04095	03912	04095	04095	04095	04095	04095	04095	
03960	04095	03907	04095	04095	04095	04095	04095	04095	
03961	04095	03905	04095	04095	04095	04095	04095	04095	
03975	04095	03913	04095	04095	04095	04095	04095	04095	
03971	04095	03908	04095	04095	04095	04095	04095	04095	
03969	04095	03904	04095	04095	04095	04095	04095	04095	
03988	04095	03915	04095	04095	04095	04095	04095	04095	
03996	04095	03919	04095	04095	04095	04095	04095	04095	
03992	04095	03914	04095	04095	04095	04095	04095	04095	
04007	04095	03921	04095	04095	04095	04095	04095	04095	
04022	04095	03929	04095	04095	04095	04095	04095	04095	
04017	04095	03924	04095	04095	04095	04095	04095	04095	
04024	04095	03926	04095	04095	04095	04095	04095	04095	
04043	04095	03936	04095	04095	04095	04095	04095	04095	
04040	04095	03932	04095	04095	04095	04095	04095	04095	
04038	04095	03927	04095	04095	04095	04095	04095	04095	
04055	04095	03935	04095	04095	04095	04095	04095	04095	
04058	04095	03936	04095	04095	04095	04095	04095	04095	
04048	04095	03928	04095	04095	04095	04095	04095	04095	
04057	04095	03934	04095	04095	04095	04095	04095	04095	
04061	04095	03939	04095	04095	04095	04095	04095	04095	
04046	04095	03932	04095	04095	04095	04095	04095	04095	
04047	04095	03934	04095	04095	04095	04095	04095	04095	
04059	04095	03944	04095	04095	04095	04095	04095	04095	
04053	04095	03942	04095	04095	04095	04095	04095	04095	
04053	04095	03941	04095	04095	04095	04095	04095	04095	
04070	04095	03951	04095	04095	04095	04095	04095	04095	
04069	04095	03951	04095	04095	04095	04095	04095	04095	
04058	04095	03941	04095	04095	04095	04095	04095	04095	
04067	04095	03945	04095	04095	04095	04095	04095	04095	
04071	04095	03946	04095	04095	04095	04095	04095	04095	
04060	04095	03936	04095	04095	04095	04095	04095	04095	
04065	04095	03937	04095	04095	04095	04095	04095	04095	
04076	04095	03946	04095	04095	04095	04095	04095	04095	
03644	03913	03496	03744	03791	03946	04095	03642	03698	
03111	03657	02940	03313	03406	03720	04072	03094	03180	
02573	03395	02378	02882	03013	03493	04043	02537	02642	
02007	03102	01788	02429	02600	03238	03964	01963	02081	
01435	02796	01187	01971	02195	02975	03879	01383	01511	
01293	02681	01039	01865	02078	02860	03825	01252	01333	
01254	02645	00997	01836	02041	02820	03804	01216	01276	
01227	02613	00967	01807	02009	02781	03797	01187	01236	
01216	02615	00954	01799	02000	02770	03820	01177	01218	
01211	02629	00947	01795	01993	02765	03848	01170	01207	
01207	02629	00943	01791	01987	02761	03866	01167	01202	
01206	02627	00940	01789	01985	02760	03876	01165	01197	
01203	02618	00938	01788	01987	02758	03877	01163	01194	
01201	02602	00935	01785	01982	02754	03864	01161	01190	
01200	02593	00934	01784	01982	02752	03847	01162	01189	
01199	02594	00934	01784	01984	02753	03831	01162	01187	
01198	02595	00934	01783	01984	02753	03809	01162	01186	
01199	02603	00934	01783	01983	02753	03789	01164	01187	
01201	02619	00935	01787	01988	02756	03779	01166	01189	
01203	02628	00936	01788	01988	02757	03775	01167	01189	
01203	02627	00937	01789	01986	02755	03772	01166	01189	
01205	02629	00938	01791	01987	02756	03777	01167	01189	
01206	02631	00937	01792	01989	02757	03785	01167	01189	
01204	02623	00935	01789	01986	02755	03792	01163	01186	
01204	02609	00935	01789	01986	02755	03804	01163	01185	
01204	02603	00936	01791	01988	02758	03824	01164	01186	
01202	02597	00934	01788	01985	02755	03838	01162	01185	
01200	02593	00934	01785	01983	02753	03849	01161	01184	
01202	02601	00936	01788	01986	02756	03864	01163	01186	
01202	02615	00935	01788	01986	02756	03871	01163	01187	
01200	02621	00934	01785	01983	02753	03865	01162	01186	
01202	02626	00935	01787	01985	02755	03857	01164	01187	
01203	02629	00937	01789	01988	02759	03841	01165	01188	
01200	02619	00934	01784	01984	02754	03810	01162	01185	
01197	02609	00933	01782	01982	02753	03782	01161	01183	
01198	02606	00932	01783	01985	02753	03765	01161	01183	
01195	02601	00930	01779	01981	02749	03758	01158	01179	
01193	02598	00927	01776	01976	02745	03765	01155	01177	
01195	02606	00929	01779	01979	02747	03791	01158	01179	
01196	02613	00927	01778	01978	02747	03818	01158	01179	
01196	02613	00927	01775	01975	02746	03841	01157	01178	
01206	02623	00935	01788	01987	02761	03868	01168	01188	
01215	02632	00943	01799	01998	02775	03889	01178	01198	
01518	02925	01219	02215	02326	03042	03949	01502	01492	
01952	03220	01635	02680	02742	03313	04008	01957	01911	
02438	03519	02109	03144	03169	03583	04043	02466	02390	
02924	03806	02601	03596	03584	03839	04069	02987	02892	
03417	04094	03110	04049	03999	04095	04095	03519	03414	
03630	04095	03373	04095	04095	04095	04095	03752	03668	
03713	04095	03507	04095	04095	04095	04095	03860	03810	
03740	04095	03581	04095	04095	04095	04095	03913	03897	
03769	04095	03642	04095	04095	04095	04095	03959	03962	
03796	04095	03691	04095	04095	04095	04095	03997	04014	
03798	04095	03718	04095	04095	04095	04095	04012	04047	
03809	04095	03743	04095	04095	04095	04095	04029	04070	
03831	04095	03773	04095	04095	04095	04095	04053	04087	
03835	04095	03785	04095	04095	04095	04095	04061	04094	
03836	04095	03793	04095	04095	04095	04095	04063	04094	
03857	04095	03813	04095	04095	04095	04095	04077	04095	
03866	04095	03827	04095	04095	04095	04095	04085	04095	
03860	04095	03828	04095	04095	04095	04095	04081	04095	
03870	04095	03841	04095	04095	04095	04095	04086	04095	
03879	04095	03856	04095	04095	04095	04095	04091	04095	
03869	04095	03854	04095	04095	04095	04095	04091	04095	
03870	04095	03858	04095	04095	04095	04095	04091	04095	
03883	04095	03872	04095	04095	04095	04095	04095	04095	
03876	04095	03870	04095	04095	04095	04095	04094	04095	
03870	04095	03864	04095	04095	04095	04095	04093	04095	
03883	04095	03872	04095	04095	04095	04095	04093	04095	
03884	04095	03872	04095	04095	04095	04095	04093	04095	
03874	04095	03861	04095	04095	04095	04095	04091	04095	
03886	04095	03866	04095	04095	04095	04095	04092	04095	
03895	04095	03872	04095	04095	04095	04095	04093	04095	
03882	04095	03865	04095	04095	04095	04095	04092	04095	
03882	04095	03866	04095	04095	04095	04095	04092	04095	
03892	04095	03877	04095	04095	04095	04095	04094	04095	
03882	04095	03872	04095	04095	04095	04095	04094	04095	
03876	04095	03870	04095	04095	04095	04095	04094	04095	
03892	04095	03881	04095	04095	04095	04095	04095	04095	
03894	04095	03883	04095	04095	04095	04095	04095	04095	
03889	04095	03876	04095	04095	04095	04095	04095	04095	
03905	04095	03884	04095	04095	04095	04095	04095	04095	
03913	04095	03889	04095	04095	04095	04095	04095	04095	
03904	04095	03883	04095	04095	04095	04095	04095	04095	
03908	04095	03886	04095	04095	04095	04095	04095	04095	
03917	04095	03896	04095	04095	04095	04095	04095	04095	
03905	04095	03892	04095	04095	04095	04095	04095	04095	
03903	04095	03891	04095	04095	04095	04095	04095	04095	
03921	04095	03902	04095	04095	04095	04095	04095	04095	
03925	04095	03904	04095	04095	04095	04095	04095	04095	
03925	04095	03900	04095	04095	04095	04095	04095	04095	
03946	04095	03910	04095	04095	04095	04095	04095	04095	
03956	04095	03915	04095	04095	04095	04095	04095	04095	
03945	04095	03906	04095	04095	04095	04095	04095	04095	
03949	04095	03908	04095	04095	04095	04095	04095	04095	
03958	04095	03914	04095	04095	04095	04095	04095	04095	
03945	04095	03906	04095	04095	04095	04095	04095	04095	
03946	04095	03903	04095	04095	04095	04095	04095	04095	
03963	04095	03914	04095	04095	04095	04095	04095	04095	
03961	04095	03912	04095	04095	04095	04095	04095	04095	
03952	04095	03903	04095	04095	04095	04095	04095	04095	
03962	04095	03909	04095	04095	04095	04095	04095	04095	
03959	04095	03908	04095	04095	04095	04095	04095	04095	
03937	04095	03894	04095	04095	04095	04095	04095	04095	
03937	04095	03893	04095	04095	04095	04095	04095	04095	
03943	04095	03899	04095	04095	04095	04095	04095	04095	
03931	04095	03890	04095	04095	04095	04095	04095	04095	
03934	04095	03888	04095	04095	04095	04095	04095	04095	
03954	04095	03899	04095	04095	04095	04095	04095	04095	
03953	04095	03895	04095	04095	04095	04095	04095	04095	
03460	03771	03368	03666	03723	03870	04058	03562	03600	
03062	03567	02927	03421	03468	03844	04058	03135	03187	
02524	03193	02354	02967	03057	03587	03993	02560	02628	
01970	02811	01763	02508	02639	03324	03903	01979	02058	
01426	02431	01177	02051	02233	03060	03812	01397	01485	
01370	02386	01115	02020	02185	03020	03779	01346	01404	
01228	02233	00973	01805	02019	02781	03710	01188	01241	
01216	02256	00959	01800	02009	02771	03706	01179	01222	
01212	02288	00954	01800	02008	02769	03705	01174	01213	
01208	02306	00948	01795	02002	02764	03702	01171	01207	
01205	02297	00945	01794	02000	02762	03703	01169	01202	
01203	02269	00942	01792	01998	02760	03702	01168	01199	
01201	02233	00940	01789	01995	02758	03700	01166	01194	
01198	02194	00937	01786	01991	02755	03695	01164	01191	
01200	02173	00938	01789	01993	02756	03696	01165	01189	
01199	02178	00936	01787	01992	02754	03695	01164	01187	
01198	02199	00934	01784	01988	02751	03694	01161	01184	
01198	02228	00934	01785	01988	02752	03696	01161	01183	
01200	02255	00935	01786	01991	02754	03699	01161	01183	
01196	02262	00932	01782	01986	02751	03695	01159	01181	
01197	02250	00933	01783	01986	02750	03694	01159	01181	
01197	02227	00933	01784	01988	02750	03693	01161	01182	
01195	02196	00932	01781	01987	02748	03688	01159	01180	
01191	02167	00929	01776	01981	02744	03682	01157	01177	
01192	02159	00928	01777	01982	02744	03681	01156	01176	
01191	02164	00926	01775	01979	02742	03680	01155	01174	
01188	02173	00924	01771	01974	02739	03674	01152	01172	
01189	02187	00923	01773	01974	02738	03675	01151	01170	
01190	02195	00924	01775	01975	02740	03678	01152	01171	
01189	02191	00924	01772	01973	02738	03676	01150	01170	
01189	02181	00923	01772	01973	02738	03672	01149	01169	
01191	02170	00923	01774	01976	02742	03677	01150	01169	
01189	02155	00922	01771	01974	02740	03675	01150	01168	
01188	02150	00922	01770	01973	02739	03673	01150	01166	
01189	02156	00922	01773	01976	02741	03677	01152	01167	
01189	02162	00922	01772	01977	02740	03679	01153	01167	
01187	02163	00920	01769	01973	02738	03677	01152	01167	
01187	02164	00921	01771	01975	02739	03677	01153	01167	
01188	02161	00920	01771	01976	02740	03678	01153	01169	
01186	02152	00920	01769	01964	02738	03676	01154	01198	
01188	02149	00922	01772	01966	02741	03677	01155	01199	
01191	02151	00924	01774	01971	02744	03679	01157	01202	
01191	02156	00924	01774	01970	02745	03682	01158	01203	
01191	02161	00925	01774	01970	02745	03683	01158	01204	
01193	02169	00926	01777	01984	02749	03685	01158	01176	
01193	02169	00926	01777	01983	02748	03687	01158	01175	
01191	02165	00925	01776	01980	02746	03684	01156	01174	
01192	02160	00925	01779	01983	02747	03683	01156	01174	
01193	02155	00926	01780	01983	02747	03683	01156	01174	
01192	02153	00925	01778	01981	02746	03683	01156	01174	
01195	02157	00928	01782	01986	02751	03685	01159	01176	
01215	02188	00949	01814	02014	02787	03723	01182	01198	
01282	02284	01007	01903	02108	02898	03797	01255	01273	
01630	02670	01329	02349	02478	03167	03893	01626	01603	
02081	03057	01765	02813	02892	03437	03988	02098	02034	
02555	03441	02238	03272	03313	03702	04057	02602	02510	
03021	03800	02714	03705	03711	03937	04095	03102	02990	
03457	04093	03175	04077	04041	04095	04095	03573	03441	
03618	04095	03388	04095	04095	04095	04095	03753	03650	
03673	04095	03491	04095	04095	04095	04095	03831	03763	
03712	04095	03559	04095	04095	04095	04095	03884	03840	
03752	04095	03618	04095	04095	04095	04095	03930	03901	
03761	04095	03649	04095	04095	04095	04095	03950	03939	
03773	04095	03673	04095	04095	04095	04095	03965	03968	
03798	04095	03704	04095	04095	04095	04095	03991	04000	
03805	04095	03721	04095	04095	04095	04095	04003	04020	
03800	04095	03729	04095	04095	04095	04095	04004	04030	
03817	04095	03748	04095	04095	04095	04095	04020	04049	
03827	04095	03763	04095	04095	04095	04095	04032	04063	
03818	04095	03764	04095	04095	04095	04095	04028	04068	
03828	04095	03775	04095	04095	04095	04095	04036	04078	
03844	04095	03790	04095	04095	04095	04095	04049	04088	
03837	04095	03790	04095	04095	04095	04095	04045	04089	
03839	04095	03795	04095	04095	04095	04095	04049	04091	
03861	04095	03814	04095	04095	04095	04095	04064	04094	
03862	04095	03822	04095	04095	04095	04095	04067	04094	
03858	04095	03823	04095	04095	04095	04095	04066	04094	
03878	04095	03840	04095	04095	04095	04095	04078	04095	
03884	04095	03848	04095	04095	04095	04095	04085	04095	
03873	04095	03842	04095	04095	04095	04095	04080	04095	
03882	04095	03849	04095	04095	04095	04095	04084	04095	
03896	04095	03859	04095	04095	04095	04095	04090	04095	
03887	04095	03853	04095	04095	04095	04095	04086	04095	
03889	04095	03855	04095	04095	04095	04095	04086	04095	
03907	04095	03867	04095	04095	04095	04095	04090	04095	
03904	04095	03866	04095	04095	04095	04095	04090	04095	
03897	04095	03861	04095	04095	04095	04095	04088	04095	
03913	04095	03873	04095	04095	04095	04095	04092	04095	
03919	04095	03876	04095	04095	04095	04095	04092	04095	
03909	04095	03869	04095	04095	04095	04095	04092	04095	
03921	04095	03874	04095	04095	04095	04095	04092	04095	
03933	04095	03882	04095	04095	04095	04095	04094	04095	
03924	04095	03876	04095	04095	04095	04095	04094	04095	
03927	04095	03877	04095	04095	04095	04095	04094	04095	
03944	04095	03888	04095	04095	04095	04095	04094	04095	
03942	04095	03887	04095	04095	04095	04095	04094	04095	
03941	04095	03884	04095	04095	04095	04095	04094	04095	
03959	04095	03896	04095	04095	04095	04095	04095	04095	
03963	04095	03902	04095	04095	04095	04095	04095	04095	
03952	04095	03899	04095	04095	04095	04095	04095	04095	
03959	04095	03911	04095	04095	04095	04095	04095	04095	
03959	04095	03925	04095	04095	04095	04095	04095	04095	
03935	04095	03924	04095	04095	04095	04095	04095	04095	
03923	04095	03930	04095	04095	04095	04095	04095	04095	
03921	04095	03946	04095	04095	04095	04095	04095	04095	
03896	04095	03947	04095	04095	04095	04095	04095	04095	
03875	04095	03951	04095	04095	04095	04095	04095	04095	
03874	04095	03969	04095	04095	04095	04095	04095	04095	
03857	04095	03982	04095	04095	04095	04095	04095	04095	
03830	04095	03986	04095	04095	04095	04095	04095	04095	
03827	04095	04002	04095	04095	04095	04095	04095	04095	
03820	04095	04016	04095	04095	04095	04095	04095	04095	
03797	04095	04016	04095	04095	04095	04095	04095	04095	
03796	04095	04021	04095	04095	04095	04095	04095	04095	
03807	04095	04032	04095	04095	04095	04095	04095	04095	
03797	04095	04030	04095	04095	04095	04095	04095	04095	
03794	04095	04029	04095	04095	04095	04095	04095	04095	
03808	04095	04039	04095	04095	04095	04095	04095	04095	
03800	04095	04042	04095	04095	04095	04095	04095	04095	
03783	04095	04040	04095	04095	04095	04095	04095	04095	
03790	04095	04051	04095	04095	04095	04095	04095	04095	
03789	04095	04057	04095	04095	04095	04095	04095	04095	
03770	04095	04053	04095	04095	04095	04095	04095	04095	
03768	04095	04052	04095	04095	04095	04095	04095	04095	
03773	04095	04055	04095	04095	04095	04095	04095	04095	
03751	04095	04043	04095	04095	04095	04095	04095	04095	
03737	04095	04033	04095	04095	04095	04095	04095	04095	
03739	04095	04032	04095	04095	04095	04095	04095	04095	
03720	04095	04024	04095	04095	04095	04095	04095	04095	
03693	04095	04011	04095	04095	04095	04095	04095	04095	
03689	04095	04011	04095	04095	04095	04095	04095	04095	
03672	04095	04006	04095	04095	04095	04095	04095	04095	
03638	04095	03992	04095	04095	04095	04095	04095	04095	
03627	04095	03989	04095	04095	04095	04095	04095	04095	
