01655	02431	01178	02079	01644	03309	03244	01445	01809	
01660	02435	01180	02084	01647	03312	03250	01447	01813	
01658	02434	01179	02082	01646	03312	03250	01448	01812	
01654	02429	01176	02078	01644	03309	03247	01445	01809	
01659	02433	01178	02083	01647	03313	03249	01447	01812	
01660	02435	01178	02085	01649	03315	03248	01448	01814	
01656	02431	01176	02080	01646	03311	03242	01445	01811	
01658	02433	01178	02083	01647	03313	03243	01446	01812	
01663	02439	01180	02088	01643	03318	03248	01451	01842	
01661	02436	01180	02086	01641	03316	03249	01451	01840	
01660	02436	01182	02086	01641	03316	03249	01452	01842	
01665	02442	01184	02093	01647	03323	03256	01455	01847	
01666	02441	01184	02094	01648	03324	03257	01455	01847	
01662	02437	01184	02091	01655	03323	03254	01453	01820	
01666	02442	01185	02096	01659	03325	03258	01455	01823	
01667	02444	01185	02098	01660	03327	03261	01455	01823	
01663	02440	01184	02093	01657	03323	03257	01454	01821	
01665	02442	01186	02096	01660	03325	03259	01457	01823	
01670	02447	01187	02100	01662	03328	03261	01457	01825	
01667	02445	01187	02097	01660	03326	03258	01456	01824	
01667	02444	01187	02096	01661	03327	03259	01458	01824	
01672	02448	01189	02101	01664	03331	03263	01458	01826	
01670	02449	01190	02099	01663	03330	03263	01457	01826	
01667	02446	01190	02097	01662	03329	03262	01458	01825	
01670	02448	01191	02101	01664	03332	03263	01458	01827	
01671	02449	01190	02101	01663	03330	03259	01456	01826	
01664	02444	01188	02095	01659	03327	03256	01456	01822	
01664	02441	01185	02094	01657	03324	03254	01454	01820	
01666	02444	01185	02095	01658	03324	03255	01453	01821	
01662	02440	01183	02091	01655	03322	03253	01452	01818	
01660	02437	01182	02089	01653	03321	03254	01451	01816	
01665	02442	01184	02093	01657	03324	03258	01451	01819	
01665	02443	01185	02094	01658	03325	03260	01452	01820	
01661	02438	01183	02090	01654	03322	03256	01451	01817	
01663	02440	01184	02093	01656	03324	03258	01452	01818	
01665	02444	01185	02095	01659	03326	03258	01454	01821	
01661	02438	01183	02090	01654	03323	03255	01453	01819	
01661	02438	01183	02090	01654	03322	03254	01452	01819	
01666	02443	01185	02095	01657	03325	03258	01454	01822	
01663	02441	01183	02092	01654	03323	03256	01453	01820	
01662	02437	01182	02090	01653	03320	03255	01452	01819	
01666	02442	01184	02094	01656	03323	03257	01455	01822	
01667	02444	01186	02096	01657	03325	03259	01455	01823	
01664	02442	01187	02094	01656	03325	03258	01456	01823	
01669	02447	01189	02098	01660	03328	03263	01459	01828	
01673	02451	01192	02103	01663	03332	03265	01460	01831	
01670	02449	01193	02100	01664	03331	03263	01461	01831	
01671	02449	01192	02100	01665	03332	03265	01462	01832	
01675	02453	01193	02104	01668	03335	03267	01462	01833	
01672	02450	01193	02102	01667	03334	03263	01460	01831	
01669	02446	01191	02098	01665	03332	03260	01460	01828	
01692	02477	01213	02133	01689	03367	03301	01484	01852	
01706	02493	01227	02153	01703	03386	03320	01501	01869	
01983	02803	01537	02529	02080	03537	03498	01865	02150	
02335	03133	01948	02929	02540	03690	03657	02332	02504	
02712	03465	02409	03330	03024	03844	03817	02841	02893	
03059	03766	02865	03696	03479	03962	03935	03344	03270	
03421	04078	03350	04075	03953	04095	04095	03854	03669	
03530	04095	03558	04095	04052	04095	04095	04016	03817	
03557	04095	03661	04095	04081	04095	04095	04077	03895	
03555	04095	03719	04095	04086	04095	04095	04094	03944	
03572	04095	03771	04095	04095	04095	04095	04095	03987	
03582	04095	03810	04095	04095	04095	04095	04095	04017	
03570	04095	03827	04095	04095	04095	04095	04095	04032	
03581	04095	03850	04095	04095	04095	04095	04095	04049	
03606	04095	03877	04095	04095	04095	04095	04095	04067	
03606	04095	03887	04095	04095	04095	04095	04095	04074	
03612	04095	03896	04095	04095	04095	04095	04095	04080	
03638	04095	03915	04095	04095	04095	04095	04095	04089	
03643	04095	03924	04095	04095	04095	04095	04095	04093	
03636	04095	03925	04095	04095	04095	04095	04095	04093	
03654	04095	03937	04095	04095	04095	04095	04095	04095	
03667	04095	03948	04095	04095	04095	04095	04095	04095	
03659	04095	03946	04095	04095	04095	04095	04095	04095	
03668	04095	03952	04095	04095	04095	04095	04095	04095	
03693	04095	03968	04095	04095	04095	04095	04095	04095	
03690	04095	03971	04095	04095	04095	04095	04095	04095	
03689	04095	03974	04095	04095	04095	04095	04095	04095	
03713	04095	03990	04095	04095	04095	04095	04095	04095	
03718	04095	03998	04095	04095	04095	04095	04095	04095	
03705	04095	03993	04095	04095	04095	04095	04095	04095	
03718	04095	04002	04095	04095	04095	04095	04095	04095	
03730	04095	04011	04095	04095	04095	04095	04095	04095	
03717	04095	04007	04095	04095	04095	04095	04095	04095	
03718	04095	04009	04095	04095	04095	04095	04095	04095	
03737	04095	04020	04095	04095	04095	04095	04095	04095	
03729	04095	04019	04095	04095	04095	04095	04095	04095	
03720	04095	04016	04095	04095	04095	04095	04095	04095	
03736	04095	04024	04095	04095	04095	04095	04095	04095	
03738	04095	04027	04095	04095	04095	04095	04095	04095	
03721	04095	04021	04095	04095	04095	04095	04095	04095	
03730	04095	04026	04095	04095	04095	04095	04095	04095	
03739	04095	04030	04095	04095	04095	04095	04095	04095	
03721	04095	04020	04095	04095	04095	04095	04095	04095	
03716	04095	04016	04095	04095	04095	04095	04095	04095	
03730	04095	04021	04095	04095	04095	04095	04095	04095	
03719	04095	04014	04095	04095	04095	04095	04095	04095	
03707	04095	04007	04095	04095	04095	04095	04095	04095	
03721	04095	04014	04095	04095	04095	04095	04095	04095	
03724	04095	04016	04095	04095	04095	04095	04095	04095	
03707	04095	04008	04095	04095	04095	04095	04095	04095	
03714	04095	04011	04095	04095	04095	04095	04095	04095	
03727	04095	04018	04095	04095	04095	04095	04095	04095	
03713	04095	04012	04095	04095	04095	04095	04095	04095	
03710	04095	04010	04095	04095	04095	04095	04095	04095	
03728	04095	04019	04095	04095	04095	04095	04095	04095	
03722	04095	04018	04095	04095	04095	04095	04095	04095	
03709	04095	04013	04095	04095	04095	04095	04095	04095	
03725	04095	04022	04095	04095	04095	04095	04095	04095	
03734	04095	04031	04095	04095	04095	04095	04095	04095	
03721	04095	04030	04095	04095	04095	04095	04095	04095	
03728	04095	04036	04095	04095	04095	04095	04095	04095	
03743	04095	04049	04095	04095	04095	04095	04095	04095	
03731	04095	04048	04095	04095	04095	04095	04095	04095	
03723	04095	04045	04095	04095	04095	04095	04095	04095	
03740	04095	04054	04095	04095	04095	04095	04095	04095	
03740	04095	04056	04095	04095	04095	04095	04095	04095	
03729	04095	04050	04095	04095	04095	04095	04095	04095	
03745	04095	04056	04095	04095	04095	04095	04095	04095	
03756	04095	04063	04095	04095	04095	04095	04095	04095	
03742	04095	04057	04095	04095	04095	04095	04095	04095	
03744	04095	04057	04095	04095	04095	04095	04095	04095	
03762	04095	04067	04095	04095	04095	04095	04095	04095	
03751	04095	04064	04095	04095	04095	04095	04095	04095	
03743	04095	04061	04095	04095	04095	04095	04095	04095	
03757	04095	04065	04095	04095	04095	04095	04095	04095	
03752	04095	04064	04095	04095	04095	04095	04095	04095	
03731	04095	04051	04095	04095	04095	04095	04095	04095	
03737	04095	04050	04095	04095	04095	04095	04095	04095	
03743	04095	04051	04095	04095	04095	04095	04095	04095	
03726	04095	04042	04095	04095	04095	04095	04095	04095	
03727	04095	04041	04095	04095	04095	04095	04095	04095	
03745	04095	04050	04095	04095	04095	04095	04095	04095	
03734	04095	04047	04095	04095	04095	04095	04095	04095	
03723	04095	04042	04095	04095	04095	04095	04095	04095	
03739	04095	04048	04095	04095	04095	04095	04095	04095	
03739	04095	04050	04095	04095	04095	04095	04095	04095	
03723	04095	04042	04095	04095	04095	04095	04095	04095	
03732	04095	04044	04095	04095	04095	04095	04095	04095	
03745	04095	04050	04095	04095	04095	04095	04095	04095	
03731	04095	04045	04095	04095	04095	04095	04095	04095	
03727	04095	04043	04095	04095	04095	04095	04095	04095	
03745	04095	04054	04095	04095	04095	04095	04095	04095	
03741	04095	04057	04095	04095	04095	04095	04095	04095	
03731	04095	04054	04095	04095	04095	04095	04095	04095	
03747	04095	04064	04095	04095	04095	04095	04095	04095	
03755	04095	04071	04095	04095	04095	04095	04095	04095	
03739	04095	04065	04095	04095	04095	04095	04095	04095	
03745	04095	04067	04095	04095	04095	04095	04095	04095	
03760	04095	04075	04095	04095	04095	04095	04095	04095	
03747	04095	04070	04095	04095	04095	04095	04095	04095	
03743	04095	04067	04095	04095	04095	04095	04095	04095	
03763	04095	04075	04095	04095	04095	04095	04095	04095	
03759	04095	04077	04095	04095	04095	04095	04095	04095	
03747	04095	04073	04095	04095	04095	04095	04095	04095	
03763	04095	04080	04095	04095	04095	04095	04095	04095	
03774	04095	04087	04095	04095	04095	04095	04095	04095	
03763	04095	04087	04095	04095	04095	04095	04095	04095	
03771	04095	04089	04095	04095	04095	04095	04095	04095	
03790	04095	04095	04095	04095	04095	04095	04095	04095	
03782	04095	04095	04095	04095	04095	04095	04095	04095	
03774	04095	04094	04095	04095	04095	04095	04095	04095	
03788	04095	04094	04095	04095	04095	04095	04095	04095	
03784	04095	04094	04095	04095	04095	04095	04095	04095	
03766	04095	04088	04095	04095	04095	04095	04095	04095	
03773	04095	04088	04095	04095	04095	04095	04095	04095	
03783	04095	04089	04095	04095	04095	04095	04095	04095	
03767	04095	04085	04095	04095	04095	04095	04095	04095	
03771	04095	04085	04095	04095	04095	04095	04095	04095	
03517	03906	03703	03814	03780	04027	04094	03678	03848	
03138	03625	03174	03440	03357	03858	04008	03131	03471	
02741	03332	02621	03062	02920	03687	03915	02567	03066	
02346	03030	02059	02678	02474	03517	03787	01994	02641	
01935	02718	01491	02289	02033	03350	03645	01418	02205	
01784	02588	01312	02177	01891	03251	03519	01256	02011	
01748	02556	01271	02164	01863	03253	03491	01226	01947	
01730	02540	01248	02152	01850	03247	03476	01210	01910	
01716	02531	01230	02141	01842	03227	03472	01200	01889	
01712	02537	01213	02135	01850	03200	03487	01192	01880	
01716	02552	01199	02135	01866	03173	03510	01185	01876	
01711	02548	01186	02125	01869	03150	03518	01177	01869	
01707	02536	01179	02118	01866	03149	03518	01174	01864	
01710	02526	01177	02119	01866	03176	03519	01175	01863	
01709	02507	01175	02115	01852	03210	03510	01178	01859	
01703	02484	01173	02109	01835	03242	03498	01182	01854	
01703	02479	01173	02111	01829	03262	03492	01184	01852	
01704	02489	01173	02114	01829	03254	03492	01184	01850	
01698	02503	01169	02114	01828	03221	03490	01180	01842	
01697	02523	01168	02121	01835	03180	03495	01174	01834	
01700	02549	01166	02131	01844	03143	03503	01169	01827	
01697	02562	01164	02133	01844	03117	03507	01165	01820	
01694	02560	01163	02130	01842	03112	03501	01163	01815	
01697	02551	01163	02128	01842	03130	03498	01162	01816	
01695	02532	01162	02120	01835	03161	03493	01164	01820	
01689	02503	01159	02105	01822	03191	03482	01166	01822	
01689	02482	01158	02099	01817	03220	03477	01168	01826	
01690	02471	01157	02097	01815	03239	03480	01168	01827	
01687	02460	01154	02090	01813	03235	03481	01167	01826	
01686	02464	01152	02090	01819	03214	03484	01165	01825	
01691	02482	01154	02095	01834	03186	03493	01162	01827	
01690	02495	01152	02094	01840	03155	03494	01160	01826	
01686	02505	01150	02092	01841	03129	03492	01159	01824	
01689	02519	01152	02098	01845	03118	03493	01159	01826	
01690	02524	01152	02100	01840	03119	03493	01159	01825	
01685	02513	01150	02095	01829	03127	03485	01158	01821	
01686	02507	01152	02097	01827	03143	03486	01158	01821	
01690	02503	01154	02099	01828	03157	03489	01158	01822	
01686	02492	01152	02092	01823	03164	03486	01157	01821	
01686	02486	01153	02091	01818	03166	03487	01159	01847	
01693	02492	01155	02098	01830	03164	03495	01162	01852	
01694	02495	01155	02098	01839	03156	03496	01162	01853	
01692	02495	01156	02098	01844	03148	03497	01163	01853	
01699	02504	01160	02104	01852	03147	03502	01165	01856	
01701	02510	01159	02106	01861	03146	03505	01165	01832	
01694	02506	01157	02102	01852	03145	03503	01165	01829	
01701	02517	01164	02113	01855	03161	03516	01175	01839	
01730	02563	01186	02150	01905	03205	03545	01204	01881	
02034	02878	01540	02547	02285	03393	03675	01626	02195	
02385	03194	01977	02945	02716	03582	03806	02140	02567	
02772	03514	02460	03345	03171	03772	03916	02704	02975	
03148	03821	02958	03733	03614	03948	04014	03281	03391	
03497	04095	03452	04095	04015	04095	04095	03838	03785	
03577	04095	03633	04095	04084	04095	04095	04002	03918	
03612	04095	03744	04095	04095	04095	04095	04072	04000	
03601	04095	03806	04095	04095	04095	04095	04095	04046	
03594	04095	03848	04095	04095	04095	04095	04095	04073	
03607	04095	03887	04095	04095	04095	04095	04095	04090	
03603	04095	03909	04095	04095	04095	04095	04095	04095	
03598	04095	03922	04095	04095	04095	04095	04095	04095	
03625	04095	03942	04095	04095	04095	04095	04095	04095	
03648	04095	03960	04095	04095	04095	04095	04095	04095	
03653	04095	03965	04095	04095	04095	04095	04095	04095	
03678	04095	03978	04095	04095	04095	04095	04095	04095	
03706	04095	03994	04095	04095	04095	04095	04095	04095	
03705	04095	03999	04095	04095	04095	04095	04095	04095	
03708	04095	04003	04095	04095	04095	04095	04095	04095	
03730	04095	04017	04095	04095	04095	04095	04095	04095	
03730	04095	04022	04095	04095	04095	04095	04095	04095	
03721	04095	04020	04095	04095	04095	04095	04095	04095	
03737	04095	04028	04095	04095	04095	04095	04095	04095	
03747	04095	04034	04095	04095	04095	04095	04095	04095	
03733	04095	04031	04095	04095	04095	04095	04095	04095	
03742	04095	04037	04095	04095	04095	04095	04095	04095	
03763	04095	04051	04095	04095	04095	04095	04095	04095	
03757	04095	04053	04095	04095	04095	04095	04095	04095	
03755	04095	04056	04095	04095	04095	04095	04095	04095	
03777	04095	04071	04095	04095	04095	04095	04095	04095	
03779	04095	04075	04095	04095	04095	04095	04095	04095	
03767	04095	04072	04095	04095	04095	04095	04095	04095	
03780	04095	04081	04095	04095	04095	04095	04095	04095	
03790	04095	04088	04095	04095	04095	04095	04095	04095	
03777	04095	04086	04095	04095	04095	04095	04095	04095	
03781	04095	04089	04095	04095	04095	04095	04095	04095	
03803	04095	04093	04095	04095	04095	04095	04095	04095	
03801	04095	04093	04095	04095	04095	04095	04095	04095	
03803	04095	04093	04095	04095	04095	04095	04095	04095	
03829	04095	04095	04095	04095	04095	04095	04095	04095	
03838	04095	04095	04095	04095	04095	04095	04095	04095	
03793	04095	04062	04095	04073	04095	04095	04095	04095	
03513	03916	03658	03802	03757	03997	04087	03654	03827	
03138	03669	03132	03435	03358	03822	04018	03109	03453	
02748	03437	02601	03085	02969	03665	03971	02569	03073	
02342	03182	02035	02706	02554	03455	03875	02002	02650	
01972	02927	01482	02322	02169	03216	03781	01428	02207	
01842	02844	01293	02227	02061	03060	03714	01291	02015	
01803	02828	01221	02204	02038	02978	03707	01257	01923	
01765	02802	01154	02167	02005	02879	03680	01217	01838	
01749	02793	01123	02157	01994	02842	03679	01204	01794	
01738	02776	01120	02150	01986	02844	03672	01196	01769	
01734	02762	01131	02150	01983	02870	03666	01192	01760	
01732	02747	01147	02150	01977	02904	03661	01188	01758	
01723	02726	01160	02146	01966	02927	03651	01185	01752	
01719	02715	01168	02145	01963	02932	03646	01182	01746	
01721	02721	01159	02145	01966	02917	03649	01182	01741	
01716	02727	01139	02138	01964	02881	03649	01180	01732	
01713	02736	01117	02133	01966	02840	03652	01179	01723	
01717	02753	01098	02133	01972	02812	03656	01177	01718	
01720	02766	01086	02134	01974	02806	03661	01178	01721	
01722	02771	01092	02137	01976	02829	03660	01183	01735	
01735	02785	01115	02153	01988	02875	03667	01193	01763	
01748	02797	01139	02165	01996	02922	03669	01203	01792	
01756	02804	01161	02176	02003	02963	03673	01214	01819	
01765	02813	01174	02186	02012	02982	03681	01224	01835	
01773	02824	01174	02194	02020	02970	03693	01228	01834	
01769	02823	01158	02190	02019	02937	03699	01227	01818	
01767	02823	01144	02191	02023	02906	03712	01228	01803	
01765	02821	01129	02188	02024	02876	03716	01223	01784	
01758	02810	01120	02179	02019	02858	03708	01214	01766	
01745	02788	01120	02164	02004	02857	03693	01205	01751	
01739	02771	01129	02157	01994	02871	03678	01196	01743	
01732	02754	01138	02147	01982	02886	03660	01186	01735	
01721	02737	01147	02136	01967	02902	03645	01180	01733	
01713	02728	01150	02129	01957	02905	03633	01177	01730	
01713	02734	01144	02127	01956	02899	03632	01174	01729	
01709	02737	01127	02122	01951	02874	03630	01171	01724	
01703	02739	01108	02115	01946	02840	03628	01168	01715	
01706	02751	01091	02118	01951	02813	03637	01168	01707	
01709	02761	01079	02120	01955	02795	03644	01168	01703	
01705	02757	01074	02117	01953	02789	03642	01168	01700	
01707	02757	01082	02118	01955	02802	03645	01170	01701	
01711	02757	01096	02124	01959	02825	03647	01173	01706	
01707	02745	01110	02120	01953	02846	03639	01171	01708	
01707	02733	01124	02120	01951	02867	03633	01170	01711	
01709	02733	01137	02124	01954	02881	03635	01171	01715	
01709	02731	01139	02123	01953	02882	03633	01171	01716	
01705	02729	01130	02119	01949	02868	03631	01169	01713	
01708	02739	01117	02120	01952	02848	03637	01169	01712	
01709	02749	01101	02120	01953	02825	03641	01170	01709	
01707	02751	01086	02117	01942	02803	03643	01172	01731	
01709	02757	01078	02120	01944	02792	03648	01174	01731	
01718	02768	01080	02129	01953	02799	03657	01178	01737	
01725	02776	01093	02139	01962	02826	03668	01188	01749	
01740	02788	01121	02161	01981	02871	03689	01205	01773	
01763	02809	01151	02187	02016	02919	03712	01222	01775	
01788	02831	01186	02217	02041	02972	03741	01246	01806	
01808	02851	01217	02242	02062	03016	03767	01269	01835	
01818	02859	01225	02252	02069	03027	03776	01276	01845	
02095	03112	01518	02618	02401	03245	03859	01631	02124	
02423	03359	01922	02987	02783	03460	03938	02100	02483	
02775	03603	02369	03351	03183	03666	03987	02612	02877	
03150	03845	02851	03714	03587	03871	04035	03157	03297	
03527	04095	03363	04087	04000	04095	04095	03725	03743	
03631	04095	03592	04095	04079	04095	04095	03938	03919	
03693	04095	03723	04095	04091	04095	04095	04034	04011	
03725	04095	03808	04095	04095	04095	04095	04081	04062	
03722	04095	03855	04095	04095	04095	04095	04095	04085	
03733	04095	03892	04095	04095	04095	04095	04095	04095	
03753	04095	03928	04095	04095	04095	04095	04095	04095	
03748	04095	03945	04095	04095	04095	04095	04095	04095	
03747	04095	03957	04095	04095	04095	04095	04095	04095	
03771	04095	03981	04095	04095	04095	04095	04095	04095	
03777	04095	03995	04095	04095	04095	04095	04095	04095	
03770	04095	04002	04095	04095	04095	04095	04095	04095	
03785	04095	04015	04095	04095	04095	04095	04095	04095	
03797	04095	04030	04095	04095	04095	04095	04095	04095	
03785	04095	04032	04095	04095	04095	04095	04095	04095	
03787	04095	04038	04095	04095	04095	04095	04095	04095	
03804	04095	04052	04095	04095	04095	04095	04095	04095	
03796	04095	04055	04095	04095	04095	04095	04095	04095	
03788	04095	04053	04095	04095	04095	04095	04095	04095	
03805	04095	04064	04095	04095	04095	04095	04095	04095	
03809	04095	04069	04095	04095	04095	04095	04095	04095	
03799	04095	04069	04095	04095	04095	04095	04095	04095	
03815	04095	04075	04095	04095	04095	04095	04095	04095	
03831	04095	04085	04095	04095	04095	04095	04095	04095	
03823	04095	04088	04095	04095	04095	04095	04095	04095	
03829	04095	04092	04095	04095	04095	04095	04095	04095	
03848	04095	04095	04095	04095	04095	04095	04095	04095	
03844	04095	04095	04095	04095	04095	04095	04095	04095	
03839	04095	04095	04095	04095	04095	04095	04095	04095	
03858	04095	04095	04095	04095	04095	04095	04095	04095	
03867	04095	04095	04095	04095	04095	04095	04095	04095	
03862	04095	04095	04095	04095	04095	04095	04095	04095	
03878	04095	04095	04095	04095	04095	04095	04095	04095	
03898	04095	04095	04095	04095	04095	04095	04095	04095	
03892	04095	04095	04095	04095	04095	04095	04095	04095	
03890	04095	04095	04095	04095	04095	04095	04095	04095	
03904	04095	04095	04095	04095	04095	04095	04095	04095	
03893	04095	04095	04095	04095	04095	04095	04095	04095	
03874	04095	04094	04095	04095	04095	04095	04095	04095	
03879	04095	04094	04095	04095	04095	04095	04095	04095	
03881	04095	04094	04095	04095	04095	04095	04095	04095	
03864	04095	04093	04095	04095	04095	04095	04095	04095	
03869	04095	04093	04095	04095	04095	04095	04095	04095	
03885	04095	04093	04095	04095	04095	04095	04095	04095	
03874	04095	04093	04095	04095	04095	04095	04095	04095	
03867	04095	04093	04095	04095	04095	04095	04095	04095	
03881	04095	04094	04095	04095	04095	04095	04095	04095	
03873	04095	04094	04095	04095	04095	04095	04095	04095	
03857	04095	04094	04095	04095	04095	04095	04095	04095	
03869	04095	04095	04095	04095	04095	04095	04095	04095	
03878	04095	04095	04095	04095	04095	04095	04095	04095	
03866	04095	04094	04095	04095	04095	04095	04095	04095	
03873	04095	04094	04095	04095	04095	04095	04095	04095	
03891	04095	04094	04095	04095	04095	04095	04095	04095	
03887	04095	04094	04095	04095	04095	04095	04095	04095	
03883	04095	04094	04095	04095	04095	04095	04095	04095	
03861	04095	04065	04095	04092	04095	04095	04095	04095	
03474	03860	03485	03725	03730	03859	04019	03551	03671	
03050	03605	02878	03340	03337	03605	03951	02982	03194	
02645	03368	02276	02975	02961	03372	03903	02421	02709	
02234	03127	01667	02605	02581	03131	03850	01856	02208	
01844	02880	01083	02230	02201	02886	03772	01287	01697	
01811	02870	01046	02225	02195	02876	03770	01261	01606	
01810	02881	01038	02237	02205	02884	03785	01261	01568	
01795	02869	01024	02225	02194	02868	03773	01250	01539	
01785	02859	01017	02218	02187	02861	03767	01243	01529	
01785	02861	01014	02218	02187	02860	03766	01241	01538	
01782	02857	01010	02215	02181	02857	03762	01238	01550	
01774	02847	01006	02206	02170	02850	03752	01233	01561	
01772	02845	01002	02204	02167	02847	03752	01231	01569	
01771	02845	00999	02202	02163	02844	03749	01229	01567	
01761	02834	00993	02192	02151	02835	03740	01222	01546	
01754	02829	00987	02185	02147	02829	03735	01217	01520	
01754	02832	00985	02187	02151	02829	03734	01216	01497	
01750	02829	00984	02184	02149	02827	03729	01214	01480	
01747	02825	00982	02182	02148	02826	03726	01213	01472	
01753	02832	00984	02188	02156	02829	03731	01216	01478	
01755	02834	00986	02191	02158	02831	03733	01217	01489	
01754	02831	00986	02189	02156	02832	03731	01218	01501	
01757	02834	00988	02192	02161	02834	03734	01219	01509	
01760	02838	00989	02194	02164	02833	03737	01220	01513	
01755	02832	00987	02189	02159	02831	03733	01218	01510	
01754	02830	00986	02188	02159	02830	03731	01216	01502	
01757	02835	00985	02191	02164	02830	03735	01217	01491	
01754	02833	00984	02189	02160	02828	03734	01217	01480	
01750	02829	00983	02185	02156	02827	03731	01214	01467	
01752	02833	00983	02188	02158	02828	03733	01215	01463	
01755	02837	00984	02190	02147	02831	03737	01218	01495	
01756	02838	00990	02193	02146	02837	03742	01223	01509	
01752	02831	00985	02186	02140	02829	03734	01218	01518	
01750	02828	00980	02181	02134	02821	03728	01213	01527	
01750	02827	00982	02182	02134	02824	03730	01216	01540	
01752	02829	00984	02185	02148	02827	03733	01218	01517	
01754	02831	00983	02186	02153	02825	03732	01216	01510	
01756	02835	00986	02188	02157	02829	03736	01219	01500	
01763	02843	00994	02200	02168	02846	03748	01229	01497	
02031	03095	01272	02555	02480	03095	03831	01552	01768	
02379	03343	01695	02932	02853	03343	03912	02014	02162	
02742	03590	02173	03308	03236	03592	03970	02527	02613	
03131	03845	02692	03693	03629	03850	04036	03076	03108	
03523	04095	03234	04070	04016	04095	04095	03641	03619	
03639	04095	03515	04095	04094	04095	04095	03889	03861	
03671	04095	03657	04095	04094	04095	04095	03998	03982	
03699	04095	03756	04095	04095	04095	04095	04058	04050	
03701	04095	03818	04095	04095	04095	04095	04086	04084	
03690	04095	03854	04095	04095	04095	04095	04093	04095	
03704	04095	03888	04095	04095	04095	04095	04095	04095	
03721	04095	03917	04095	04095	04095	04095	04095	04095	
03717	04095	03930	04095	04095	04095	04095	04095	04095	
03728	04095	03947	04095	04095	04095	04095	04095	04095	
03754	04095	03971	04095	04095	04095	04095	04095	04095	
03757	04095	03983	04095	04095	04095	04095	04095	04095	
03757	04095	03990	04095	04095	04095	04095	04095	04095	
03777	04095	04008	04095	04095	04095	04095	04095	04095	
03785	04095	04019	04095	04095	04095	04095	04095	04095	
03773	04095	04020	04095	04095	04095	04095	04095	04095	
03782	04095	04028	04095	04095	04095	04095	04095	04095	
03793	04095	04040	04095	04095	04095	04095	04095	04095	
03782	04095	04037	04095	04095	04095	04095	04095	04095	
03781	04095	04038	04095	04095	04095	04095	04095	04095	
03798	04095	04048	04095	04095	04095	04095	04095	04095	
03799	04095	04053	04095	04095	04095	04095	04095	04095	
03797	04095	04053	04095	04095	04095	04095	04095	04095	
03819	04095	04066	04095	04095	04095	04095	04095	04095	
03835	04095	04078	04095	04095	04095	04095	04095	04095	
03833	04095	04078	04095	04095	04095	04095	04095	04095	
03848	04095	04081	04095	04095	04095	04095	04095	04095	
03870	04095	04087	04095	04095	04095	04095	04095	04095	
03869	04095	04080	04095	04095	04095	04095	04095	04095	
03872	04095	04072	04095	04095	04095	04095	04095	04095	
03894	04095	04074	04095	04095	04095	04095	04095	04095	
03897	04095	04070	04095	04095	04095	04095	04095	04095	
03891	04095	04063	04095	04095	04095	04095	04095	04095	
03903	04095	04068	04095	04095	04095	04095	04095	04095	
03910	04095	04074	04095	04095	04095	04095	04095	04095	
03895	04095	04071	04095	04095	04095	04095	04095	04095	
03897	04095	04073	04095	04095	04095	04095	04095	04095	
03908	04095	04080	04095	04095	04095	04095	04095	04095	
03898	04095	04071	04095	04095	04095	04095	04095	04095	
03891	04095	04060	04095	04095	04095	04095	04095	04095	
03907	04095	04061	04095	04095	04095	04095	04095	04095	
03906	04095	04057	04095	04095	04095	04095	04095	04095	
03893	04095	04047	04095	04095	04095	04095	04095	04095	
03903	04095	04053	04095	04095	04095	04095	04095	04095	
03910	04095	04062	04095	04095	04095	04095	04095	04095	
03894	04095	04058	04095	04095	04095	04095	04095	04095	
03894	04095	04061	04095	04095	04095	04095	04095	04095	
03909	04095	04071	04095	04095	04095	04095	04095	04095	
03902	04095	04068	04095	04095	04095	04095	04095	04095	
03899	04095	04060	04095	04095	04095	04095	04095	04095	
03919	04095	04065	04095	04095	04095	04095	04095	04095	
03925	04095	04063	04095	04095	04095	04095	04095	04095	
03915	04095	04052	04095	04095	04095	04095	04095	04095	
03925	04095	04054	04095	04095	04095	04095	04095	04095	
03937	04095	04065	04095	04095	04095	04095	04095	04095	
03889	04095	04031	04095	04087	04095	04095	04093	04095	
03476	03878	03481	03741	03742	03876	04031	03568	03616	
03059	03677	02919	03406	03420	03681	03998	03040	03118	
02592	03432	02319	03028	03038	03431	03940	02473	02571	
02108	03175	01699	02639	02646	03169	03870	01894	02007	
01671	02921	01118	02253	02262	02908	03802	01316	01439	
01600	02880	01047	02215	02211	02860	03770	01258	01345	
01539	02819	00991	02156	02145	02786	03705	01202	01268	
01519	02805	00971	02143	02129	02768	03688	01184	01239	
01515	02803	00962	02139	02125	02763	03684	01177	01226	
01513	02793	00954	02132	02114	02756	03678	01171	01216	
01516	02789	00951	02130	02111	02754	03678	01169	01211	
01523	02791	00949	02131	02114	02754	03681	01168	01207	
01521	02787	00946	02126	02110	02752	03682	01166	01203	
01516	02781	00943	02121	02106	02750	03682	01165	01201	
01511	02784	00942	02119	02110	02750	03682	01165	01199	
01501	02784	00939	02112	02107	02746	03677	01162	01195	
01488	02775	00934	02105	02099	02741	03668	01159	01191	
01483	02774	00932	02106	02099	02739	03665	01158	01189	
01483	02777	00931	02108	02101	02737	03661	01156	01186	
01479	02771	00928	02108	02094	02733	03656	01153	01183	
01479	02769	00929	02110	02093	02732	03654	01152	01181	
01483	02775	00931	02115	02098	02734	03657	01154	01182	
01484	02774	00931	02114	02096	02734	03657	01154	01182	
01482	02771	00931	02113	02092	02734	03659	01155	01181	
01485	02775	00932	02115	02097	02736	03662	01155	01181	
01486	02778	00932	02114	02099	02738	03665	01156	01182	
01482	02774	00931	02105	02094	02738	03664	01156	01182	
01481	02774	00930	02100	02095	02738	03667	01156	01182	
01482	02776	00930	02099	02097	02738	03668	01156	01181	
01479	02770	00928	02094	02092	02735	03665	01154	01180	
01478	02766	00927	02095	02090	02733	03662	01153	01179	
01483	02771	00929	02105	02086	02735	03665	01155	01209	
01485	02773	00931	02111	02086	02736	03665	01156	01210	
01485	02771	00932	02113	02086	02736	03661	01155	01211	
01489	02778	00935	02119	02093	02741	03664	01158	01213	
01492	02783	00937	02123	02096	02743	03668	01161	01215	
01487	02779	00935	02119	02102	02741	03666	01159	01186	
01486	02779	00936	02119	02104	02742	03664	01159	01185	
01486	02783	00936	02120	02108	02743	03668	01161	01186	
01483	02780	00935	02116	02103	02741	03665	01160	01185	
01481	02777	00933	02113	02102	02740	03664	01160	01185	
01485	02781	00934	02115	02106	02742	03667	01159	01184	
01485	02781	00933	02114	02105	02742	03667	01158	01184	
01487	02777	00933	02110	02101	02741	03665	01157	01183	
01490	02779	00934	02111	02105	02743	03672	01158	01184	
01492	02782	00935	02109	02107	02744	03676	01157	01183	
01489	02778	00934	02104	02103	02743	03675	01158	01184	
01490	02780	00937	02106	02105	02746	03678	01161	01186	
01501	02797	00945	02122	02118	02764	03694	01172	01197	
01750	03045	01184	02461	02399	03034	03766	01459	01460	
02123	03306	01594	02860	02776	03303	03861	01910	01876	
02550	03571	02078	03260	03167	03575	03959	02427	02364	
02987	03832	02591	03655	03565	03842	04033	02969	02889	
03417	04080	03117	04037	03954	04095	04095	03516	03428	
03622	04095	03430	04095	04073	04095	04095	03801	03733	
03713	04095	03591	04095	04095	04095	04095	03935	03898	
03744	04095	03681	04095	04095	04095	04095	04002	03993	
03766	04095	03743	04095	04095	04095	04095	04045	04049	
03797	04095	03797	04095	04095	04095	04095	04075	04082	
03804	04095	03831	04095	04095	04095	04095	04088	04095	
03801	04095	03852	04095	04095	04095	04095	04091	04095	
03818	04095	03879	04095	04095	04095	04095	04095	04095	
03829	04095	03900	04095	04095	04095	04095	04095	04095	
03819	04095	03909	04095	04095	04095	04095	04095	04095	
03826	04095	03924	04095	04095	04095	04095	04095	04095	
03843	04095	03947	04095	04095	04095	04095	04095	04095	
03841	04095	03959	04095	04095	04095	04095	04095	04095	
03841	04095	03969	04095	04095	04095	04095	04095	04095	
03864	04095	03988	04095	04095	04095	04095	04095	04095	
03869	04095	04000	04095	04095	04095	04095	04095	04095	
03863	04095	04000	04095	04095	04095	04095	04095	04095	
03877	04095	04011	04095	04095	04095	04095	04095	04095	
03889	04095	04022	04095	04095	04095	04095	04095	04095	
03881	04095	04021	04095	04095	04095	04095	04095	04095	
03888	04095	04025	04095	04095	04095	04095	04095	04095	
03906	04095	04037	04095	04095	04095	04095	04095	04095	
03902	04095	04035	04095	04095	04095	04095	04095	04095	
03898	04095	04032	04095	04095	04095	04095	04095	04095	
03915	04095	04041	04095	04095	04095	04095	04095	04095	
03917	04095	04044	04095	04095	04095	04095	04095	04095	
03906	04095	04036	04095	04095	04095	04095	04095	04095	
03913	04095	04039	04095	04095	04095	04095	04095	04095	
03920	04095	04039	04095	04095	04095	04095	04095	04095	
03904	04095	04024	04095	04095	04095	04095	04095	04095	
03901	04095	04014	04095	04095	04095	04095	04095	04095	
03913	04095	04014	04095	04095	04095	04095	04095	04095	
03905	04095	04005	04095	04095	04095	04095	04095	04095	
03898	04095	03997	04095	04095	04095	04095	04095	04095	
03913	04095	04005	04095	04095	04095	04095	04095	04095	
03917	04095	04011	04095	04095	04095	04095	04095	04095	
03907	04095	04007	04095	04095	04095	04095	04095	04095	
03918	04095	04011	04095	04095	04095	04095	04095	04095	
03934	04095	04018	04095	04095	04095	04095	04095	04095	
03928	04095	04009	04095	04095	04095	04095	04095	04095	
03932	04095	04002	04095	04095	04095	04095	04095	04095	
03951	04095	04007	04095	04095	04095	04095	04095	04095	
03615	03978	03628	03846	03892	04013	04095	03723	03781	
03136	03767	03086	03484	03554	03811	04072	03201	03295	
02638	03521	02505	03085	03180	03564	04016	02637	02753	
02126	03259	01910	02676	02791	03304	03948	02061	02193	
01588	02984	01297	02250	02396	03037	03851	01480	01624	
01381	02820	01063	02073	02216	02851	03756	01268	01363	
01311	02748	00993	02006	02158	02784	03705	01205	01273	
01267	02705	00968	01971	02134	02761	03686	01184	01238	
01231	02679	00956	01945	02125	02750	03678	01173	01218	
01211	02679	00951	01942	02124	02747	03678	01168	01207	
01203	02690	00945	01936	02118	02742	03675	01165	01201	
01201	02707	00941	01932	02112	02739	03670	01163	01196	
01205	02733	00939	01938	02113	02739	03668	01161	01193	
01211	02759	00939	01943	02111	02739	03668	01160	01191	
01214	02770	00937	01940	02106	02737	03665	01159	01189	
01215	02777	00937	01939	02107	02738	03665	01159	01188	
01214	02781	00937	01936	02110	02738	03668	01159	01186	
01207	02773	00935	01929	02106	02736	03666	01157	01184	
01201	02754	00934	01924	02106	02735	03664	01157	01183	
01195	02735	00933	01923	02108	02734	03664	01156	01182	
01190	02708	00931	01921	02105	02731	03660	01153	01179	
01188	02678	00929	01923	02101	02727	03653	01152	01177	
01190	02660	00929	01930	02104	02728	03655	01153	01176	
01193	02651	00928	01935	02104	02727	03656	01151	01175	
01199	02646	00928	01938	02101	02726	03655	01152	01175	
01210	02654	00932	01945	02107	02733	03660	01156	01180	
01219	02671	00935	01952	02115	02741	03669	01161	01184	
01220	02683	00936	01951	02113	02742	03670	01162	01185	
01217	02700	00936	01951	02114	02744	03668	01163	01187	
01213	02723	00937	01950	02118	02746	03672	01165	01188	
01204	02738	00934	01937	02112	02741	03667	01161	01184	
01195	02746	00931	01921	02105	02735	03662	01157	01180	
01192	02757	00931	01915	02106	02734	03660	01156	01179	
01191	02765	00930	01914	02106	02734	03662	01155	01177	
01192	02763	00930	01915	02104	02735	03660	01156	01178	
01197	02762	00933	01928	02098	02739	03664	01160	01210	
01204	02759	00936	01943	02106	02745	03670	01164	01214	
01210	02748	00940	01955	02112	02753	03677	01168	01219	
01214	02728	00944	01959	02115	02756	03678	01172	01224	
01218	02712	00946	01964	02121	02759	03684	01174	01226	
01214	02692	00944	01959	02128	02756	03681	01170	01194	
01209	02672	00943	01954	02124	02753	03675	01167	01192	
01207	02667	00943	01954	02126	02753	03677	01168	01192	
01205	02673	00942	01954	02127	02753	03677	01167	01191	
01200	02680	00940	01948	02120	02747	03670	01164	01187	
01201	02699	00940	01948	02120	02747	03670	01164	01188	
01201	02727	00939	01948	02122	02747	03673	01165	01187	
01197	02742	00935	01937	02113	02739	03668	01160	01182	
01206	02771	00943	01944	02122	02759	03687	01172	01193	
01382	02995	01105	02218	02348	03032	03788	01366	01373	
01777	03264	01491	02650	02736	03304	03888	01795	01763	
02227	03527	01948	03081	03134	03575	03963	02289	02230	
02706	03792	02448	03516	03534	03847	04039	02820	02739	
03188	04042	02966	03936	03920	04095	04095	03360	03265	
03500	04095	03348	04095	04094	04095	04095	03726	03639	
03596	04095	03519	04095	04095	04095	04095	03868	03818	
03649	04095	03630	04095	04095	04095	04095	03956	03933	
03666	04095	03700	04095	04095	04095	04095	04008	04007	
03669	04095	03744	04095	04095	04095	04095	04036	04050	
03693	04095	03788	04095	04095	04095	04095	04064	04079	
03713	04095	03822	04095	04095	04095	04095	04081	04093	
03717	04095	03838	04095	04095	04095	04095	04085	04095	
03737	04095	03856	04095	04095	04095	04095	04090	04095	
03767	04095	03879	04095	04095	04095	04095	04095	04095	
03774	04095	03885	04095	04095	04095	04095	04095	04095	
03785	04095	03890	04095	04095	04095	04095	04095	04095	
03814	04095	03906	04095	04095	04095	04095	04095	04095	
03827	04095	03913	04095	04095	04095	04095	04095	04095	
03828	04095	03914	04095	04095	04095	04095	04095	04095	
03851	04095	03928	04095	04095	04095	04095	04095	04095	
03869	04095	03944	04095	04095	04095	04095	04095	04095	
03865	04095	03946	04095	04095	04095	04095	04095	04095	
03873	04095	03957	04095	04095	04095	04095	04095	04095	
03892	04095	03974	04095	04095	04095	04095	04095	04095	
03885	04095	03977	04095	04095	04095	04095	04095	04095	
03881	04095	03976	04095	04095	04095	04095	04095	04095	
03897	04095	03989	04095	04095	04095	04095	04095	04095	
03901	04095	03993	04095	04095	04095	04095	04095	04095	
03891	04095	03985	04095	04095	04095	04095	04095	04095	
03900	04095	03985	04095	04095	04095	04095	04095	04095	
03907	04095	03984	04095	04095	04095	04095	04095	04095	
03891	04095	03968	04095	04095	04095	04095	04095	04095	
03888	04095	03959	04095	04095	04095	04095	04095	04095	
03900	04095	03963	04095	04095	04095	04095	04095	04095	
03898	04095	03958	04095	04095	04095	04095	04095	04095	
03894	04095	03953	04095	04095	04095	04095	04095	04095	
03910	04095	03962	04095	04095	04095	04095	04095	04095	
03916	04095	03965	04095	04095	04095	04095	04095	04095	
03903	04095	03953	04095	04095	04095	04095	04095	04095	
03905	04095	03952	04095	04095	04095	04095	04095	04095	
03911	04095	03956	04095	04095	04095	04095	04095	04095	
03897	04095	03945	04095	04095	04095	04095	04095	04095	
03891	04095	03939	04095	04095	04095	04095	04095	04095	
03905	04095	03949	04095	04095	04095	04095	04095	04095	
03904	04095	03949	04095	04095	04095	04095	04095	04095	
03898	04095	03946	04095	04095	04095	04095	04095	04095	
03917	04095	03957	04095	04095	04095	04095	04095	04095	
03926	04095	03963	04095	04095	04095	04095	04095	04095	
03913	04095	03955	04095	04095	04095	04095	04095	04095	
03916	04095	03956	04095	04095	04095	04095	04095	04095	
03928	04095	03961	04095	04095	04095	04095	04095	04095	
03916	04095	03953	04095	04095	04095	04095	04095	04095	
03915	04095	03951	04095	04095	04095	04095	04095	04095	
03935	04095	03964	04095	04095	04095	04095	04095	04095	
03940	04095	03969	04095	04095	04095	04095	04095	04095	
03935	04095	03970	04095	04095	04095	04095	04095	04095	
03951	04095	03983	04095	04095	04095	04095	04095	04095	
03956	04095	03992	04095	04095	04095	04095	04095	04095	
03939	04095	03985	04095	04095	04095	04095	04095	04095	
03896	04095	03943	04095	04095	04095	04095	04068	04091	
03382	03811	03376	03651	03741	03847	04015	03512	03566	
02851	03538	02795	03210	03370	03605	03959	02950	03025	
02313	03255	02199	02759	02987	03348	03896	02376	02466	
01791	02988	01616	02320	02615	03106	03847	01810	01910	
01300	02719	01065	01879	02239	02862	03773	01268	01356	
01280	02727	01037	01876	02223	02858	03772	01251	01317	
01268	02725	01020	01873	02215	02852	03774	01240	01294	
01266	02722	01015	01874	02215	02854	03776	01238	01286	
01252	02689	01002	01859	02197	02836	03757	01226	01269	
01238	02648	00986	01841	02182	02815	03737	01211	01250	
01233	02622	00979	01837	02178	02809	03731	01205	01241	
01224	02600	00970	01824	02166	02797	03717	01197	01230	
01220	02597	00965	01820	02161	02792	03712	01193	01224	
01221	02617	00965	01823	02165	02795	03716	01193	01223	
01224	02645	00967	01828	02168	02801	03722	01196	01226	
01222	02662	00965	01826	02164	02798	03719	01195	01225	
01225	02678	00966	01829	02168	02801	03724	01197	01226	
01226	02686	00968	01833	02170	02804	03727	01199	01228	
01224	02682	00966	01829	02166	02802	03726	01197	01225	
01218	02665	00960	01819	02156	02788	03714	01190	01216	
01213	02644	00956	01812	02151	02780	03707	01184	01209	
01203	02605	00946	01797	02137	02762	03690	01172	01197	
01191	02566	00934	01781	02120	02742	03668	01159	01182	
01182	02544	00927	01770	02112	02726	03652	01149	01172	
01178	02540	00924	01766	02107	02721	03648	01145	01168	
01175	02546	00920	01761	02089	02714	03642	01142	01192	
01176	02570	00921	01762	02090	02715	03643	01143	01193	
01177	02595	00923	01764	02093	02717	03646	01144	01194	
01177	02606	00923	01763	02089	02716	03648	01144	01194	
01179	02613	00923	01764	02092	02718	03649	01145	01195	
01179	02614	00924	01765	02105	02720	03651	01145	01166	
01178	02603	00923	01764	02104	02718	03648	01144	01164	
01177	02585	00922	01763	02103	02718	03646	01144	01164	
01182	02577	00926	01770	02114	02727	03654	01148	01168	
01194	02583	00938	01788	02130	02749	03675	01162	01182	
01204	02588	00948	01801	02143	02765	03689	01173	01193	
01210	02597	00953	01809	02153	02776	03701	01179	01199	
01239	02649	00977	01843	02212	02819	03731	01211	01239	
01521	02944	01239	02245	02516	03086	03803	01521	01521	
01932	03234	01643	02694	02900	03339	03885	01963	01926	
02398	03527	02118	03146	03273	03598	03973	02468	02399	
02874	03823	02621	03605	03665	03863	04043	02998	02907	
03327	04084	03120	04037	04006	04095	04095	03510	03399	
03535	04095	03398	04095	04095	04095	04095	03758	03663	
03607	04095	03538	04095	04095	04095	04095	03870	03804	
03619	04095	03613	04095	04095	04095	04095	03922	03888	
03632	04095	03670	04095	04095	04095	04095	03964	03950	
03653	04095	03720	04095	04095	04095	04095	04002	04003	
03651	04095	03748	04095	04095	04095	04095	04019	04037	
03654	04095	03770	04095	04095	04095	04095	04033	04063	
03679	04095	03799	04095	04095	04095	04095	04055	04082	
03687	04095	03816	04095	04095	04095	04095	04066	04091	
03687	04095	03822	04095	04095	04095	04095	04068	04093	
03710	04095	03838	04095	04095	04095	04095	04079	04095	
03728	04095	03853	04095	04095	04095	04095	04087	04095	
03725	04095	03853	04095	04095	04095	04095	04087	04095	
03737	04095	03861	04095	04095	04095	04095	04090	04095	
03758	04095	03877	04095	04095	04095	04095	04094	04095	
03757	04095	03878	04095	04095	04095	04095	04094	04095	
03760	04095	03882	04095	04095	04095	04095	04094	04095	
03782	04095	03899	04095	04095	04095	04095	04095	04095	
03788	04095	03908	04095	04095	04095	04095	04095	04095	
03780	04095	03908	04095	04095	04095	04095	04095	04095	
03793	04095	03921	04095	04095	04095	04095	04095	04095	
03802	04095	03932	04095	04095	04095	04095	04095	04095	
03792	04095	03929	04095	04095	04095	04095	04095	04095	
03795	04095	03932	04095	04095	04095	04095	04095	04095	
03813	04095	03946	04095	04095	04095	04095	04095	04095	
03811	04095	03945	04095	04095	04095	04095	04095	04095	
03809	04095	03942	04095	04095	04095	04095	04095	04095	
03825	04095	03950	04095	04095	04095	04095	04095	04095	
03827	04095	03951	04095	04095	04095	04095	04095	04095	
03811	04095	03939	04095	04095	04095	04095	04095	04095	
03813	04095	03938	04095	04095	04095	04095	04095	04095	
03817	04095	03941	04095	04095	04095	04095	04095	04095	
03800	04095	03932	04095	04095	04095	04095	04095	04095	
03793	04095	03927	04095	04095	04095	04095	04095	04095	
03807	04095	03934	04095	04095	04095	04095	04095	04095	
03803	04095	03930	04095	04095	04095	04095	04095	04095	
03795	04095	03922	04095	04095	04095	04095	04095	04095	
03814	04095	03927	04095	04095	04095	04095	04095	04095	
03822	04095	03928	04095	04095	04095	04095	04095	04095	
03810	04095	03917	04095	04095	04095	04095	04095	04095	
03817	04095	03918	04095	04095	04095	04095	04095	04095	
03830	04095	03924	04095	04095	04095	04095	04095	04095	
03819	04095	03919	04095	04095	04095	04095	04095	04095	
03819	04095	03918	04095	04095	04095	04095	04095	04095	
03839	04095	03930	04095	04095	04095	04095	04095	04095	
03838	04095	03932	04095	04095	04095	04095	04095	04095	
03828	04095	03927	04095	04095	04095	04095	04095	04095	
03840	04095	03934	04095	04095	04095	04095	04095	04095	
03844	04095	03938	04095	04095	04095	04095	04095	04095	
03829	04095	03931	04095	04095	04095	04095	04095	04095	
03836	04095	03934	04095	04095	04095	04095	04095	04095	
03853	04095	03945	04095	04095	04095	04095	04095	04095	
03848	04095	03944	04095	04095	04095	04095	04095	04095	
03851	04095	03944	04095	04095	04095	04095	04095	04095	
03874	04095	03956	04095	04095	04095	04095	04095	04095	
03875	04095	03958	04095	04095	04095	04095	04095	04095	
03867	04095	03951	04095	04095	04095	04095	04095	04095	
03878	04095	03957	04095	04095	04095	04095	04095	04095	
03883	04095	03963	04095	04095	04095	04095	04095	04095	
03866	04095	03954	04095	04095	04095	04095	04095	04095	
03867	04095	03954	04095	04095	04095	04095	04095	04095	
03880	04095	03963	04095	04095	04095	04095	04095	04095	
03872	04095	03960	04095	04095	04095	04095	04095	04095	
03870	04095	03955	04095	04095	04095	04095	04095	04095	
03854	04095	03931	04095	04095	04095	04095	04078	04090	
03409	03826	03437	03722	03802	03925	04083	03588	03642	
02905	03491	02872	03296	03450	03704	04002	03043	03121	
02380	03113	02279	02839	03071	03441	03881	02466	02559	
01849	02731	01688	02382	02675	03177	03781	01886	01990	
01340	02347	01120	01924	02280	02913	03680	01321	01423	
01264	02249	01029	01857	02198	02839	03613	01244	01312	
01244	02231	01002	01845	02180	02821	03597	01223	01273	
01251	02261	01005	01860	02199	02841	03616	01229	01274	
01261	02303	01012	01876	02219	02860	03637	01240	01280	
01273	02351	01021	01892	02241	02879	03660	01251	01288	
01270	02377	01018	01888	02239	02874	03657	01247	01282	
01266	02386	01013	01882	02235	02869	03652	01243	01277	
01264	02377	01012	01883	02236	02869	03651	01244	01276	
01263	02351	01009	01882	02235	02868	03649	01243	01273	
01262	02320	01009	01883	02230	02870	03649	01245	01274	
01265	02295	01012	01886	02228	02877	03652	01248	01276	
01267	02276	01014	01890	02227	02879	03654	01250	01277	
01268	02269	01014	01889	02213	02877	03654	01251	01306	
01269	02276	01013	01888	02211	02875	03653	01250	01304	
01270	02294	01013	01888	02217	02873	03653	01249	01302	
01267	02313	01011	01885	02219	02868	03651	01246	01299	
01263	02327	01007	01879	02216	02861	03648	01243	01295	
01260	02338	01006	01878	02228	02860	03647	01242	01265	
01260	02336	01006	01879	02230	02862	03647	01242	01265	
01258	02315	01003	01875	02224	02858	03643	01240	01263	
01263	02299	01008	01882	02229	02868	03648	01246	01268	
01268	02285	01012	01889	02233	02876	03653	01250	01272	
01270	02273	01015	01892	02234	02880	03656	01253	01275	
01274	02274	01019	01898	02238	02888	03662	01257	01280	
01280	02286	01025	01906	02248	02898	03672	01263	01285	
01280	02297	01025	01905	02251	02897	03675	01263	01284	
01284	02317	01029	01909	02257	02903	03682	01266	01288	
01283	02327	01028	01907	02258	02901	03682	01266	01286	
01281	02330	01028	01906	02257	02898	03680	01264	01284	
01275	02320	01022	01897	02245	02888	03669	01258	01279	
01269	02301	01017	01891	02232	02880	03657	01254	01275	
01263	02278	01010	01882	02219	02869	03644	01245	01266	
01259	02261	01005	01876	02209	02863	03636	01241	01262	
01255	02247	00999	01869	02200	02855	03629	01236	01257	
01256	02247	00999	01871	02205	02857	03632	01236	01256	
01256	02250	00997	01868	02208	02854	03632	01234	01254	
01251	02251	00994	01862	02207	02848	03628	01233	01252	
01250	02256	00993	01862	02210	02846	03627	01231	01251	
01250	02259	00992	01861	02210	02845	03625	01229	01249	
01246	02253	00988	01855	02203	02839	03618	01225	01246	
01244	02246	00988	01854	02197	02837	03613	01224	01244	
01245	02240	00988	01856	02193	02838	03613	01223	01244	
01245	02233	00988	01854	02188	02838	03612	01223	01243	
01242	02227	00986	01852	02183	02835	03607	01222	01242	
01247	02233	00990	01858	02189	02842	03613	01226	01246	
01250	02242	00993	01861	02197	02847	03618	01230	01250	
01246	02240	00989	01850	02197	02835	03609	01224	01245	
01484	02538	01212	02212	02480	03087	03719	01489	01481	
01889	02913	01605	02662	02866	03341	03809	01923	01871	
02326	03280	02054	03105	03244	03587	03892	02402	02318	
02780	03645	02537	03550	03621	03833	03976	02909	02799	
03261	04019	03059	04007	04005	04095	04095	03450	03315	
03498	04095	03366	04095	04095	04095	04095	03727	03604	
03567	04095	03507	04095	04095	04095	04095	03839	03748	
03613	04095	03602	04095	04095	04095	04095	03914	03845	
03644	04095	03669	04095	04095	04095	04095	03966	03916	
03648	04095	03707	04095	04095	04095	04095	03988	03961	
03662	04095	03741	04095	04095	04095	04095	04010	03998	
03687	04095	03776	04095	04095	04095	04095	04039	04034	
03689	04095	03794	04095	04095	04095	04095	04049	04056	
03687	04095	03804	04095	04095	04095	04095	04054	04070	
03706	04095	03824	04095	04095	04095	04095	04070	04084	
03709	04095	03836	04095	04095	04095	04095	04080	04092	
03697	04095	03835	04095	04095	04095	04095	04073	04092	
03702	04095	03843	04095	04095	04095	04095	04080	04094	
03713	04095	03855	04095	04095	04095	04095	04087	04095	
03699	04095	03852	04095	04095	04095	04095	04083	04095	
03699	04095	03852	04095	04095	04095	04095	04083	04095	
03712	04095	03866	04095	04095	04095	04095	04091	04095	
03709	04095	03867	04095	04095	04095	04095	04090	04095	
03698	04095	03863	04095	04095	04095	04095	04087	04095	
03711	04095	03874	04095	04095	04095	04095	04091	04095	
03713	04095	03881	04095	04095	04095	04095	04091	04095	
03703	04095	03875	04095	04095	04095	04095	04091	04095	
03709	04095	03881	04095	04095	04095	04095	04091	04095	
03724	04095	03894	04095	04095	04095	04095	04094	04095	
03716	04095	03891	04095	04095	04095	04095	04094	04095	
03719	04095	03894	04095	04095	04095	04095	04094	04095	
03737	04095	03908	04095	04095	04095	04095	04095	04095	
03743	04095	03918	04095	04095	04095	04095	04095	04095	
03739	04095	03920	04095	04095	04095	04095	04095	04095	
03758	04095	03939	04095	04095	04095	04095	04095	04095	
03769	04095	03955	04095	04095	04095	04095	04095	04095	
03762	04095	03960	04095	04095	04095	04095	04095	04095	
03766	04095	03970	04095	04095	04095	04095	04095	04095	
03778	04095	03988	04095	04095	04095	04095	04095	04095	
03766	04095	03992	04095	04095	04095	04095	04095	04095	
03761	04095	03997	04095	04095	04095	04095	04095	04095	
03772	04095	04013	04095	04095	04095	04095	04095	04095	
03769	04095	04023	04095	04095	04095	04095	04095	04095	
03757	04095	04025	04095	04095	04095	04095	04095	04095	
03767	04095	04038	04095	04095	04095	04095	04095	04095	
03772	04095	04051	04095	04095	04095	04095	04095	04095	
03759	04095	04052	04095	04095	04095	04095	04095	04095	
03760	04095	04057	04095	04095	04095	04095	04095	04095	
03773	04095	04071	04095	04095	04095	04095	04095	04095	
03759	04095	04068	04095	04095	04095	04095	04095	04095	
03749	04095	04064	04095	04095	04095	04095	04095	04095	
03757	04095	04072	04095	04095	04095	04095	04095	04095	
