01538	02476	01634	02360	01785	03152	03265	01517	01846	
01534	02475	01619	02361	01783	03149	03263	01508	01831	
01537	02483	01617	02371	01789	03160	03272	01510	01828	
01555	02506	01635	02397	01812	03191	03305	01533	01847	
01566	02520	01645	02411	01815	03207	03322	01545	01883	
01585	02544	01663	02436	01834	03232	03349	01564	01901	
01598	02562	01681	02455	01852	03256	03375	01583	01918	
01608	02572	01693	02466	01862	03269	03389	01595	01929	
01619	02584	01701	02479	01873	03282	03401	01603	01938	
01627	02597	01711	02490	01894	03297	03417	01612	01922	
01616	02582	01700	02476	01885	03282	03402	01602	01910	
01612	02579	01692	02471	01880	03273	03394	01593	01900	
01608	02574	01685	02466	01876	03265	03386	01586	01893	
01598	02565	01677	02455	01868	03257	03377	01579	01884	
01597	02563	01673	02453	01866	03252	03372	01575	01879	
01601	02568	01675	02457	01868	03254	03375	01576	01880	
01599	02567	01676	02456	01868	03256	03377	01578	01882	
01598	02565	01676	02453	01865	03254	03377	01577	01880	
01588	02553	01663	02440	01854	03235	03357	01563	01866	
01573	02534	01644	02419	01836	03214	03335	01545	01848	
01566	02526	01639	02413	01831	03208	03326	01541	01842	
01565	02526	01636	02412	01829	03204	03321	01536	01837	
01569	02530	01637	02417	01833	03208	03325	01540	01840	
01569	02530	01639	02417	01834	03211	03327	01542	01842	
01578	02542	01648	02431	01846	03224	03341	01552	01852	
01591	02559	01660	02447	01859	03243	03360	01566	01866	
01597	02566	01669	02454	01867	03254	03374	01577	01877	
01600	02568	01672	02456	01870	03259	03377	01580	01879	
01607	02577	01677	02465	01877	03266	03385	01585	01886	
01609	02578	01680	02465	01878	03269	03388	01587	01887	
01599	02566	01671	02451	01868	03255	03374	01577	01876	
01597	02562	01665	02448	01865	03249	03368	01570	01870	
01594	02559	01661	02444	01862	03244	03363	01566	01866	
01585	02549	01654	02433	01853	03234	03353	01560	01858	
01574	02536	01640	02418	01840	03216	03334	01546	01844	
01565	02526	01628	02407	01830	03201	03321	01535	01833	
01550	02509	01613	02388	01814	03181	03298	01520	01816	
01534	02488	01595	02367	01794	03157	03274	01503	01797	
01521	02472	01577	02352	01780	03136	03252	01485	01780	
01511	02459	01565	02338	01767	03121	03236	01473	01766	
01505	02451	01559	02330	01760	03113	03229	01468	01760	
01506	02453	01558	02333	01761	03112	03229	01466	01758	
01504	02450	01554	02330	01758	03108	03226	01462	01754	
01499	02445	01549	02323	01753	03104	03221	01459	01749	
01501	02446	01549	02326	01756	03106	03224	01461	01750	
01502	02449	01551	02329	01758	03107	03224	01460	01750	
01499	02444	01547	02323	01755	03104	03220	01459	01747	
01499	02444	01547	02323	01755	03104	03218	01458	01746	
01502	02447	01548	02326	01756	03106	03219	01457	01746	
01499	02445	01546	02322	01753	03104	03217	01455	01744	
01499	02441	01544	02319	01752	03102	03216	01454	01742	
01503	02445	01545	02324	01754	03104	03220	01456	01746	
01503	02445	01544	02324	01755	03105	03218	01456	01745	
01499	02440	01542	02319	01753	03101	03214	01455	01744	
01500	02441	01541	02320	01741	03120	03214	01455	01744	
01500	02442	01541	02321	01742	03120	03215	01455	01745	
01494	02437	01538	02314	01736	03115	03211	01452	01740	
01492	02434	01536	02312	01734	03113	03209	01451	01737	
01493	02438	01537	02315	01735	03113	03210	01451	01737	
01490	02434	01535	02310	01743	03091	03207	01448	01734	
01486	02429	01532	02305	01740	03087	03203	01446	01731	
01489	02432	01533	02308	01742	03088	03204	01445	01732	
01489	02432	01533	02307	01742	03087	03202	01443	01731	
01484	02426	01530	02301	01738	03083	03198	01441	01727	
01486	02428	01530	02303	01739	03085	03200	01442	01728	
01487	02431	01532	02305	01739	03086	03201	01441	01728	
01483	02425	01530	02300	01735	03081	03196	01439	01725	
01483	02425	01529	02300	01735	03081	03194	01439	01725	
01485	02428	01529	02304	01737	03083	03197	01440	01728	
01482	02424	01527	02300	01733	03079	03193	01438	01725	
01479	02420	01526	02297	01732	03076	03189	01437	01724	
01486	02427	01529	02304	01738	03082	03195	01441	01728	
01488	02429	01530	02306	01740	03084	03197	01442	01729	
01486	02426	01530	02302	01739	03083	03194	01442	01728	
01491	02431	01533	02307	01745	03088	03198	01444	01731	
01495	02437	01536	02312	01750	03092	03202	01447	01735	
01491	02431	01535	02307	01746	03088	03198	01446	01731	
01489	02431	01535	02307	01746	03088	03200	01446	01731	
01492	02435	01536	02310	01747	03089	03202	01446	01732	
01488	02432	01534	02306	01743	03086	03199	01446	01731	
01486	02429	01533	02304	01741	03084	03198	01445	01729	
01490	02433	01534	02308	01745	03087	03203	01446	01732	
01491	02433	01535	02308	01744	03087	03203	01446	01732	
01489	02430	01535	02306	01743	03087	03202	01447	01732	
01494	02437	01541	02314	01750	03093	03209	01450	01736	
01497	02443	01545	02320	01753	03098	03215	01454	01740	
01496	02441	01546	02319	01753	03100	03216	01455	01741	
01499	02444	01550	02324	01759	03105	03220	01461	01747	
01507	02452	01556	02333	01766	03113	03227	01465	01754	
01507	02453	01557	02333	01767	03117	03231	01468	01756	
01509	02454	01560	02334	01770	03120	03232	01470	01758	
01517	02464	01567	02344	01778	03129	03241	01476	01766	
01516	02463	01566	02343	01774	03127	03240	01474	01763	
01509	02457	01561	02335	01768	03120	03235	01473	01758	
01507	02453	01558	02332	01765	03114	03228	01468	01755	
01503	02449	01553	02327	01760	03109	03222	01464	01751	
01493	02437	01544	02314	01749	03095	03211	01455	01741	
01491	02435	01540	02310	01748	03092	03206	01453	01739	
01493	02437	01541	02314	01749	03093	03206	01450	01738	
01490	02435	01539	02310	01747	03091	03203	01450	01736	
01490	02433	01539	02310	01747	03090	03204	01450	01735	
01493	02437	01540	02314	01750	03093	03204	01451	01738	
01491	02436	01539	02312	01748	03092	03203	01449	01736	
01488	02431	01537	02307	01744	03088	03200	01450	01735	
01492	02434	01540	02312	01739	03092	03204	01453	01764	
01494	02437	01543	02315	01741	03094	03206	01454	01766	
01491	02433	01542	02311	01739	03092	03204	01452	01763	
01493	02436	01545	02315	01742	03095	03208	01456	01766	
01498	02442	01547	02322	01748	03101	03213	01457	01769	
01494	02439	01545	02317	01754	03098	03209	01455	01742	
01491	02435	01542	02314	01752	03095	03206	01453	01739	
01494	02441	01544	02319	01755	03099	03210	01455	01742	
01495	02441	01545	02319	01754	03100	03210	01456	01742	
01492	02438	01544	02316	01753	03098	03208	01456	01742	
01496	02443	01548	02322	01758	03102	03213	01458	01744	
01504	02454	01556	02333	01767	03113	03226	01466	01753	
01504	02452	01558	02333	01767	03113	03227	01469	01754	
01507	02455	01561	02338	01772	03118	03232	01471	01759	
01512	02463	01567	02346	01778	03125	03239	01476	01764	
01510	02462	01568	02345	01778	03124	03239	01478	01765	
01501	02450	01560	02332	01768	03111	03224	01469	01756	
01507	02460	01566	02342	01774	03121	03233	01473	01761	
01770	02761	01838	02671	02111	03315	03395	01800	02021	
02103	03084	02206	03019	02527	03507	03577	02239	02361	
02480	03413	02624	03372	02984	03705	03765	02731	02748	
02870	03748	03070	03731	03456	03908	03938	03254	03161	
03243	04068	03516	04075	03913	04095	04095	03775	03576	
03368	04095	03708	04095	04041	04095	04095	03972	03744	
03431	04095	03818	04095	04089	04095	04095	04056	03844	
03444	04095	03882	04095	04089	04095	04095	04088	03901	
03449	04095	03924	04095	04089	04095	04095	04095	03939	
03473	04095	03965	04095	04095	04095	04095	04095	03978	
03481	04095	03993	04095	04095	04095	04095	04095	04003	
03472	04095	04008	04095	04095	04095	04095	04095	04015	
03487	04095	04028	04095	04095	04095	04095	04095	04035	
03500	04095	04048	04095	04095	04095	04095	04095	04054	
03488	04095	04053	04095	04095	04095	04095	04095	04057	
03491	04095	04063	04095	04095	04095	04095	04095	04067	
03512	04095	04075	04095	04095	04095	04095	04095	04080	
03507	04095	04080	04095	04095	04095	04095	04095	04084	
03504	04095	04083	04095	04095	04095	04095	04095	04086	
03525	04095	04091	04095	04095	04095	04095	04095	04093	
03528	04095	04095	04095	04095	04095	04095	04095	04095	
03515	04095	04095	04095	04095	04095	04095	04095	04095	
03527	04095	04095	04095	04095	04095	04095	04095	04095	
03537	04095	04095	04095	04095	04095	04095	04095	04095	
03523	04095	04095	04095	04095	04095	04095	04095	04095	
03526	04095	04095	04095	04095	04095	04095	04095	04095	
03541	04095	04095	04095	04095	04095	04095	04095	04095	
03531	04095	04095	04095	04095	04095	04095	04095	04095	
03523	04095	04095	04095	04095	04095	04095	04095	04095	
03539	04095	04095	04095	04095	04095	04095	04095	04095	
03539	04095	04095	04095	04095	04095	04095	04095	04095	
03525	04095	04095	04095	04095	04095	04095	04095	04095	
03535	04095	04095	04095	04095	04095	04095	04095	04095	
03543	04095	04095	04095	04095	04095	04095	04095	04095	
03525	04095	04095	04095	04095	04095	04095	04095	04095	
03526	04095	04095	04095	04095	04095	04095	04095	04095	
03544	04095	04095	04095	04095	04095	04095	04095	04095	
03540	04095	04095	04095	04095	04095	04095	04095	04095	
03543	04095	04095	04095	04095	04095	04095	04095	04095	
03572	04095	04095	04095	04095	04095	04095	04095	04095	
03583	04095	04095	04095	04095	04095	04095	04095	04095	
03578	04095	04095	04095	04095	04095	04095	04095	04095	
03597	04095	04095	04095	04095	04095	04095	04095	04095	
03611	04095	04095	04095	04095	04095	04095	04095	04095	
03598	04095	04095	04095	04095	04095	04095	04095	04095	
03601	04095	04095	04095	04095	04095	04095	04095	04095	
03617	04095	04095	04095	04095	04095	04095	04095	04095	
03607	04095	04095	04095	04095	04095	04095	04095	04095	
03601	04095	04095	04095	04095	04095	04095	04095	04095	
03624	04095	04095	04095	04095	04095	04095	04095	04095	
03631	04095	04095	04095	04095	04095	04095	04095	04095	
03625	04095	04095	04095	04095	04095	04095	04095	04095	
03643	04095	04095	04095	04095	04095	04095	04095	04095	
03658	04095	04095	04095	04095	04095	04095	04095	04095	
03646	04095	04095	04095	04095	04095	04095	04095	04095	
03650	04095	04095	04095	04095	04095	04095	04095	04095	
03669	04095	04095	04095	04095	04095	04095	04095	04095	
03663	04095	04095	04095	04095	04095	04095	04095	04095	
03661	04095	04095	04095	04095	04095	04095	04095	04095	
03450	03956	03864	03921	03852	04071	04095	03779	03884	
03067	03677	03391	03607	03438	03900	03990	03235	03488	
02645	03372	02876	03269	02998	03708	03845	02666	03050	
02234	03068	02355	02935	02570	03522	03706	02096	02604	
01826	02773	01845	02616	02135	03359	03609	01539	02158	
01620	02597	01546	02446	01927	03193	03491	01284	01898	
01578	02561	01489	02421	01897	03171	03475	01254	01826	
01561	02549	01466	02422	01892	03159	03476	01245	01797	
01541	02531	01445	02423	01883	03129	03469	01233	01778	
01514	02501	01413	02412	01869	03073	03444	01207	01759	
01505	02494	01396	02428	01874	03043	03444	01194	01763	
01495	02484	01373	02433	01872	03015	03440	01183	01761	
01487	02475	01351	02424	01872	03003	03437	01178	01750	
01487	02476	01331	02410	01878	03009	03432	01175	01730	
01488	02479	01319	02390	01879	03026	03425	01174	01706	
01488	02478	01316	02368	01875	03043	03410	01175	01690	
01496	02485	01323	02359	01869	03061	03400	01174	01684	
01509	02499	01336	02363	01864	03077	03395	01173	01687	
01516	02503	01348	02365	01851	03080	03387	01172	01697	
01518	02503	01354	02365	01842	03077	03379	01168	01707	
01518	02503	01353	02363	01840	03075	03379	01165	01706	
01508	02493	01342	02351	01840	03069	03377	01164	01689	
01493	02476	01322	02334	01842	03055	03374	01160	01664	
01485	02468	01305	02334	01846	03041	03381	01160	01678	
01479	02465	01291	02343	01857	03026	03392	01161	01676	
01473	02459	01282	02351	01859	03007	03396	01161	01681	
01473	02459	01286	02367	01861	02996	03403	01161	01697	
01476	02465	01300	02381	01860	02997	03410	01163	01717	
01472	02462	01312	02375	01857	03002	03404	01164	01695	
01471	02459	01320	02362	01846	03014	03396	01164	01683	
01475	02464	01325	02352	01843	03032	03393	01165	01668	
01476	02465	01324	02338	01838	03046	03387	01166	01654	
01477	02464	01322	02328	01838	03055	03378	01165	01642	
01486	02475	01322	02334	01851	03064	03378	01164	01642	
01493	02486	01325	02342	01867	03069	03380	01164	01648	
01491	02484	01323	02340	01873	03067	03374	01162	01652	
01492	02485	01320	02341	01880	03065	03372	01161	01650	
01493	02487	01316	02340	01880	03065	03377	01161	01642	
01484	02476	01309	02331	01868	03057	03377	01162	01634	
01477	02464	01303	02326	01857	03046	03376	01162	01633	
01476	02464	01302	02335	01853	03034	03381	01161	01640	
01472	02461	01300	02344	01849	03019	03388	01162	01653	
01466	02454	01295	02350	01848	03001	03389	01159	01666	
01468	02457	01290	02358	01856	02995	03393	01158	01674	
01467	02459	01281	02357	01863	02993	03396	01158	01669	
01463	02454	01271	02343	01864	02997	03392	01156	01652	
01464	02456	01268	02333	01868	03009	03385	01155	01636	
01470	02464	01274	02329	01873	03027	03381	01157	01627	
01469	02464	01284	02322	01866	03038	03371	01155	01623	
01474	02470	01301	02326	01860	03050	03368	01155	01632	
01487	02484	01321	02340	01862	03065	03372	01161	01653	
01795	02809	01668	02695	02232	03274	03508	01569	01979	
02150	03132	02097	03048	02648	03480	03665	02075	02363	
02537	03457	02571	03401	03089	03689	03827	02633	02783	
02923	03778	03062	03750	03540	03895	03963	03213	03215	
03298	04095	03563	04095	03983	04095	04095	03796	03651	
03387	04095	03744	04095	04060	04095	04095	03976	03795	
03439	04095	03860	04095	04090	04095	04095	04057	03887	
03452	04095	03932	04095	04090	04095	04095	04087	03943	
03463	04095	03983	04095	04090	04095	04095	04095	03984	
03493	04095	04029	04095	04095	04095	04095	04095	04024	
03505	04095	04061	04095	04095	04095	04095	04095	04051	
03498	04095	04075	04095	04095	04095	04095	04095	04066	
03515	04095	04086	04095	04095	04095	04095	04095	04081	
03530	04095	04095	04095	04095	04095	04095	04095	04090	
03521	04095	04095	04095	04095	04095	04095	04095	04093	
03525	04095	04095	04095	04095	04095	04095	04095	04094	
03542	04095	04095	04095	04095	04095	04095	04095	04095	
03537	04095	04095	04095	04095	04095	04095	04095	04095	
03530	04095	04095	04095	04095	04095	04095	04095	04095	
03548	04095	04095	04095	04095	04095	04095	04095	04095	
03551	04095	04095	04095	04095	04095	04095	04095	04095	
03541	04095	04095	04095	04095	04095	04095	04095	04095	
03553	04095	04095	04095	04095	04095	04095	04095	04095	
03562	04095	04095	04095	04095	04095	04095	04095	04095	
03546	04095	04095	04095	04095	04095	04095	04095	04095	
03546	04095	04095	04095	04095	04095	04095	04095	04095	
03560	04095	04095	04095	04095	04095	04095	04095	04095	
03552	04095	04095	04095	04095	04095	04095	04095	04095	
03548	04095	04095	04095	04095	04095	04095	04095	04095	
03569	04095	04095	04095	04095	04095	04095	04095	04095	
03576	04095	04095	04095	04095	04095	04095	04095	04095	
03569	04095	04095	04095	04095	04095	04095	04095	04095	
03587	04095	04095	04095	04095	04095	04095	04095	04095	
03606	04095	04095	04095	04095	04095	04095	04095	04095	
03599	04095	04095	04095	04095	04095	04095	04095	04095	
03607	04095	04095	04095	04095	04095	04095	04095	04095	
03630	04095	04095	04095	04095	04095	04095	04095	04095	
03625	04095	04095	04095	04095	04095	04095	04095	04095	
03617	04095	04095	04095	04095	04095	04095	04095	04095	
03637	04095	04095	04095	04095	04095	04095	04095	04095	
03640	04095	04095	04095	04095	04095	04095	04095	04095	
03596	04095	04095	04095	04075	04095	04095	04095	04085	
03245	03867	03605	03823	03740	03928	04030	03589	03700	
02859	03612	03045	03523	03356	03725	03956	03042	03257	
02468	03379	02498	03247	02992	03553	03912	02512	02825	
02048	03095	01929	02920	02580	03319	03805	01938	02342	
01658	02806	01359	02585	02182	03091	03672	01358	01858	
01586	02735	01277	02515	02104	03028	03597	01281	01742	
01547	02686	01266	02468	02063	03002	03553	01242	01682	
01500	02617	01244	02401	02005	02947	03480	01187	01612	
01489	02596	01244	02386	01994	02950	03469	01176	01593	
01480	02576	01235	02378	01984	02933	03460	01169	01582	
01478	02569	01211	02383	01986	02914	03459	01166	01578	
01476	02568	01177	02393	01987	02893	03460	01164	01575	
01470	02561	01144	02394	01981	02868	03457	01161	01569	
01467	02557	01125	02397	01978	02850	03453	01158	01565	
01467	02560	01121	02396	01979	02853	03452	01156	01561	
01463	02556	01136	02384	01971	02863	03447	01154	01554	
01459	02554	01163	02372	01964	02878	03441	01151	01549	
01461	02563	01190	02369	01965	02897	03439	01150	01546	
01459	02572	01200	02364	01960	02907	03439	01147	01539	
01455	02577	01196	02363	01956	02900	03437	01146	01533	
01459	02591	01178	02374	01960	02887	03441	01145	01531	
01460	02601	01149	02383	01963	02869	03442	01144	01529	
01456	02599	01120	02382	01959	02848	03442	01143	01524	
01456	02598	01107	02380	01961	02837	03441	01143	01524	
01460	02597	01111	02382	01966	02843	03444	01144	01526	
01458	02582	01130	02374	01963	02855	03440	01144	01529	
01457	02565	01160	02369	01964	02875	03440	01147	01536	
01467	02563	01195	02380	01978	02906	03451	01154	01550	
01478	02565	01221	02396	01992	02938	03469	01166	01568	
01483	02564	01232	02403	01997	02952	03477	01173	01580	
01493	02575	01237	02414	02000	02954	03488	01180	01616	
01499	02591	01227	02423	02007	02945	03497	01184	01618	
01493	02597	01197	02418	02000	02920	03493	01181	01611	
01486	02603	01161	02411	01992	02891	03482	01173	01596	
01485	02615	01139	02413	01991	02876	03481	01169	01586	
01479	02621	01130	02410	01994	02870	03475	01165	01551	
01475	02621	01140	02409	01991	02877	03472	01164	01547	
01481	02629	01167	02416	01996	02896	03475	01166	01549	
01482	02629	01195	02415	01996	02913	03479	01168	01550	
01480	02624	01213	02410	01993	02923	03477	01169	01552	
01482	02624	01220	02410	01996	02927	03479	01171	01553	
01483	02624	01213	02407	01995	02917	03479	01170	01553	
01476	02614	01191	02397	01988	02897	03472	01167	01548	
01473	02607	01161	02393	01986	02876	03464	01164	01546	
01473	02607	01137	02394	01988	02862	03462	01162	01544	
01469	02599	01123	02389	01983	02852	03457	01159	01541	
01466	02592	01125	02385	01980	02853	03452	01157	01540	
01467	02592	01142	02384	01981	02860	03450	01156	01540	
01466	02591	01166	02382	01977	02870	03449	01154	01538	
01462	02588	01187	02376	01971	02877	03444	01153	01535	
01464	02594	01197	02379	01972	02884	03447	01153	01535	
01469	02607	01198	02389	01977	02889	03453	01156	01537	
01471	02615	01189	02397	01980	02888	03462	01162	01542	
01475	02622	01170	02405	01986	02882	03466	01165	01545	
01478	02629	01146	02411	01991	02873	03470	01166	01546	
01675	02860	01338	02680	02241	03116	03611	01408	01761	
02006	03152	01721	03015	02617	03356	03726	01856	02115	
02389	03444	02191	03349	03036	03599	03838	02376	02528	
02783	03737	02709	03685	03459	03846	03955	02934	02973	
03177	04030	03258	04023	03881	04095	04095	03511	03437	
03389	04095	03615	04095	04045	04095	04095	03855	03703	
03467	04095	03791	04095	04091	04095	04095	03993	03840	
03482	04095	03895	04095	04093	04095	04095	04056	03918	
03493	04095	03970	04095	04093	04095	04095	04084	03975	
03520	04095	04023	04095	04095	04095	04095	04095	04023	
03525	04095	04056	04095	04095	04095	04095	04095	04054	
03523	04095	04077	04095	04095	04095	04095	04095	04072	
03547	04095	04090	04095	04095	04095	04095	04095	04087	
03562	04095	04095	04095	04095	04095	04095	04095	04095	
03553	04095	04095	04095	04095	04095	04095	04095	04095	
03564	04095	04095	04095	04095	04095	04095	04095	04095	
03582	04095	04095	04095	04095	04095	04095	04095	04095	
03572	04095	04095	04095	04095	04095	04095	04095	04095	
03571	04095	04095	04095	04095	04095	04095	04095	04095	
03591	04095	04095	04095	04095	04095	04095	04095	04095	
03590	04095	04095	04095	04095	04095	04095	04095	04095	
03583	04095	04095	04095	04095	04095	04095	04095	04095	
03603	04095	04095	04095	04095	04095	04095	04095	04095	
03612	04095	04095	04095	04095	04095	04095	04095	04095	
03602	04095	04095	04095	04095	04095	04095	04095	04095	
03611	04095	04095	04095	04095	04095	04095	04095	04095	
03626	04095	04095	04095	04095	04095	04095	04095	04095	
03614	04095	04095	04095	04095	04095	04095	04095	04095	
03611	04095	04095	04095	04095	04095	04095	04095	04095	
03628	04095	04095	04095	04095	04095	04095	04095	04095	
03626	04095	04095	04095	04095	04095	04095	04095	04095	
03617	04095	04095	04095	04095	04095	04095	04095	04095	
03633	04095	04095	04095	04095	04095	04095	04095	04095	
03641	04095	04095	04095	04095	04095	04095	04095	04095	
03629	04095	04095	04095	04095	04095	04095	04095	04095	
03635	04095	04095	04095	04095	04095	04095	04095	04095	
03650	04095	04095	04095	04095	04095	04095	04095	04095	
03638	04095	04095	04095	04095	04095	04095	04095	04095	
03635	04095	04095	04095	04095	04095	04095	04095	04095	
03652	04095	04095	04095	04095	04095	04095	04095	04095	
03651	04095	04095	04095	04095	04095	04095	04095	04095	
03641	04095	04095	04095	04095	04095	04095	04095	04095	
03659	04095	04095	04095	04095	04095	04095	04095	04095	
03671	04095	04095	04095	04095	04095	04095	04095	04095	
03660	04095	04095	04095	04095	04095	04095	04095	04095	
03667	04095	04095	04095	04095	04095	04095	04095	04095	
03683	04095	04095	04095	04095	04095	04095	04095	04095	
03670	04095	04095	04095	04095	04095	04095	04095	04095	
03663	04095	04095	04095	04095	04095	04095	04095	04095	
03678	04095	04095	04095	04095	04095	04095	04095	04095	
03674	04095	04095	04095	04095	04095	04095	04095	04095	
03661	04095	04095	04095	04095	04095	04095	04095	04095	
03674	04095	04095	04095	04095	04095	04095	04095	04095	
03683	04095	04095	04095	04095	04095	04095	04095	04095	
03670	04095	04095	04095	04095	04095	04095	04095	04095	
03675	04095	04095	04095	04095	04095	04095	04095	04095	
03691	04095	04095	04095	04095	04095	04095	04095	04095	
03681	04095	04095	04095	04095	04095	04095	04095	04095	
03674	04095	04095	04095	04095	04095	04095	04095	04095	
03687	04095	04095	04095	04095	04095	04095	04095	04095	
03683	04095	04095	04095	04095	04095	04095	04095	04095	
03665	04095	04095	04095	04095	04095	04095	04095	04095	
03315	03867	03585	03804	03795	03893	04036	03598	03686	
02906	03599	02996	03477	03445	03649	03946	03040	03197	
02472	03318	02386	03142	03075	03392	03820	02467	02686	
02046	03039	01769	02813	02717	03137	03697	01894	02174	
01619	02754	01148	02480	02330	02871	03589	01312	01657	
01533	02689	01032	02435	02235	02802	03533	01224	01550	
01505	02666	00994	02428	02189	02777	03509	01197	01524	
01496	02662	00978	02432	02167	02770	03505	01187	01519	
01485	02652	00965	02426	02147	02755	03494	01174	01506	
01479	02646	00959	02419	02147	02750	03488	01171	01488	
01482	02649	00957	02413	02169	02752	03491	01171	01467	
01482	02652	00956	02405	02196	02754	03496	01171	01443	
01477	02645	00952	02390	02212	02749	03491	01168	01418	
01478	02645	00951	02386	02216	02751	03493	01171	01434	
01484	02653	00953	02394	02224	02759	03502	01174	01435	
01485	02653	00955	02401	02212	02762	03506	01176	01444	
01487	02653	00958	02413	02192	02765	03508	01178	01460	
01495	02662	00962	02430	02183	02772	03513	01182	01481	
01496	02666	00965	02437	02182	02776	03516	01182	01467	
01493	02661	00963	02435	02172	02773	03513	01182	01472	
01495	02666	00964	02436	02182	02775	03517	01183	01469	
01496	02669	00964	02430	02199	02776	03519	01184	01457	
01492	02663	00963	02417	02214	02772	03517	01183	01437	
01491	02663	00963	02411	02234	02772	03518	01184	01421	
01494	02668	00963	02411	02252	02773	03521	01184	01411	
01491	02664	00961	02408	02249	02771	03519	01183	01408	
01488	02661	00960	02411	02237	02769	03517	01182	01413	
01492	02667	00960	02422	02227	02772	03520	01183	01426	
01492	02668	00959	02429	02209	02772	03519	01183	01438	
01489	02663	00959	02429	02192	02770	03514	01182	01445	
01491	02664	00959	02429	02192	02771	03511	01179	01447	
01495	02671	00962	02431	02204	02777	03516	01182	01445	
01495	02671	00964	02424	02216	02780	03518	01185	01436	
01496	02672	00966	02418	02237	02783	03520	01187	01426	
01500	02677	00967	02414	02257	02785	03522	01187	01416	
01499	02675	00967	02410	02261	02784	03524	01188	01411	
01495	02669	00965	02407	02255	02781	03518	01186	01408	
01493	02667	00961	02407	02243	02773	03512	01181	01409	
01486	02659	00953	02404	02217	02762	03501	01174	01410	
01477	02649	00948	02400	02191	02753	03490	01168	01414	
01472	02643	00943	02396	02177	02744	03479	01162	01414	
01467	02638	00938	02390	02170	02734	03472	01155	01408	
01607	02815	01072	02594	02353	03001	03605	01314	01556	
01936	03106	01465	02934	02712	03273	03743	01741	01909	
02326	03400	01951	03276	03104	03547	03861	02252	02337	
02722	03694	02484	03619	03493	03821	03979	02798	02804	
03124	03985	03046	03961	03878	04094	04095	03363	03294	
03406	04095	03504	04095	04076	04095	04095	03788	03655	
03500	04095	03722	04095	04095	04095	04095	03950	03821	
03526	04095	03850	04095	04095	04095	04095	04028	03918	
03553	04095	03943	04095	04095	04095	04095	04071	03989	
03579	04095	04011	04095	04095	04095	04095	04095	04039	
03573	04095	04050	04095	04095	04095	04095	04095	04065	
03570	04095	04072	04095	04095	04095	04095	04095	04082	
03588	04095	04089	04095	04095	04095	04095	04095	04093	
03587	04095	04095	04095	04095	04095	04095	04095	04095	
03579	04095	04095	04095	04095	04095	04095	04095	04095	
03593	04095	04095	04095	04095	04095	04095	04095	04095	
03603	04095	04095	04095	04095	04095	04095	04095	04095	
03590	04095	04095	04095	04095	04095	04095	04095	04095	
03597	04095	04095	04095	04095	04095	04095	04095	04095	
03611	04095	04095	04095	04095	04095	04095	04095	04095	
03605	04095	04095	04095	04095	04095	04095	04095	04095	
03602	04095	04095	04095	04095	04095	04095	04095	04095	
03620	04095	04095	04095	04095	04095	04095	04095	04095	
03619	04095	04095	04095	04095	04095	04095	04095	04095	
03610	04095	04095	04095	04095	04095	04095	04095	04095	
03624	04095	04095	04095	04095	04095	04095	04095	04095	
03635	04095	04095	04095	04095	04095	04095	04095	04095	
03625	04095	04095	04095	04095	04095	04095	04095	04095	
03632	04095	04095	04095	04095	04095	04095	04095	04095	
03651	04095	04095	04095	04095	04095	04095	04095	04095	
03644	04095	04095	04095	04095	04095	04095	04095	04095	
03639	04095	04095	04095	04095	04095	04095	04095	04095	
03656	04095	04095	04095	04095	04095	04095	04095	04095	
03659	04095	04095	04095	04095	04095	04095	04095	04095	
03647	04095	04095	04095	04095	04095	04095	04095	04095	
03661	04095	04095	04095	04095	04095	04095	04095	04095	
03675	04095	04095	04095	04095	04095	04095	04095	04095	
03667	04095	04095	04095	04095	04095	04095	04095	04095	
03675	04095	04095	04095	04095	04095	04095	04095	04095	
03699	04095	04095	04095	04095	04095	04095	04095	04095	
03698	04095	04095	04095	04095	04095	04095	04095	04095	
03696	04095	04095	04095	04095	04095	04095	04095	04095	
03718	04095	04095	04095	04095	04095	04095	04095	04095	
03722	04095	04095	04095	04095	04095	04095	04095	04095	
03710	04095	04095	04095	04095	04095	04095	04095	04095	
03720	04095	04095	04095	04095	04095	04095	04095	04095	
03730	04095	04095	04095	04095	04095	04095	04095	04095	
03714	04095	04095	04095	04095	04095	04095	04095	04095	
03709	04095	04095	04095	04095	04095	04095	04095	04095	
03723	04095	04095	04095	04095	04095	04095	04095	04095	
03713	04095	04095	04095	04095	04095	04095	04095	04095	
03701	04095	04095	04095	04095	04095	04095	04095	04095	
03717	04095	04095	04095	04095	04095	04095	04095	04095	
03722	04095	04095	04095	04095	04095	04095	04095	04095	
03709	04095	04095	04095	04095	04095	04095	04095	04095	
03716	04095	04095	04095	04095	04095	04095	04095	04095	
03728	04095	04095	04095	04095	04095	04095	04095	04095	
03377	03899	03638	03842	03856	03935	04067	03646	03695	
02972	03672	03089	03559	03580	03743	04026	03128	03206	
02529	03398	02482	03219	03252	03485	03930	02557	02653	
02066	03113	01860	02871	02911	03220	03805	01978	02086	
01597	02825	01235	02522	02579	02950	03675	01396	01515	
01475	02733	01068	02428	02479	02844	03597	01262	01341	
01411	02665	00992	02364	02414	02767	03528	01196	01253	
01389	02634	00972	02352	02399	02754	03508	01181	01228	
01377	02610	00962	02349	02400	02749	03495	01174	01214	
01370	02591	00956	02348	02403	02746	03488	01169	01203	
01361	02568	00949	02341	02393	02739	03475	01163	01195	
01357	02557	00945	02337	02385	02735	03469	01160	01189	
01360	02562	00943	02338	02381	02734	03470	01158	01186	
01361	02570	00941	02337	02371	02732	03469	01157	01185	
01363	02577	00941	02336	02354	02733	03470	01160	01214	
01368	02592	00942	02342	02360	02736	03479	01163	01216	
01371	02603	00943	02344	02366	02739	03482	01164	01216	
01368	02603	00943	02343	02368	02741	03482	01164	01216	
01369	02606	00945	02346	02381	02744	03486	01165	01217	
01368	02610	00945	02348	02401	02746	03489	01166	01189	
01363	02605	00945	02346	02400	02745	03488	01165	01188	
01363	02604	00945	02346	02401	02746	03490	01167	01188	
01367	02613	00947	02351	02409	02750	03496	01170	01191	
01367	02617	00947	02351	02405	02750	03497	01171	01191	
01368	02618	00947	02350	02398	02749	03495	01170	01190	
01373	02623	00947	02353	02400	02752	03498	01170	01191	
01374	02623	00948	02354	02398	02752	03498	01171	01191	
01370	02611	00947	02350	02389	02749	03490	01169	01190	
01371	02603	00948	02351	02390	02749	03489	01168	01190	
01371	02596	00949	02354	02398	02752	03490	01170	01191	
01368	02583	00949	02353	02398	02751	03486	01171	01191	
01368	02577	00951	02356	02404	02756	03487	01172	01192	
01372	02583	00953	02361	02416	02760	03494	01174	01194	
01370	02589	00952	02359	02416	02760	03496	01175	01193	
01368	02597	00950	02355	02409	02757	03497	01173	01192	
01371	02615	00950	02356	02409	02759	03503	01173	01193	
01372	02631	00948	02352	02405	02755	03507	01171	01190	
01372	02639	00947	02350	02396	02755	03513	01171	01190	
01375	02647	00949	02352	02397	02758	03518	01171	01191	
01383	02660	00956	02364	02413	02770	03532	01179	01198	
01377	02650	00954	02359	02409	02765	03524	01177	01197	
01371	02632	00951	02353	02405	02758	03513	01174	01194	
01369	02619	00949	02352	02410	02755	03502	01170	01190	
01366	02604	00947	02351	02410	02753	03494	01171	01190	
01355	02577	00938	02334	02390	02736	03472	01160	01180	
01359	02572	00940	02339	02391	02739	03475	01162	01180	
01363	02575	00942	02344	02394	02746	03478	01164	01183	
01357	02566	00939	02335	02380	02739	03470	01161	01180	
01472	02726	01044	02506	02533	02951	03605	01285	01300	
01824	03035	01434	02861	02871	03226	03747	01711	01674	
02215	03339	01907	03210	03213	03495	03858	02208	02128	
02626	03641	02428	03558	03555	03762	03972	02745	02626	
03067	03952	02989	03917	03908	04039	04095	03313	03159	
03390	04095	03463	04095	04095	04095	04095	03762	03587	
03473	04095	03667	04095	04095	04095	04095	03919	03775	
03523	04095	03794	04095	04095	04095	04095	04007	03892	
03557	04095	03884	04095	04095	04095	04095	04057	03975	
03557	04095	03941	04095	04095	04095	04095	04079	04027	
03560	04095	03986	04095	04095	04095	04095	04089	04060	
03581	04095	04027	04095	04095	04095	04095	04095	04083	
03582	04095	04055	04095	04095	04095	04095	04095	04094	
03575	04095	04072	04095	04095	04095	04095	04095	04095	
03593	04095	04087	04095	04095	04095	04095	04095	04095	
03604	04095	04095	04095	04095	04095	04095	04095	04095	
03593	04095	04095	04095	04095	04095	04095	04095	04095	
03598	04095	04095	04095	04095	04095	04095	04095	04095	
03613	04095	04095	04095	04095	04095	04095	04095	04095	
03603	04095	04095	04095	04095	04095	04095	04095	04095	
03598	04095	04095	04095	04095	04095	04095	04095	04095	
03616	04095	04095	04095	04095	04095	04095	04095	04095	
03617	04095	04095	04095	04095	04095	04095	04095	04095	
03607	04095	04095	04095	04095	04095	04095	04095	04095	
03621	04095	04095	04095	04095	04095	04095	04095	04095	
03631	04095	04095	04095	04095	04095	04095	04095	04095	
03618	04095	04095	04095	04095	04095	04095	04095	04095	
03621	04095	04095	04095	04095	04095	04095	04095	04095	
03639	04095	04095	04095	04095	04095	04095	04095	04095	
03631	04095	04095	04095	04095	04095	04095	04095	04095	
03626	04095	04095	04095	04095	04095	04095	04095	04095	
03645	04095	04095	04095	04095	04095	04095	04095	04095	
03649	04095	04095	04095	04095	04095	04095	04095	04095	
03641	04095	04095	04095	04095	04095	04095	04095	04095	
03655	04095	04095	04095	04095	04095	04095	04095	04095	
03671	04095	04095	04095	04095	04095	04095	04095	04095	
03662	04095	04095	04095	04095	04095	04095	04095	04095	
03666	04095	04095	04095	04095	04095	04095	04095	04095	
03683	04095	04095	04095	04095	04095	04095	04095	04095	
03675	04095	04095	04095	04095	04095	04095	04095	04095	
03665	04095	04095	04095	04095	04095	04095	04095	04095	
03681	04095	04095	04095	04095	04095	04095	04095	04095	
03684	04095	04095	04095	04095	04095	04095	04095	04095	
03671	04095	04095	04095	04095	04095	04095	04095	04095	
03680	04095	04095	04095	04095	04095	04095	04095	04095	
03693	04095	04095	04095	04095	04095	04095	04095	04095	
03681	04095	04095	04095	04095	04095	04095	04095	04095	
03680	04095	04095	04095	04095	04095	04095	04095	04095	
03697	04095	04095	04095	04095	04095	04095	04095	04095	
03693	04095	04095	04095	04095	04095	04095	04095	04095	
03679	04095	04095	04095	04095	04095	04095	04095	04095	
03689	04095	04095	04095	04095	04095	04095	04095	04095	
03689	04095	04095	04095	04095	04095	04095	04095	04095	
03671	04095	04095	04095	04095	04095	04095	04095	04095	
03671	04095	04095	04095	04095	04095	04095	04095	04095	
03651	04095	04077	04095	04095	04095	04095	04088	04094	
03415	04062	03768	04020	04055	04095	04095	03825	03864	
03341	04062	03643	04020	04055	04095	04095	03746	03786	
02948	03845	03136	03704	03829	03932	04074	03268	03345	
02487	03569	02557	03339	03541	03709	04005	02725	02824	
02027	03264	01962	02947	03220	03454	03882	02162	02268	
01763	02981	01646	02625	02941	03185	03748	01844	01926	
01340	02660	01145	02229	02606	02914	03631	01337	01428	
01242	02554	01024	02143	02493	02803	03534	01230	01291	
01216	02528	00989	02126	02465	02782	03513	01201	01248	
01213	02528	00980	02126	02468	02784	03515	01198	01236	
01219	02536	00985	02122	02467	02798	03528	01205	01268	
01227	02550	00995	02099	02484	02817	03546	01218	01277	
01241	02574	01008	02110	02512	02845	03575	01235	01291	
01242	02574	01008	02106	02513	02843	03573	01236	01291	
01247	02580	01014	02114	02517	02852	03581	01240	01295	
01245	02580	01010	02122	02527	02848	03578	01235	01262	
01243	02576	01004	02150	02520	02840	03573	01228	01254	
01235	02561	00995	02149	02503	02824	03560	01218	01244	
01227	02549	00986	02139	02489	02808	03546	01208	01233	
01218	02538	00975	02125	02479	02792	03531	01197	01221	
01209	02525	00968	02100	02465	02779	03518	01189	01212	
01202	02515	00963	02063	02456	02770	03505	01184	01206	
01196	02511	00957	02026	02453	02763	03497	01177	01198	
01188	02502	00951	02000	02443	02752	03486	01171	01190	
01180	02489	00944	01978	02428	02739	03472	01163	01182	
01180	02489	00942	01977	02429	02738	03471	01161	01180	
01179	02488	00940	01999	02428	02735	03469	01159	01177	
01176	02481	00936	02019	02417	02728	03460	01154	01173	
01175	02479	00934	02033	02415	02726	03459	01152	01171	
01174	02480	00933	02045	02417	02725	03459	01151	01169	
01170	02474	00929	02039	02409	02719	03454	01148	01166	
01166	02470	00927	02022	02403	02716	03449	01146	01164	
01167	02472	00927	02004	02409	02717	03450	01147	01164	
01164	02471	00926	01979	02408	02715	03447	01146	01162	
01162	02467	00925	01958	02403	02713	03443	01145	01161	
01164	02469	00925	01957	02407	02716	03444	01145	01162	
01165	02473	00925	01960	02410	02718	03448	01146	01162	
01164	02469	00925	01967	02404	02715	03446	01145	01161	
01169	02476	00931	01997	02411	02725	03457	01151	01167	
01191	02507	00950	02047	02444	02762	03494	01174	01190	
01207	02531	00969	02087	02468	02792	03524	01194	01211	
01222	02549	00985	02119	02488	02818	03548	01212	01230	
01232	02565	00993	02141	02506	02834	03565	01223	01241	
01230	02561	00992	02128	02504	02829	03558	01221	01240	
01210	02532	00974	02080	02473	02794	03524	01201	01220	
01200	02516	00962	02043	02461	02774	03503	01188	01207	
01186	02496	00947	02007	02442	02748	03479	01170	01189	
01177	02482	00939	01985	02426	02733	03464	01160	01179	
01486	02799	01247	02400	02728	03004	03580	01515	01496	
01907	03124	01700	02829	03068	03279	03723	01998	01934	
02347	03440	02205	03249	03383	03544	03856	02519	02415	
02802	03764	02742	03674	03720	03820	03976	03067	02932	
03279	04090	03306	04095	04061	04095	04095	03635	03475	
03447	04095	03574	04095	04095	04095	04095	03857	03712	
03500	04095	03710	04095	04095	04095	04095	03955	03839	
03537	04095	03799	04095	04095	04095	04095	04017	03926	
03573	04095	03869	04095	04095	04095	04095	04059	03993	
03575	04095	03910	04095	04095	04095	04095	04078	04035	
03578	04095	03942	04095	04095	04095	04095	04087	04063	
03601	04095	03976	04095	04095	04095	04095	04095	04084	
03604	04095	04000	04095	04095	04095	04095	04095	04094	
03591	04095	04010	04095	04095	04095	04095	04095	04095	
03603	04095	04027	04095	04095	04095	04095	04095	04095	
03614	04095	04043	04095	04095	04095	04095	04095	04095	
03603	04095	04046	04095	04095	04095	04095	04095	04095	
03609	04095	04052	04095	04095	04095	04095	04095	04095	
03630	04095	04066	04095	04095	04095	04095	04095	04095	
03627	04095	04069	04095	04095	04095	04095	04095	04095	
03623	04095	04069	04095	04095	04095	04095	04095	04095	
03643	04095	04077	04095	04095	04095	04095	04095	04095	
03649	04095	04082	04095	04095	04095	04095	04095	04095	
03639	04095	04080	04095	04095	04095	04095	04095	04095	
03652	04095	04086	04095	04095	04095	04095	04095	04095	
03667	04095	04092	04095	04095	04095	04095	04095	04095	
03656	04095	04092	04095	04095	04095	04095	04095	04095	
03655	04095	04092	04095	04095	04095	04095	04095	04095	
03673	04095	04095	04095	04095	04095	04095	04095	04095	
03670	04095	04095	04095	04095	04095	04095	04095	04095	
03661	04095	04095	04095	04095	04095	04095	04095	04095	
03679	04095	04095	04095	04095	04095	04095	04095	04095	
03687	04095	04095	04095	04095	04095	04095	04095	04095	
03676	04095	04095	04095	04095	04095	04095	04095	04095	
03684	04095	04095	04095	04095	04095	04095	04095	04095	
03699	04095	04095	04095	04095	04095	04095	04095	04095	
03686	04095	04095	04095	04095	04095	04095	04095	04095	
03683	04095	04095	04095	04095	04095	04095	04095	04095	
03700	04095	04095	04095	04095	04095	04095	04095	04095	
03695	04095	04095	04095	04095	04095	04095	04095	04095	
03683	04095	04095	04095	04095	04095	04095	04095	04095	
03695	04095	04095	04095	04095	04095	04095	04095	04095	
03699	04095	04095	04095	04095	04095	04095	04095	04095	
03681	04095	04092	04095	04095	04095	04095	04095	04095	
03685	04095	04092	04095	04095	04095	04095	04095	04095	
03700	04095	04092	04095	04095	04095	04095	04095	04095	
03689	04095	04092	04095	04095	04095	04095	04095	04095	
03684	04095	04092	04095	04095	04095	04095	04095	04095	
03701	04095	04094	04095	04095	04095	04095	04095	04095	
03699	04095	04094	04095	04095	04095	04095	04095	04095	
03685	04095	04092	04095	04095	04095	04095	04095	04095	
03698	04095	04092	04095	04095	04095	04095	04095	04095	
03416	03958	03743	03857	03970	04034	04095	03752	03795	
02961	03676	03187	03458	03708	03836	04047	03232	03303	
02511	03399	02618	03074	03445	03648	04007	02706	02795	
02020	03072	02001	02619	03121	03380	03893	02126	02227	
01508	02747	01373	02160	02785	03109	03753	01541	01651	
01290	02559	01091	01938	02582	02895	03611	01297	01372	
01233	02519	01019	01877	02507	02820	03542	01230	01283	
01177	02469	00957	01800	02430	02733	03460	01166	01207	
01168	02466	00944	01792	02417	02724	03452	01156	01191	
01166	02456	00937	01790	02420	02721	03448	01152	01182	
01165	02437	00935	01789	02416	02720	03448	01151	01205	
01163	02413	00931	01787	02417	02717	03443	01148	01201	
01164	02407	00930	01787	02423	02718	03446	01148	01199	
01167	02412	00931	01790	02430	02721	03449	01150	01200	
01167	02420	00931	01790	02428	02721	03449	01151	01200	
01168	02441	00931	01793	02441	02725	03453	01153	01173	
01173	02468	00935	01799	02450	02733	03463	01158	01176	
01175	02478	00937	01802	02453	02736	03465	01161	01179	
01175	02473	00938	01802	02451	02737	03465	01162	01179	
01177	02460	00939	01805	02452	02742	03470	01164	01181	
01177	02437	00938	01803	02440	02741	03465	01161	01178	
01173	02406	00936	01799	02420	02734	03454	01157	01174	
01171	02385	00934	01797	02411	02731	03451	01154	01170	
01170	02382	00932	01795	02411	02729	03452	01153	01169	
01166	02393	00928	01789	02409	02723	03446	01148	01164	
01163	02411	00926	01785	02414	02718	03444	01147	01162	
01163	02436	00926	01785	02430	02719	03447	01148	01162	
01159	02451	00923	01781	02430	02715	03443	01145	01160	
01156	02453	00920	01777	02423	02709	03435	01140	01156	
01157	02452	00920	01777	02425	02709	03436	01141	01156	
01159	02443	00921	01778	02428	02710	03436	01141	01156	
01155	02424	00917	01774	02420	02707	03434	01139	01153	
01156	02413	00918	01775	02422	02708	03436	01140	01153	
01157	02412	00919	01778	02428	02711	03442	01143	01155	
01157	02412	00919	01777	02427	02711	03442	01143	01155	
01155	02421	00919	01777	02425	02711	03441	01143	01156	
01157	02438	00921	01779	02430	02714	03442	01144	01157	
01158	02451	00922	01779	02431	02714	03442	01144	01158	
01156	02453	00922	01779	02426	02713	03439	01143	01158	
01156	02455	00922	01779	02428	02713	03439	01144	01158	
01155	02453	00920	01776	02429	02711	03438	01141	01155	
01153	02442	00919	01774	02423	02707	03434	01139	01154	
01152	02428	00917	01772	02421	02707	03432	01139	01152	
01167	02442	00931	01796	02448	02736	03461	01155	01168	
01168	02439	00933	01797	02448	02736	03463	01157	01169	
01211	02506	00980	01892	02509	02838	03549	01211	01219	
01492	02823	01256	02327	02805	03118	03675	01536	01510	
01898	03164	01683	02792	03143	03395	03798	02003	01931	
02321	03480	02158	03232	03455	03643	03892	02498	02390	
02784	03811	02686	03694	03789	03919	04035	03041	02902	
03223	04075	03197	04065	04052	04095	04095	03552	03391	
03419	04095	03484	04095	04095	04095	04095	03795	03650	
03495	04095	03630	04095	04095	04095	04095	03904	03788	
03555	04095	03729	04095	04095	04095	04095	03979	03884	
03581	04095	03792	04095	04095	04095	04095	04022	03946	
03584	04095	03830	04095	04095	04095	04095	04045	03987	
03606	04095	03869	04095	04095	04095	04095	04068	04027	
03622	04095	03902	04095	04095	04095	04095	04084	04056	
03613	04095	03918	04095	04095	04095	04095	04087	04072	
03619	04095	03937	04095	04095	04095	04095	04091	04085	
03636	04095	03960	04095	04095	04095	04095	04095	04095	
03626	04095	03967	04095	04095	04095	04095	04095	04095	
03617	04095	03971	04095	04095	04095	04095	04095	04095	
03630	04095	03984	04095	04095	04095	04095	04095	04095	
03627	04095	03990	04095	04095	04095	04095	04095	04095	
03612	04095	03987	04095	04095	04095	04095	04095	04095	
03623	04095	03995	04095	04095	04095	04095	04095	04095	
03635	04095	04006	04095	04095	04095	04095	04095	04095	
03624	04095	04005	04095	04095	04095	04095	04095	04095	
03629	04095	04008	04095	04095	04095	04095	04095	04095	
03649	04095	04021	04095	04095	04095	04095	04095	04095	
03647	04095	04024	04095	04095	04095	04095	04095	04095	
03641	04095	04022	04095	04095	04095	04095	04095	04095	
03661	04095	04031	04095	04095	04095	04095	04095	04095	
03668	04095	04037	04095	04095	04095	04095	04095	04095	
03657	04095	04032	04095	04095	04095	04095	04095	04095	
03669	04095	04036	04095	04095	04095	04095	04095	04095	
03688	04095	04048	04095	04095	04095	04095	04095	04095	
03682	04095	04046	04095	04095	04095	04095	04095	04095	
03686	04095	04048	04095	04095	04095	04095	04095	04095	
03708	04095	04059	04095	04095	04095	04095	04095	04095	
03705	04095	04059	04095	04095	04095	04095	04095	04095	
03693	04095	04049	04095	04095	04095	04095	04095	04095	
03703	04095	04051	04095	04095	04095	04095	04095	04095	
03705	04095	04048	04095	04095	04095	04095	04095	04095	
03687	04095	04035	04095	04095	04095	04095	04095	04095	
03692	04095	04036	04095	04095	04095	04095	04095	04095	
03706	04095	04043	04095	04095	04095	04095	04095	04095	
03696	04095	04041	04095	04095	04095	04095	04095	04095	
03695	04095	04041	04095	04095	04095	04095	04095	04095	
03714	04095	04054	04095	04095	04095	04095	04095	04095	
03712	04095	04056	04095	04095	04095	04095	04095	04095	
03699	04095	04049	04095	04095	04095	04095	04095	04095	
03711	04095	04053	04095	04095	04095	04095	04095	04095	
03713	04095	04051	04095	04095	04095	04095	04095	04095	
03693	04095	04037	04095	04095	04095	04095	04095	04095	
03694	04095	04032	04095	04095	04095	04095	04095	04095	
03705	04095	04035	04095	04095	04095	04095	04095	04095	
03692	04095	04027	04095	04095	04095	04095	04095	04095	
03658	04095	03992	04095	04095	04095	04095	04079	04083	
03256	03848	03490	03746	03876	03943	04041	03594	03635	
02787	03517	02920	03319	03566	03710	03929	03047	03108	
02292	03148	02320	02875	03222	03456	03794	02476	02552	
01797	02762	01711	02418	02857	03188	03646	01894	01979	
01327	02374	01128	01960	02488	02919	03474	01325	01414	
01234	02229	01016	01849	02348	02797	03351	01223	01282	
01198	02174	00971	01815	02294	02757	03311	01183	01226	
01182	02169	00950	01799	02282	02738	03293	01164	01199	
01174	02188	00943	01794	02293	02730	03289	01159	01188	
01169	02215	00937	01790	02312	02724	03290	01154	01181	
01169	02244	00935	01791	02325	02724	03296	01153	01205	
01168	02257	00933	01790	02334	02723	03294	01153	01203	
01166	02245	00931	01788	02327	02721	03294	01153	01202	
01169	02220	00931	01790	02314	02722	03292	01152	01201	
01170	02190	00931	01791	02292	02724	03287	01152	01200	
01167	02157	00930	01788	02273	02721	03279	01150	01170	
01167	02137	00928	01787	02258	02720	03278	01149	01168	
01168	02139	00929	01788	02259	02722	03278	01149	01167	
01167	02155	00928	01786	02267	02720	03277	01149	01165	
01165	02178	00927	01784	02285	02719	03280	01149	01165	
01167	02209	00927	01786	02314	02722	03286	01150	01165	
01167	02236	00928	01786	02331	02722	03289	01150	01165	
01165	02245	00927	01785	02337	02721	03289	01150	01165	
01166	02236	00926	01786	02338	02723	03292	01151	01166	
01168	02215	00927	01787	02328	02724	03290	01150	01165	
01166	02184	00926	01784	02305	02722	03283	01150	01165	
01166	02156	00926	01784	02285	02721	03278	01149	01164	
01164	02136	00925	01782	02272	02720	03275	01147	01162	
01160	02130	00922	01778	02263	02715	03269	01145	01160	
01157	02135	00920	01775	02264	02710	03264	01142	01156	
01156	02154	00918	01774	02280	02709	03267	01140	01155	
01154	02177	00916	01772	02295	02706	03269	01139	01152	
01153	02197	00916	01771	02306	02704	03270	01139	01151	
01153	02212	00917	01772	02316	02705	03274	01139	01151	
01155	02214	00918	01774	02322	02708	03277	01141	01153	
01153	02195	00917	01772	02312	02707	03274	01141	01153	
01153	02172	00917	01772	02300	02707	03268	01140	01154	
01159	02157	00922	01781	02297	02719	03275	01146	01159	
01159	02138	00921	01779	02284	02718	03270	01146	01160	
01158	02126	00919	01776	02275	02715	03266	01144	01158	
01160	02131	00920	01778	02280	02717	03268	01144	01158	
01160	02143	00921	01779	02289	02718	03272	01146	01159	
01154	02151	00915	01769	02291	02707	03264	01139	01152	
01155	02169	00916	01770	02304	02706	03266	01138	01151	
01158	02188	00919	01773	02318	02710	03272	01141	01154	
01157	02190	00918	01772	02320	02708	03271	01142	01154	
01156	02181	00918	01772	02319	02708	03271	01141	01154	
01160	02170	00921	01775	02320	02711	03272	01143	01157	
01160	02151	00921	01775	02310	02712	03272	01144	01158	
01157	02132	00920	01774	02298	02710	03267	01143	01157	
01163	02133	00926	01783	02303	02723	03278	01148	01161	
01468	02500	01226	02235	02630	03001	03434	01501	01473	
01863	02893	01652	02698	02990	03276	03591	01965	01893	
02303	03289	02138	03163	03355	03553	03748	02479	02369	
02768	03684	02664	03627	03721	03830	03927	03022	02879	
03225	04069	03201	04082	04062	04095	04095	03568	03402	
03389	04095	03452	04095	04095	04095	04095	03777	03631	
03475	04095	03594	04095	04095	04095	04095	03889	03767	
03513	04095	03679	04095	04095	04095	04095	03950	03853	
03523	04095	03730	04095	04095	04095	04095	03983	03908	
03546	04095	03775	04095	04095	04095	04095	04017	03955	
03559	04095	03810	04095	04095	04095	04095	04044	03991	
03548	04095	03825	04095	04095	04095	04095	04048	04009	
03551	04095	03842	04095	04095	04095	04095	04060	04028	
03568	04095	03864	04095	04095	04095	04095	04075	04051	
03564	04095	03874	04095	04095	04095	04095	04078	04061	
03562	04095	03882	04095	04095	04095	04095	04080	04070	
03583	04095	03901	04095	04095	04095	04095	04089	04083	
03591	04095	03912	04095	04095	04095	04095	04092	04089	
03583	04095	03914	04095	04095	04095	04095	04092	04089	
03597	04095	03923	04095	04095	04095	04095	04094	04092	
03613	04095	03935	04095	04095	04095	04095	04095	04095	
03604	04095	03932	04095	04095	04095	04095	04095	04095	
03609	04095	03935	04095	04095	04095	04095	04095	04095	
03631	04095	03948	04095	04095	04095	04095	04095	04095	
03630	04095	03950	04095	04095	04095	04095	04095	04095	
03625	04095	03949	04095	04095	04095	04095	04095	04095	
03646	04095	03963	04095	04095	04095	04095	04095	04095	
03655	04095	03974	04095	04095	04095	04095	04095	04095	
03645	04095	03972	04095	04095	04095	04095	04095	04095	
03658	04095	03981	04095	04095	04095	04095	04095	04095	
03675	04095	03994	04095	04095	04095	04095	04095	04095	
03663	04095	03992	04095	04095	04095	04095	04095	04095	
03663	04095	03993	04095	04095	04095	04095	04095	04095	
03682	04095	04009	04095	04095	04095	04095	04095	04095	
03679	04095	04016	04095	04095	04095	04095	04095	04095	
03671	04095	04021	04095	04095	04095	04095	04095	04095	
03687	04095	04038	04095	04095	04095	04095	04095	04095	
03693	04095	04054	04095	04095	04095	04095	04095	04095	
03679	04095	04057	04095	04095	04095	04095	04095	04095	
03683	04095	04068	04095	04095	04095	04095	04095	04095	
03696	04095	04080	04095	04095	04095	04095	04095	04095	
03682	04095	04083	04095	04095	04095	04095	04095	04095	
03677	04095	04087	04095	04095	04095	04095	04095	04095	
03688	04095	04093	04095	04095	04095	04095	04095	04095	
03680	04095	04093	04095	04095	04095	04095	04095	04095	
03664	04095	04093	04095	04095	04095	04095	04095	04095	
03673	04095	04095	04095	04095	04095	04095	04095	04095	
03676	04095	04095	04095	04095	04095	04095	04095	04095	
03661	04095	04095	04095	04095	04095	04095	04095	04095	
03665	04095	04095	04095	04095	04095	04095	04095	04095	
03677	04095	04095	04095	04095	04095	04095	04095	04095	
03664	04095	04095	04095	04095	04095	04095	04095	04095	
03656	04095	04095	04095	04095	04095	04095	04095	04095	
03670	04095	04095	04095	04095	04095	04095	04095	04095	
03664	04095	04095	04095	04095	04095	04095	04095	04095	
03650	04095	04095	04095	04095	04095	04095	04095	04095	
03660	04095	04095	04095	04095	04095	04095	04095	04095	
03666	04095	04095	04095	04095	04095	04095	04095	04095	
03648	04095	04095	04095	04095	04095	04095	04095	04095	
03649	04095	04095	04095	04095	04095	04095	04095	04095	
03663	04095	04095	04095	04095	04095	04095	04095	04095	
03653	04095	04095	04095	04095	04095	04095	04095	04095	
03643	04095	04095	04095	04095	04095	04095	04095	04095	
03658	04095	04095	04095	04095	04095	04095	04095	04095	
03655	04095	04095	04095	04095	04095	04095	04095	04095	
03636	04095	04095	04095	04095	04095	04095	04095	04095	
