01527	02447	01536	02457	01751	03123	03425	01685	01838	
01526	02443	01536	02455	01749	03118	03424	01683	01836	
01531	02446	01539	02460	01754	03122	03427	01684	01839	
01529	02442	01537	02457	01751	03118	03425	01683	01837	
01527	02440	01535	02454	01749	03117	03423	01682	01835	
01531	02447	01537	02460	01752	03122	03426	01683	01837	
01532	02450	01538	02462	01753	03128	03428	01686	01837	
01528	02447	01535	02454	01749	03130	03425	01688	01835	
01530	02452	01536	02455	01751	03141	03429	01696	01837	
01534	02459	01539	02460	01753	03153	03432	01702	01838	
01529	02456	01534	02454	01748	03155	03426	01703	01833	
01527	02458	01530	02453	01747	03158	03424	01703	01832	
01530	02463	01532	02460	01748	03162	03426	01705	01832	
01527	02459	01528	02455	01746	03158	03421	01701	01829	
01523	02451	01523	02447	01742	03149	03418	01697	01826	
01527	02452	01525	02450	01747	03146	03420	01697	01830	
01527	02450	01526	02449	01746	03139	03420	01693	01830	
01523	02441	01523	02443	01744	03127	03415	01686	01827	
01524	02442	01525	02447	01746	03122	03415	01682	01829	
01526	02443	01527	02450	01749	03120	03415	01680	01831	
01523	02437	01525	02444	01745	03113	03413	01676	01828	
01522	02434	01524	02443	01746	03111	03412	01675	01828	
01525	02439	01526	02448	01749	03115	03416	01677	01831	
01523	02437	01524	02446	01747	03114	03414	01675	01829	
01521	02435	01522	02442	01744	03114	03412	01675	01826	
01523	02441	01524	02446	01746	03122	03415	01680	01829	
01523	02443	01524	02446	01744	03128	03416	01684	01829	
01521	02443	01524	02443	01743	03132	03416	01687	01827	
01525	02451	01526	02450	01745	03143	03421	01693	01831	
01528	02459	01529	02457	01748	03153	03428	01700	01834	
01526	02458	01528	02453	01746	03155	03426	01700	01832	
01527	02460	01529	02455	01748	03158	03430	01702	01832	
01531	02464	01531	02460	01750	03160	03432	01702	01835	
01528	02460	01531	02455	01749	03154	03429	01698	01833	
01526	02454	01531	02452	01747	03145	03426	01693	01831	
01530	02455	01534	02459	01751	03141	03430	01693	01834	
01530	02452	01535	02459	01752	03134	03428	01689	01835	
01525	02445	01532	02452	01750	03126	03425	01685	01832	
01529	02445	01535	02456	01753	03124	03425	01685	01835	
01531	02448	01537	02459	01756	03125	03427	01684	01836	
01527	02443	01533	02452	01752	03119	03420	01680	01834	
01528	02445	01534	02453	01753	03120	03420	01681	01835	
01532	02451	01538	02459	01756	03125	03424	01683	01837	
01528	02448	01534	02452	01737	03145	03421	01682	01834	
01525	02444	01530	02448	01734	03145	03416	01682	01831	
01528	02449	01531	02454	01736	03153	03421	01686	01833	
01526	02449	01528	02453	01733	03157	03420	01687	01831	
01521	02445	01524	02447	01728	03156	03417	01688	01827	
01524	02450	01526	02451	01745	03143	03421	01693	01829	
01525	02453	01526	02452	01746	03149	03426	01697	01830	
01521	02448	01523	02446	01742	03146	03422	01696	01827	
01522	02448	01522	02446	01744	03144	03420	01695	01828	
01525	02451	01524	02451	01746	03144	03423	01695	01830	
01522	02445	01522	02446	01742	03135	03418	01689	01827	
01519	02440	01521	02443	01740	03127	03414	01684	01824	
01524	02443	01525	02448	01744	03125	03416	01682	01827	
01523	02440	01524	02445	01743	03120	03416	01679	01824	
01520	02434	01522	02440	01741	03113	03411	01674	01822	
01524	02438	01525	02445	01746	03115	03414	01675	01824	
01525	02439	01526	02448	01746	03115	03413	01676	01827	
01522	02436	01526	02444	01745	03114	03410	01677	01826	
01525	02441	01530	02449	01749	03118	03414	01681	01831	
01530	02449	01535	02457	01753	03126	03419	01687	01837	
01531	02450	01536	02456	01752	03129	03420	01689	01837	
01534	02453	01538	02457	01755	03136	03423	01694	01839	
01541	02461	01542	02465	01758	03146	03431	01701	01843	
01542	02462	01543	02465	01757	03152	03434	01704	01842	
01539	02460	01541	02461	01755	03155	03433	01707	01841	
01540	02465	01544	02467	01758	03161	03437	01712	01844	
01541	02468	01545	02470	01759	03164	03439	01713	01846	
01536	02462	01542	02463	01755	03159	03435	01712	01844	
01537	02462	01543	02464	01756	03158	03433	01712	01846	
01541	02465	01546	02468	01758	03156	03435	01712	01848	
01537	02459	01543	02464	01755	03149	03431	01707	01846	
01536	02455	01543	02462	01754	03144	03430	01705	01845	
01541	02459	01547	02469	01759	03144	03434	01705	01848	
01531	02444	01535	02452	01745	03124	03415	01689	01835	
01515	02419	01516	02426	01727	03095	03386	01667	01814	
01505	02403	01501	02410	01711	03075	03365	01649	01798	
01495	02387	01484	02392	01695	03053	03342	01631	01781	
01480	02363	01463	02365	01674	03027	03312	01610	01759	
01482	02360	01457	02363	01671	03025	03307	01606	01754	
01491	02368	01460	02370	01675	03034	03314	01611	01758	
01493	02369	01460	02368	01674	03037	03315	01614	01757	
01496	02369	01458	02367	01674	03040	03313	01616	01757	
01498	02372	01457	02369	01674	03043	03316	01618	01757	
01497	02371	01456	02367	01673	03045	03316	01619	01755	
01490	02363	01450	02357	01667	03039	03310	01615	01748	
01488	02360	01447	02354	01665	03034	03304	01610	01744	
01485	02356	01443	02350	01662	03030	03300	01605	01739	
01484	02355	01446	02351	01664	03032	03301	01606	01740	
01487	02358	01448	02355	01668	03032	03304	01607	01744	
01492	02364	01453	02365	01675	03037	03311	01611	01751	
01493	02364	01457	02365	01666	03036	03313	01613	01781	
01497	02368	01463	02371	01671	03039	03319	01617	01787	
01503	02374	01468	02379	01677	03042	03325	01620	01793	
01510	02384	01477	02389	01685	03053	03339	01629	01801	
01514	02388	01483	02395	01691	03060	03347	01636	01807	
01521	02397	01489	02405	01708	03068	03355	01642	01788	
01522	02399	01491	02406	01708	03070	03359	01644	01790	
01514	02389	01483	02394	01699	03062	03351	01639	01783	
01505	02376	01471	02380	01687	03046	03333	01626	01770	
01499	02371	01462	02374	01679	03037	03322	01617	01760	
01491	02362	01454	02362	01670	03030	03312	01610	01749	
01486	02358	01449	02357	01666	03029	03305	01607	01744	
01489	02364	01451	02362	01670	03034	03306	01609	01746	
01487	02363	01450	02360	01669	03035	03303	01609	01745	
01483	02361	01448	02355	01666	03032	03300	01609	01743	
01488	02365	01450	02361	01670	03036	03305	01611	01747	
01490	02366	01452	02362	01671	03036	03306	01611	01748	
01484	02359	01447	02354	01665	03029	03301	01607	01743	
01484	02358	01446	02354	01665	03026	03302	01605	01743	
01484	02358	01446	02355	01666	03024	03302	01603	01743	
01478	02349	01442	02348	01660	03015	03295	01597	01737	
01475	02345	01439	02344	01656	03009	03293	01592	01733	
01477	02347	01441	02349	01659	03010	03296	01592	01735	
01477	02346	01442	02347	01658	03009	03294	01591	01733	
01476	02343	01440	02343	01657	03007	03292	01590	01732	
01481	02349	01443	02349	01661	03013	03296	01594	01736	
01483	02353	01445	02353	01663	03017	03300	01598	01740	
01484	02353	01447	02353	01664	03021	03302	01601	01741	
01488	02359	01450	02359	01668	03029	03308	01607	01746	
01494	02368	01455	02368	01674	03039	03316	01615	01752	
01493	02368	01455	02366	01672	03041	03318	01617	01752	
01494	02369	01457	02367	01674	03044	03320	01618	01753	
01498	02375	01459	02372	01677	03048	03321	01620	01755	
01496	02374	01458	02368	01675	03046	03320	01619	01754	
01495	02370	01459	02365	01675	03044	03318	01617	01753	
01501	02375	01462	02371	01680	03046	03321	01619	01757	
01503	02374	01462	02372	01682	03044	03319	01619	01757	
01498	02368	01460	02367	01678	03037	03316	01617	01755	
01501	02369	01461	02371	01679	03036	03317	01616	01757	
01503	02372	01463	02375	01681	03036	03319	01617	01759	
01499	02366	01461	02370	01677	03032	03316	01615	01756	
01499	02367	01462	02370	01678	03033	03319	01615	01757	
01507	02377	01469	02382	01687	03044	03329	01621	01765	
01510	02381	01473	02384	01690	03049	03333	01624	01767	
01509	02379	01473	02381	01689	03049	03332	01625	01767	
01513	02386	01475	02388	01693	03055	03336	01629	01772	
01513	02385	01474	02386	01691	03054	03335	01629	01771	
01504	02375	01465	02373	01682	03044	03323	01622	01762	
01500	02370	01459	02370	01678	03040	03318	01618	01757	
01499	02368	01455	02368	01674	03037	03314	01614	01753	
01490	02358	01447	02356	01652	03048	03305	01607	01742	
01488	02356	01445	02353	01651	03046	03301	01604	01739	
01490	02358	01445	02356	01652	03047	03299	01603	01739	
01485	02354	01443	02350	01648	03041	03292	01600	01736	
01491	02362	01451	02359	01658	03052	03305	01609	01746	
01515	02391	01475	02393	01700	03066	03340	01635	01774	
01536	02418	01500	02421	01723	03098	03373	01661	01801	
01546	02431	01515	02434	01736	03115	03395	01677	01818	
01559	02445	01528	02450	01749	03132	03413	01690	01833	
01562	02448	01531	02453	01751	03133	03414	01691	01836	
01548	02431	01520	02433	01735	03113	03395	01677	01822	
01537	02415	01506	02417	01722	03094	03375	01663	01808	
01536	02414	01503	02416	01719	03090	03370	01659	01804	
01534	02412	01502	02413	01717	03089	03369	01659	01802	
01532	02409	01500	02410	01716	03088	03367	01658	01799	
03553	04095	04095	04095	04095	04095	04095	04095	04095	
03550	04095	04095	04095	04095	04095	04095	04095	04095	
03559	04095	04095	04095	04095	04095	04095	04095	04095	
03542	04095	04095	04095	04095	04095	04095	04095	04095	
03533	04095	04095	04095	04095	04095	04095	04095	04095	
03545	04095	04095	04095	04095	04095	04095	04095	04095	
03540	04095	04095	04095	04095	04095	04095	04095	04095	
03529	04095	04095	04095	04095	04095	04095	04095	04095	
03548	04095	04095	04095	04095	04095	04095	04095	04095	
03567	04095	04095	04095	04095	04095	04095	04095	04095	
03566	04095	04095	04095	04095	04095	04095	04095	04095	
03586	04095	04095	04095	04095	04095	04095	04095	04095	
03617	04095	04095	04095	04095	04095	04095	04095	04095	
03619	04095	04095	04095	04095	04095	04095	04095	04095	
03620	04095	04095	04095	04095	04095	04095	04095	04095	
03645	04095	04095	04095	04095	04095	04095	04095	04095	
03650	04095	04095	04095	04095	04095	04095	04095	04095	
03637	04095	04095	04095	04095	04095	04095	04095	04095	
03650	04095	04095	04095	04095	04095	04095	04095	04095	
03660	04095	04095	04095	04095	04095	04095	04095	04095	
03643	04095	04095	04095	04095	04095	04095	04095	04095	
03639	04095	04095	04095	04095	04095	04095	04095	04095	
03653	04095	04095	04095	04095	04095	04095	04095	04095	
03640	04095	04095	04095	04095	04095	04095	04095	04095	
03626	04095	04095	04095	04095	04095	04095	04095	04095	
03640	04095	04095	04095	04095	04095	04095	04095	04095	
03640	04095	04095	04095	04095	04095	04095	04095	04095	
03622	04095	04095	04095	04095	04095	04095	04095	04095	
03631	04095	04095	04095	04095	04095	04095	04095	04095	
03642	04095	04095	04095	04095	04095	04095	04095	04095	
03627	04095	04095	04095	04095	04095	04095	04095	04095	
03625	04095	04095	04095	04095	04095	04095	04095	04095	
03642	04095	04095	04095	04095	04095	04095	04095	04095	
03631	04095	04095	04095	04095	04095	04095	04095	04095	
03619	04095	04095	04095	04095	04095	04095	04095	04095	
03632	04095	04095	04095	04095	04095	04095	04095	04095	
03285	03870	03700	03858	03730	03957	04032	03608	03763	
02866	03581	03211	03559	03311	03749	03903	03052	03346	
02453	03287	02704	03257	02873	03534	03789	02485	02909	
02036	02990	02189	02953	02432	03316	03674	01914	02462	
01600	02686	01666	02643	01986	03093	03553	01339	02008	
01517	02607	01532	02570	01905	03007	03472	01249	01881	
01499	02595	01491	02562	01891	02993	03460	01228	01839	
01486	02585	01468	02553	01881	02983	03453	01216	01813	
01476	02575	01452	02545	01873	02973	03445	01207	01794	
01475	02577	01444	02546	01873	02972	03444	01202	01785	
01471	02575	01437	02546	01871	02970	03442	01199	01777	
01465	02567	01430	02540	01865	02965	03437	01197	01770	
01465	02565	01427	02541	01866	02965	03436	01194	01766	
01469	02568	01427	02547	01870	02968	03440	01194	01766	
01467	02563	01425	02546	01868	02966	03438	01194	01763	
01469	02562	01423	02546	01869	02967	03438	01195	01762	
01473	02567	01424	02552	01873	02970	03442	01195	01763	
01471	02566	01422	02550	01871	02968	03441	01197	01761	
01467	02562	01419	02544	01867	02965	03436	01195	01757	
01469	02566	01418	02547	01869	02966	03440	01196	01758	
01468	02568	01417	02547	01869	02965	03440	01193	01755	
01464	02565	01415	02541	01866	02962	03435	01192	01751	
01466	02565	01415	02544	01869	02964	03438	01192	01751	
01468	02567	01414	02547	01871	02966	03442	01192	01752	
01464	02559	01411	02542	01866	02962	03438	01190	01748	
01463	02556	01411	02542	01866	02960	03437	01191	01749	
01467	02561	01412	02547	01871	02963	03441	01192	01750	
01464	02559	01411	02544	01867	02961	03439	01190	01747	
01462	02556	01409	02540	01865	02958	03434	01188	01745	
01465	02560	01410	02544	01869	02961	03435	01190	01747	
01463	02559	01407	02541	01866	02960	03434	01188	01744	
01456	02549	01402	02532	01859	02952	03426	01184	01739	
01456	02548	01401	02531	01859	02952	03424	01183	01738	
01458	02552	01401	02535	01861	02953	03424	01182	01738	
01453	02547	01397	02527	01854	02948	03422	01180	01733	
01452	02545	01396	02525	01853	02946	03420	01179	01731	
01457	02551	01398	02531	01858	02949	03423	01181	01733	
01456	02551	01397	02530	01856	02948	03423	01182	01733	
01452	02546	01395	02524	01851	02944	03421	01180	01730	
01454	02550	01396	02527	01854	02946	03421	01180	01732	
01456	02555	01398	02530	01856	02948	03423	01182	01733	
01452	02550	01396	02525	01852	02946	03419	01181	01731	
01452	02551	01396	02524	01853	02946	03420	01180	01730	
01456	02557	01398	02530	01858	02950	03422	01182	01733	
01455	02555	01398	02526	01855	02947	03420	01182	01731	
01453	02552	01396	02523	01854	02945	03417	01182	01730	
01458	02558	01399	02529	01849	02949	03422	01184	01760	
01459	02561	01401	02530	01851	02951	03422	01186	01761	
01458	02558	01401	02527	01849	02950	03421	01188	01761	
01461	02561	01403	02533	01854	02953	03426	01188	01764	
01465	02565	01405	02537	01858	02957	03430	01190	01767	
01462	02559	01404	02534	01864	02954	03428	01189	01739	
01462	02556	01403	02534	01863	02953	03427	01188	01738	
01465	02558	01403	02538	01865	02955	03429	01187	01739	
01463	02555	01402	02534	01863	02953	03426	01188	01738	
01461	02553	01400	02530	01861	02951	03423	01188	01737	
01464	02560	01402	02533	01864	02954	03425	01188	01738	
01464	02563	01402	02533	01864	02953	03427	01189	01738	
01461	02560	01402	02528	01861	02951	03424	01188	01735	
01464	02563	01402	02531	01863	02953	03426	01187	01737	
01465	02563	01403	02535	01864	02954	03427	01186	01736	
01461	02555	01402	02531	01861	02951	03423	01186	01735	
01462	02553	01403	02531	01861	02951	03421	01187	01737	
01462	02555	01402	02534	01862	02951	03422	01185	01736	
01457	02550	01399	02528	01857	02946	03420	01183	01733	
01456	02546	01398	02523	01854	02944	03417	01182	01731	
01457	02550	01397	02526	01856	02946	03419	01182	01731	
01454	02549	01394	02523	01853	02943	03417	01179	01727	
01452	02547	01394	02518	01850	02941	03416	01180	01726	
01455	02551	01394	02522	01854	02943	03416	01181	01728	
01456	02556	01395	02525	01856	02944	03418	01181	01729	
01453	02553	01394	02520	01852	02941	03415	01181	01726	
01454	02552	01394	02519	01853	02941	03415	01183	01727	
01457	02555	01395	02523	01856	02944	03416	01182	01728	
01455	02552	01394	02520	01853	02942	03413	01181	01726	
01453	02549	01393	02517	01851	02940	03412	01180	01724	
01455	02552	01393	02522	01854	02942	03415	01181	01726	
01456	02555	01393	02522	01854	02942	03413	01180	01726	
01454	02552	01393	02518	01851	02940	03413	01181	01724	
01456	02554	01395	02521	01853	02942	03415	01182	01727	
01459	02559	01397	02527	01858	02945	03418	01184	01730	
01458	02557	01397	02525	01856	02945	03418	01185	01731	
01459	02557	01398	02527	01858	02947	03420	01186	01733	
01463	02562	01400	02534	01864	02952	03423	01187	01736	
01462	02563	01400	02532	01863	02951	03426	01186	01735	
01460	02559	01400	02527	01860	02949	03422	01186	01734	
01463	02564	01401	02531	01864	02952	03425	01186	01735	
01464	02567	01402	02531	01863	02952	03428	01185	01734	
01460	02563	01400	02525	01859	02949	03427	01185	01731	
01462	02565	01401	02527	01862	02950	03428	01186	01732	
01464	02570	01403	02531	01864	02952	03429	01187	01733	
01461	02567	01402	02527	01862	02950	03426	01187	01731	
01460	02565	01401	02526	01861	02949	03425	01188	01731	
01463	02571	01402	02532	01865	02952	03425	01188	01734	
01462	02569	01402	02531	01865	02951	03422	01188	01734	
01460	02565	01400	02527	01862	02950	03421	01189	01735	
01461	02567	01400	02529	01851	02970	03423	01190	01735	
01461	02568	01400	02528	01850	02969	03420	01188	01733	
01457	02564	01397	02522	01846	02966	03416	01186	01730	
01456	02564	01396	02521	01845	02965	03417	01185	01729	
01454	02566	01394	02520	01843	02963	03415	01181	01725	
01449	02559	01391	02513	01849	02938	03408	01177	01719	
01446	02553	01388	02508	01846	02935	03403	01175	01716	
01446	02554	01388	02510	01845	02934	03406	01174	01716	
01455	02565	01398	02526	01859	02953	03425	01186	01730	
01476	02587	01420	02547	01888	02982	03453	01214	01759	
01794	02898	01759	02867	02275	03217	03608	01618	02069	
02169	03210	02175	03186	02706	03451	03740	02115	02440	
02553	03516	02625	03501	03140	03682	03866	02646	02836	
02946	03810	03088	03800	03574	03892	03973	03191	03238	
03341	04095	03566	04095	03996	04095	04095	03742	03646	
03432	04095	03735	04095	04052	04095	04095	03923	03779	
03465	04095	03830	04095	04075	04095	04095	04011	03855	
03504	04095	03905	04095	04092	04095	04095	04063	03918	
03520	04095	03959	04095	04095	04095	04095	04088	03962	
03514	04095	03992	04095	04095	04095	04095	04094	03989	
03531	04095	04026	04095	04095	04095	04095	04095	04018	
03549	04095	04057	04095	04095	04095	04095	04095	04046	
03536	04095	04070	04095	04095	04095	04095	04095	04055	
03536	04095	04081	04095	04095	04095	04095	04095	04065	
03554	04095	04091	04095	04095	04095	04095	04095	04078	
03549	04095	04093	04095	04095	04095	04095	04095	04084	
03540	04095	04093	04095	04095	04095	04095	04095	04086	
03559	04095	04095	04095	04095	04095	04095	04095	04092	
03564	04095	04095	04095	04095	04095	04095	04095	04095	
03550	04095	04095	04095	04095	04095	04095	04095	04095	
03553	04095	04095	04095	04095	04095	04095	04095	04095	
03556	04095	04095	04095	04095	04095	04095	04095	04095	
03530	04095	04095	04095	04095	04095	04095	04095	04095	
03514	04095	04095	04095	04095	04095	04095	04095	04095	
03515	04095	04095	04095	04095	04095	04095	04095	04095	
03498	04095	04095	04095	04095	04095	04095	04095	04095	
03480	04095	04095	04095	04095	04095	04095	04095	04095	
03489	04095	04095	04095	04095	04095	04095	04095	04095	
03491	04095	04095	04095	04095	04095	04095	04095	04095	
03476	04095	04095	04095	04095	04095	04095	04095	04095	
03482	04095	04095	04095	04095	04095	04095	04095	04095	
03496	04095	04095	04095	04095	04095	04095	04095	04095	
03485	04095	04095	04095	04095	04095	04095	04095	04095	
03482	04095	04095	04095	04095	04095	04095	04095	04095	
03500	04095	04095	04095	04095	04095	04095	04095	04095	
03499	04095	04095	04095	04095	04095	04095	04095	04095	
03488	04095	04095	04095	04095	04095	04095	04095	04095	
03502	04095	04095	04095	04095	04095	04095	04095	04095	
03509	04095	04095	04095	04095	04095	04095	04095	04095	
03495	04095	04095	04095	04095	04095	04095	04095	04095	
03502	04095	04095	04095	04095	04095	04095	04095	04095	
03521	04095	04095	04095	04095	04095	04095	04095	04095	
03513	04095	04095	04095	04095	04095	04095	04095	04095	
03511	04095	04095	04095	04095	04095	04095	04095	04095	
03531	04095	04095	04095	04095	04095	04095	04095	04095	
03531	04095	04095	04095	04095	04095	04095	04095	04095	
03518	04095	04095	04095	04095	04095	04095	04095	04095	
03531	04095	04095	04095	04095	04095	04095	04095	04095	
03540	04095	04095	04095	04095	04095	04095	04095	04095	
03525	04095	04095	04095	04095	04095	04095	04095	04095	
03527	04095	04095	04095	04095	04095	04095	04095	04095	
03540	04095	04095	04095	04095	04095	04095	04095	04095	
03528	04095	04095	04095	04095	04095	04095	04095	04095	
03518	04095	04095	04095	04095	04095	04095	04095	04095	
03533	04095	04095	04095	04095	04095	04095	04095	04095	
03532	04095	04095	04095	04095	04095	04095	04095	04095	
03517	04095	04095	04095	04095	04095	04095	04095	04095	
03525	04095	04095	04095	04095	04095	04095	04095	04095	
03532	04095	04095	04095	04095	04095	04095	04095	04095	
03514	04095	04095	04095	04095	04095	04095	04095	04095	
03511	04095	04095	04095	04095	04095	04095	04095	04095	
03524	04095	04095	04095	04095	04095	04095	04095	04095	
03516	04095	04095	04095	04095	04095	04095	04095	04095	
03508	04095	04095	04095	04095	04095	04095	04095	04095	
03525	04095	04095	04095	04095	04095	04095	04095	04095	
03526	04095	04095	04095	04095	04095	04095	04095	04095	
03512	04095	04095	04095	04095	04095	04095	04095	04095	
03521	04095	04095	04095	04095	04095	04095	04095	04095	
03532	04095	04095	04095	04095	04095	04095	04095	04095	
03519	04095	04095	04095	04095	04095	04095	04095	04095	
03524	04095	04095	04095	04095	04095	04095	04095	04095	
03548	04095	04095	04095	04095	04095	04095	04095	04095	
03552	04095	04095	04095	04095	04095	04095	04095	04095	
03555	04095	04095	04095	04095	04095	04095	04095	04095	
03588	04095	04095	04095	04095	04095	04095	04095	04095	
03606	04095	04095	04095	04095	04095	04095	04095	04095	
03601	04095	04095	04095	04095	04095	04095	04095	04095	
03615	04095	04095	04095	04095	04095	04095	04095	04095	
03631	04095	04095	04095	04095	04095	04095	04095	04095	
03617	04095	04095	04095	04095	04095	04095	04095	04095	
03615	04095	04095	04095	04095	04095	04095	04095	04095	
03633	04095	04095	04095	04095	04095	04095	04095	04095	
03630	04095	04095	04095	04095	04095	04095	04095	04095	
03622	04095	04095	04095	04095	04095	04095	04095	04095	
03641	04095	04095	04095	04095	04095	04095	04095	04095	
03649	04095	04095	04095	04095	04095	04095	04095	04095	
03635	04095	04095	04095	04095	04095	04095	04095	04095	
03643	04095	04095	04095	04095	04095	04095	04095	04095	
03657	04095	04095	04095	04095	04095	04095	04095	04095	
03644	04095	04095	04095	04095	04095	04095	04095	04095	
03638	04095	04095	04095	04095	04095	04095	04095	04095	
03653	04095	04095	04095	04095	04095	04095	04095	04095	
03647	04095	04095	04095	04095	04095	04095	04095	04095	
03634	04095	04095	04095	04095	04095	04095	04095	04095	
03648	04095	04095	04095	04095	04095	04095	04095	04095	
03655	04095	04095	04095	04095	04095	04095	04095	04095	
03639	04095	04095	04095	04095	04095	04095	04095	04095	
03642	04095	04095	04095	04095	04095	04095	04095	04095	
03654	04095	04095	04095	04095	04095	04095	04095	04095	
03640	04095	04095	04095	04095	04095	04095	04095	04095	
03633	04095	04095	04095	04095	04095	04095	04095	04095	
03650	04095	04095	04095	04095	04095	04095	04095	04095	
03648	04095	04095	04095	04095	04095	04095	04095	04095	
03637	04095	04095	04095	04095	04095	04095	04095	04095	
03455	03998	03895	03982	03927	04092	04095	03844	03922	
03084	03769	03395	03733	03601	03913	04018	03327	03530	
02651	03486	02835	03433	03201	03677	03908	02758	03069	
02228	03205	02268	03134	02797	03441	03799	02183	02604	
01805	02920	01699	02835	02387	03202	03687	01604	02136	
01561	02728	01327	02644	02140	02964	03551	01274	01840	
01503	02668	01251	02590	02063	02901	03489	01208	01760	
01497	02665	01233	02591	02052	02897	03488	01195	01745	
01487	02656	01213	02584	02044	02888	03482	01185	01726	
01480	02651	01194	02578	02048	02882	03480	01180	01702	
01475	02652	01171	02579	02066	02877	03478	01176	01675	
01469	02653	01151	02578	02080	02872	03476	01172	01647	
01456	02644	01137	02569	02077	02863	03468	01167	01620	
01451	02643	01134	02569	02077	02861	03465	01165	01605	
01448	02645	01137	02570	02069	02860	03461	01163	01601	
01443	02639	01146	02563	02047	02857	03456	01160	01602	
01443	02633	01157	02558	02029	02855	03452	01159	01607	
01449	02637	01167	02562	02026	02856	03455	01160	01616	
01450	02635	01169	02559	02021	02855	03454	01158	01621	
01449	02628	01162	02554	02019	02851	03451	01157	01622	
01451	02628	01150	02557	02030	02849	03449	01155	01618	
01452	02630	01135	02557	02046	02846	03449	01154	01610	
01448	02623	01121	02550	02057	02841	03443	01151	01598	
01447	02621	01112	02548	02067	02838	03439	01149	01590	
01449	02625	01108	02550	02071	02838	03440	01147	01585	
01446	02621	01110	02545	02059	02836	03439	01146	01584	
01443	02617	01115	02542	02041	02835	03436	01146	01586	
01445	02623	01124	02546	02028	02839	03439	01147	01592	
01441	02622	01130	02545	02016	02838	03441	01147	01592	
01435	02617	01133	02539	02007	02836	03437	01146	01588	
01435	02621	01133	02541	02012	02838	03439	01148	01584	
01434	02625	01127	02544	02021	02839	03442	01148	01577	
01429	02618	01117	02539	02028	02835	03438	01147	01568	
01430	02619	01109	02540	02042	02835	03436	01148	01564	
01436	02623	01104	02545	02054	02837	03440	01149	01566	
01437	02620	01101	02542	02053	02835	03438	01148	01570	
01439	02617	01102	02541	02039	02834	03437	01149	01605	
01448	02625	01108	02548	02038	02839	03444	01150	01619	
01450	02627	01112	02551	02031	02841	03448	01151	01630	
01450	02623	01114	02548	02024	02841	03446	01151	01637	
01454	02627	01116	02554	02031	02845	03450	01153	01640	
01455	02631	01116	02557	02051	02848	03453	01152	01609	
01450	02625	01111	02552	02056	02844	03450	01151	01597	
01447	02624	01109	02551	02063	02842	03447	01150	01586	
01445	02629	01109	02556	02069	02844	03449	01151	01579	
01438	02627	01109	02552	02062	02842	03446	01150	01571	
01433	02623	01112	02548	02049	02841	03444	01149	01568	
01433	02628	01118	02552	02042	02844	03446	01151	01570	
01431	02629	01121	02552	02032	02843	03447	01152	01571	
01427	02623	01121	02546	02024	02840	03443	01151	01570	
01429	02625	01121	02549	02028	02841	03445	01152	01572	
01433	02628	01118	02552	02039	02841	03446	01152	01572	
01436	02630	01116	02556	02057	02847	03449	01158	01577	
01439	02628	01113	02554	02067	02845	03446	01158	01578	
01717	02915	01394	02865	02395	03098	03570	01492	01854	
02074	03207	01820	03173	02778	03347	03712	01962	02224	
02458	03499	02307	03481	03173	03599	03856	02486	02639	
02869	03789	02828	03784	03570	03842	03971	03039	03077	
03281	04084	03372	04095	03976	04095	04095	03614	03536	
03412	04095	03646	04095	04066	04095	04095	03861	03729	
03475	04095	03794	04095	04095	04095	04095	03979	03839	
03514	04095	03894	04095	04095	04095	04095	04044	03915	
03509	04095	03956	04095	04095	04095	04095	04074	03960	
03511	04095	04003	04095	04095	04095	04095	04087	03994	
03530	04095	04043	04095	04095	04095	04095	04095	04029	
03527	04095	04067	04095	04095	04095	04095	04095	04051	
03514	04095	04079	04095	04095	04095	04095	04095	04064	
03528	04095	04090	04095	04095	04095	04095	04095	04078	
03533	04095	04095	04095	04095	04095	04095	04095	04088	
03515	04095	04095	04095	04095	04095	04095	04095	04090	
03520	04095	04095	04095	04095	04095	04095	04095	04092	
03536	04095	04095	04095	04095	04095	04095	04095	04095	
03525	04095	04095	04095	04095	04095	04095	04095	04095	
03520	04095	04095	04095	04095	04095	04095	04095	04095	
03539	04095	04095	04095	04095	04095	04095	04095	04095	
03535	04095	04095	04095	04095	04095	04095	04095	04095	
03522	04095	04095	04095	04095	04095	04095	04095	04095	
03538	04095	04095	04095	04095	04095	04095	04095	04095	
03551	04095	04095	04095	04095	04095	04095	04095	04095	
03541	04095	04095	04095	04095	04095	04095	04095	04095	
03552	04095	04095	04095	04095	04095	04095	04095	04095	
03574	04095	04095	04095	04095	04095	04095	04095	04095	
03569	04095	04095	04095	04095	04095	04095	04095	04095	
03566	04095	04095	04095	04095	04095	04095	04095	04095	
03586	04095	04095	04095	04095	04095	04095	04095	04095	
03586	04095	04095	04095	04095	04095	04095	04095	04095	
03570	04095	04095	04095	04095	04095	04095	04095	04095	
03578	04095	04095	04095	04095	04095	04095	04095	04095	
03584	04095	04095	04095	04095	04095	04095	04095	04095	
03565	04095	04095	04095	04095	04095	04095	04095	04095	
03566	04095	04095	04095	04095	04095	04095	04095	04095	
03581	04095	04095	04095	04095	04095	04095	04095	04095	
03573	04095	04095	04095	04095	04095	04095	04095	04095	
03567	04095	04095	04095	04095	04095	04095	04095	04095	
03585	04095	04095	04095	04095	04095	04095	04095	04095	
03587	04095	04095	04095	04095	04095	04095	04095	04095	
03575	04095	04095	04095	04095	04095	04095	04095	04095	
03589	04095	04095	04095	04095	04095	04095	04095	04095	
03601	04095	04095	04095	04095	04095	04095	04095	04095	
03588	04095	04095	04095	04095	04095	04095	04095	04095	
03591	04095	04095	04095	04095	04095	04095	04095	04095	
03609	04095	04095	04095	04095	04095	04095	04095	04095	
03601	04095	04095	04095	04095	04095	04095	04095	04095	
03597	04095	04095	04095	04095	04095	04095	04095	04095	
03618	04095	04095	04095	04095	04095	04095	04095	04095	
03625	04095	04095	04095	04095	04095	04095	04095	04095	
03616	04095	04095	04095	04095	04095	04095	04095	04095	
03632	04095	04095	04095	04095	04095	04095	04095	04095	
03645	04095	04095	04095	04095	04095	04095	04095	04095	
03632	04095	04095	04095	04095	04095	04095	04095	04095	
03632	04095	04095	04095	04095	04095	04095	04095	04095	
03389	03966	03762	03943	03908	04032	04095	03748	03857	
03339	03966	03705	03943	03908	04032	04095	03704	03840	
03283	03966	03662	03943	03887	04032	04095	03670	03807	
02925	03755	03148	03710	03599	03859	04053	03177	03444	
02500	03491	02556	03425	03248	03625	03940	02620	02993	
02305	03336	02272	03269	03073	03426	03806	02390	02742	
01901	03051	01709	02962	02701	03161	03692	01853	02245	
01500	02763	01128	02651	02347	02892	03578	01302	01756	
01410	02682	01016	02571	02253	02795	03500	01209	01607	
01379	02654	00977	02541	02223	02763	03471	01180	01548	
01369	02648	00962	02533	02215	02764	03464	01168	01529	
01359	02639	00951	02524	02203	02768	03455	01160	01533	
01353	02630	00944	02517	02192	02774	03448	01154	01544	
01353	02632	00940	02516	02193	02785	03447	01151	01547	
01350	02630	00937	02513	02190	02788	03445	01148	01544	
01346	02623	00934	02505	02184	02783	03440	01145	01540	
01347	02625	00933	02503	02187	02775	03440	01145	01536	
01348	02629	00933	02503	02192	02763	03442	01145	01523	
01343	02624	00931	02496	02186	02745	03439	01145	01499	
01343	02623	00931	02497	02186	02732	03439	01145	01480	
01346	02629	00931	02507	02193	02727	03442	01147	01473	
01344	02625	00929	02511	02188	02727	03440	01145	01470	
01343	02621	00927	02514	02183	02735	03436	01145	01479	
01346	02623	00926	02525	02186	02749	03438	01144	01499	
01346	02624	00925	02530	02184	02761	03437	01142	01515	
01344	02618	00925	02526	02168	02767	03433	01141	01549	
01347	02622	00927	02529	02172	02774	03436	01143	01553	
01350	02628	00930	02528	02178	02771	03443	01144	01555	
01348	02625	00930	02516	02176	02759	03442	01145	01546	
01349	02625	00931	02506	02180	02749	03443	01148	01530	
01352	02632	00932	02504	02197	02742	03447	01150	01488	
01351	02630	00931	02499	02195	02732	03447	01150	01479	
01348	02625	00930	02498	02190	02730	03445	01150	01476	
01352	02631	00931	02510	02195	02742	03449	01151	01485	
01353	02631	00931	02523	02194	02752	03450	01151	01502	
01350	02624	00929	02528	02187	02759	03446	01148	01516	
01351	02625	00930	02537	02188	02767	03447	01148	01524	
01354	02628	00930	02544	02191	02770	03449	01147	01526	
01351	02623	00929	02541	02186	02759	03445	01145	01522	
01349	02621	00928	02538	02185	02749	03443	01144	01512	
01351	02628	00930	02537	02192	02741	03446	01146	01498	
01349	02628	00931	02528	02190	02731	03443	01146	01485	
01345	02622	00929	02515	02185	02723	03437	01144	01475	
01346	02624	00927	02508	02187	02727	03438	01145	01475	
01345	02624	00927	02499	02187	02734	03438	01143	01480	
01340	02617	00924	02487	02179	02739	03433	01141	01491	
01339	02615	00922	02482	02178	02747	03431	01139	01502	
01340	02619	00922	02485	02182	02755	03437	01140	01509	
01336	02614	00922	02484	02177	02753	03432	01138	01509	
01336	02612	00922	02487	02176	02746	03429	01137	01506	
01338	02617	00923	02498	02182	02739	03432	01138	01500	
01337	02617	00923	02503	02181	02729	03431	01139	01486	
01335	02613	00923	02506	02177	02720	03426	01139	01475	
01339	02618	00925	02516	02182	02719	03431	01141	01473	
01339	02620	00924	02520	02183	02721	03434	01142	01475	
01338	02615	00924	02519	02178	02726	03433	01142	01483	
01342	02619	00927	02525	02183	02738	03438	01145	01501	
01371	02663	00952	02569	02226	02795	03488	01177	01547	
01693	02956	01319	02880	02560	03068	03608	01581	01881	
02085	03250	01798	03195	02938	03340	03753	02078	02287	
02513	03547	02336	03511	03314	03611	03899	02621	02733	
02939	03840	02896	03822	03695	03876	04019	03181	03194	
03334	04095	03452	04095	04039	04095	04095	03723	03638	
03445	04095	03686	04095	04088	04095	04095	03907	03802	
03489	04095	03825	04095	04095	04095	04095	04000	03900	
03484	04095	03911	04095	04095	04095	04095	04047	03957	
03485	04095	03976	04095	04095	04095	04095	04076	04003	
03501	04095	04028	04095	04095	04095	04095	04093	04041	
03492	04095	04059	04095	04095	04095	04095	04095	04062	
03488	04095	04077	04095	04095	04095	04095	04095	04077	
03508	04095	04090	04095	04095	04095	04095	04095	04090	
03511	04095	04095	04095	04095	04095	04095	04095	04095	
03502	04095	04095	04095	04095	04095	04095	04095	04095	
03517	04095	04095	04095	04095	04095	04095	04095	04095	
03527	04095	04095	04095	04095	04095	04095	04095	04095	
03513	04095	04095	04095	04095	04095	04095	04095	04095	
03515	04095	04095	04095	04095	04095	04095	04095	04095	
03530	04095	04095	04095	04095	04095	04095	04095	04095	
03522	04095	04095	04095	04095	04095	04095	04095	04095	
03516	04095	04095	04095	04095	04095	04095	04095	04095	
03537	04095	04095	04095	04095	04095	04095	04095	04095	
03545	04095	04095	04095	04095	04095	04095	04095	04095	
03539	04095	04095	04095	04095	04095	04095	04095	04095	
03557	04095	04095	04095	04095	04095	04095	04095	04095	
03574	04095	04095	04095	04095	04095	04095	04095	04095	
03567	04095	04095	04095	04095	04095	04095	04095	04095	
03572	04095	04095	04095	04095	04095	04095	04095	04095	
03593	04095	04095	04095	04095	04095	04095	04095	04095	
03589	04095	04095	04095	04095	04095	04095	04095	04095	
03586	04095	04095	04095	04095	04095	04095	04095	04095	
03606	04095	04095	04095	04095	04095	04095	04095	04095	
03612	04095	04095	04095	04095	04095	04095	04095	04095	
03604	04095	04095	04095	04095	04095	04095	04095	04095	
03621	04095	04095	04095	04095	04095	04095	04095	04095	
03637	04095	04095	04095	04095	04095	04095	04095	04095	
03629	04095	04095	04095	04095	04095	04095	04095	04095	
03633	04095	04095	04095	04095	04095	04095	04095	04095	
03649	04095	04095	04095	04095	04095	04095	04095	04095	
03642	04095	04095	04095	04095	04095	04095	04095	04095	
03633	04095	04095	04095	04095	04095	04095	04095	04095	
03649	04095	04095	04095	04095	04095	04095	04095	04095	
03653	04095	04095	04095	04095	04095	04095	04095	04095	
03640	04095	04095	04095	04095	04095	04095	04095	04095	
03649	04095	04095	04095	04095	04095	04095	04095	04095	
03662	04095	04095	04095	04095	04095	04095	04095	04095	
03648	04095	04095	04095	04095	04095	04095	04095	04095	
03646	04095	04095	04095	04095	04095	04095	04095	04095	
03625	04095	04089	04095	04094	04095	04095	04092	04085	
03213	03843	03536	03785	03763	03861	04009	03560	03590	
02759	03564	02929	03448	03396	03599	03877	02989	03038	
02307	03282	02309	03110	03037	03332	03741	02409	02472	
01839	02993	01685	02764	02661	03061	03624	01824	01898	
01393	02701	01064	02411	02281	02788	03505	01240	01330	
01340	02681	01000	02390	02252	02772	03496	01200	01259	
01334	02689	00989	02400	02260	02784	03508	01198	01245	
01330	02684	00980	02396	02253	02781	03506	01193	01232	
01339	02684	00976	02399	02252	02782	03507	01192	01227	
01354	02688	00974	02411	02254	02783	03507	01191	01225	
01352	02668	00960	02396	02231	02758	03482	01175	01208	
01342	02645	00944	02375	02207	02733	03459	01160	01190	
01336	02643	00938	02373	02205	02728	03455	01156	01184	
01321	02638	00934	02367	02202	02723	03450	01152	01178	
01302	02631	00931	02358	02196	02719	03447	01149	01172	
01289	02632	00930	02356	02200	02719	03448	01149	01170	
01279	02635	00930	02356	02203	02720	03449	01148	01169	
01279	02632	00931	02354	02190	02719	03447	01148	01197	
01292	02635	00933	02358	02193	02723	03453	01151	01201	
01311	02644	00936	02368	02202	02730	03460	01157	01207	
01329	02648	00940	02379	02205	02737	03466	01161	01212	
01342	02649	00943	02383	02206	02740	03466	01163	01213	
01349	02654	00943	02388	02220	02742	03470	01163	01185	
01349	02654	00942	02384	02219	02740	03468	01162	01183	
01340	02645	00939	02371	02211	02734	03463	01158	01178	
01328	02641	00936	02359	02209	02728	03457	01155	01174	
01316	02642	00933	02354	02210	02727	03457	01154	01173	
01300	02634	00930	02347	02203	02722	03452	01152	01170	
01290	02632	00930	02347	02203	02722	03449	01149	01168	
01287	02636	00931	02354	02206	02722	03451	01149	01168	
01284	02633	00930	02355	02202	02720	03447	01147	01166	
01284	02628	00929	02354	02198	02717	03445	01146	01164	
01288	02633	00931	02357	02203	02719	03447	01148	01166	
01287	02633	00930	02355	02202	02717	03446	01149	01167	
01284	02626	00927	02345	02194	02713	03439	01146	01164	
01286	02627	00926	02339	02195	02713	03439	01144	01162	
01291	02630	00925	02336	02197	02713	03440	01142	01161	
01292	02625	00923	02330	02189	02709	03435	01139	01158	
01298	02624	00923	02330	02187	02707	03432	01138	01157	
01306	02630	00923	02336	02193	02710	03436	01140	01158	
01307	02627	00923	02339	02189	02708	03436	01141	01159	
01303	02622	00922	02338	02186	02706	03433	01141	01158	
01299	02626	00922	02341	02192	02708	03435	01142	01158	
01294	02633	00926	02348	02198	02718	03444	01147	01164	
01283	02628	00926	02344	02194	02715	03443	01146	01163	
01280	02631	00928	02347	02199	02719	03444	01147	01163	
01516	02895	01169	02666	02478	02997	03591	01430	01415	
01879	03186	01589	03016	02840	03274	03735	01879	01814	
02284	03473	02074	03360	03217	03542	03850	02384	02273	
02725	03770	02609	03713	03602	03821	03974	02932	02780	
03161	04062	03166	04061	03982	04095	04095	03491	03305	
03361	04095	03505	04095	04088	04095	04095	03780	03599	
03448	04095	03684	04095	04095	04095	04095	03919	03760	
03486	04095	03797	04095	04095	04095	04095	03999	03864	
03484	04095	03869	04095	04095	04095	04095	04043	03930	
03494	04095	03929	04095	04095	04095	04095	04074	03984	
03509	04095	03977	04095	04095	04095	04095	04093	04028	
03501	04095	04006	04095	04095	04095	04095	04095	04053	
03501	04095	04031	04095	04095	04095	04095	04095	04071	
03521	04095	04057	04095	04095	04095	04095	04095	04087	
03521	04095	04073	04095	04095	04095	04095	04095	04093	
03512	04095	04081	04095	04095	04095	04095	04095	04093	
03527	04095	04089	04095	04095	04095	04095	04095	04095	
03536	04095	04095	04095	04095	04095	04095	04095	04095	
03524	04095	04095	04095	04095	04095	04095	04095	04095	
03530	04095	04095	04095	04095	04095	04095	04095	04095	
03547	04095	04095	04095	04095	04095	04095	04095	04095	
03537	04095	04095	04095	04095	04095	04095	04095	04095	
03529	04095	04095	04095	04095	04095	04095	04095	04095	
03543	04095	04095	04095	04095	04095	04095	04095	04095	
03538	04095	04095	04095	04095	04095	04095	04095	04095	
03523	04095	04095	04095	04095	04095	04095	04095	04095	
03535	04095	04095	04095	04095	04095	04095	04095	04095	
03545	04095	04095	04095	04095	04095	04095	04095	04095	
03534	04095	04095	04095	04095	04095	04095	04095	04095	
03543	04095	04095	04095	04095	04095	04095	04095	04095	
03564	04095	04095	04095	04095	04095	04095	04095	04095	
03560	04095	04095	04095	04095	04095	04095	04095	04095	
03563	04095	04094	04095	04095	04095	04095	04095	04095	
03587	04095	04094	04095	04095	04095	04095	04095	04095	
03592	04095	04094	04095	04095	04095	04095	04095	04095	
03587	04095	04094	04095	04095	04095	04095	04095	04095	
03607	04095	04094	04095	04095	04095	04095	04095	04095	
03618	04095	04095	04095	04095	04095	04095	04095	04095	
03610	04095	04095	04095	04095	04095	04095	04095	04095	
03619	04095	04095	04095	04095	04095	04095	04095	04095	
03637	04095	04095	04095	04095	04095	04095	04095	04095	
03629	04095	04095	04095	04095	04095	04095	04095	04095	
03626	04095	04095	04095	04095	04095	04095	04095	04095	
03642	04095	04095	04095	04095	04095	04095	04095	04095	
03641	04095	04095	04095	04095	04095	04095	04095	04095	
03628	04095	04095	04095	04095	04095	04095	04095	04095	
03641	04095	04095	04095	04095	04095	04095	04095	04095	
03652	04095	04095	04095	04095	04095	04095	04095	04095	
03639	04095	04095	04095	04095	04095	04095	04095	04095	
03644	04095	04095	04095	04095	04095	04095	04095	04095	
03663	04095	04095	04095	04095	04095	04095	04095	04095	
03655	04095	04095	04095	04095	04095	04095	04095	04095	
03650	04095	04095	04095	04095	04095	04095	04095	04095	
03273	03898	03616	03783	03839	03940	04074	03634	03678	
03061	03886	03309	03747	03775	03940	04074	03387	03441	
02612	03655	02742	03414	03466	03747	04004	02862	02937	
02148	03388	02136	03047	03131	03503	03890	02298	02387	
01670	03101	01514	02664	02760	03235	03774	01716	01815	
01570	03003	01368	02587	02638	03117	03672	01589	01653	
01296	02719	01048	02230	02326	02846	03550	01250	01310	
01246	02649	00985	02162	02262	02769	03473	01190	01235	
01217	02602	00957	02121	02229	02738	03433	01166	01202	
01200	02570	00948	02080	02220	02732	03414	01160	01190	
01188	02549	00943	02042	02222	02732	03404	01159	01185	
01175	02532	00939	02013	02219	02729	03397	01158	01181	
01169	02527	00937	02007	02215	02728	03397	01158	01178	
01172	02545	00939	02015	02222	02734	03411	01160	01180	
01177	02573	00941	02046	02228	02741	03430	01164	01184	
01183	02596	00942	02082	02228	02744	03446	01166	01185	
01190	02621	00945	02117	02234	02751	03462	01169	01189	
01195	02641	00945	02134	02240	02755	03473	01171	01191	
01195	02646	00946	02136	02226	02754	03475	01171	01219	
01193	02643	00946	02120	02226	02752	03474	01170	01218	
01190	02641	00947	02093	02231	02754	03471	01170	01218	
01184	02624	00946	02060	02227	02749	03461	01167	01215	
01177	02596	00943	02028	02220	02741	03443	01162	01209	
01173	02572	00939	02006	02228	02735	03424	01158	01176	
01170	02550	00936	01995	02225	02730	03409	01155	01171	
01166	02527	00932	01991	02215	02722	03394	01152	01166	
01165	02518	00929	01993	02212	02718	03386	01149	01163	
01167	02523	00929	01996	02215	02719	03389	01149	01162	
01164	02528	00928	01994	02210	02717	03393	01148	01162	
01163	02538	00928	01992	02208	02716	03400	01148	01161	
01164	02556	00929	01988	02212	02718	03409	01148	01162	
01162	02568	00928	01983	02210	02717	03415	01147	01162	
01159	02575	00928	01980	02206	02715	03417	01145	01161	
01161	02585	00928	01983	02209	02716	03423	01145	01160	
01162	02591	00928	01989	02211	02717	03424	01145	01161	
01159	02583	00926	01991	02203	02711	03417	01143	01158	
01159	02576	00925	01994	02202	02710	03413	01143	01156	
01159	02568	00924	01994	02203	02710	03408	01142	01155	
01156	02552	00922	01987	02198	02707	03398	01141	01153	
01154	02535	00920	01977	02195	02706	03386	01139	01151	
01156	02530	00921	01974	02201	02710	03385	01140	01152	
01155	02527	00921	01971	02200	02710	03382	01140	01152	
01154	02525	00921	01970	02197	02709	03381	01140	01152	
01164	02549	00930	01989	02218	02726	03406	01150	01163	
01170	02571	00935	02005	02228	02737	03427	01158	01170	
01327	02785	01085	02275	02432	03013	03560	01341	01340	
01696	03098	01471	02699	02797	03291	03693	01769	01719	
02129	03408	01951	03123	03180	03568	03847	02272	02177	
02562	03700	02461	03529	03531	03829	03980	02793	02660	
03006	03995	02998	03940	03903	04095	04095	03335	03172	
03314	04095	03413	04095	04077	04095	04095	03721	03542	
03407	04095	03602	04095	04095	04095	04095	03868	03715	
03435	04095	03711	04095	04095	04095	04095	03943	03818	
03465	04095	03793	04095	04095	04095	04095	04003	03897	
03489	04095	03856	04095	04095	04095	04095	04044	03957	
03487	04095	03893	04095	04095	04095	04095	04065	03994	
03496	04095	03928	04095	04095	04095	04095	04082	04026	
03517	04095	03962	04095	04095	04095	04095	04094	04055	
03513	04095	03981	04095	04095	04095	04095	04094	04070	
03509	04095	03995	04095	04095	04095	04095	04094	04080	
03529	04095	04018	04095	04095	04095	04095	04095	04090	
03535	04095	04034	04095	04095	04095	04095	04095	04095	
03525	04095	04040	04095	04095	04095	04095	04095	04095	
03537	04095	04053	04095	04095	04095	04095	04095	04095	
03549	04095	04068	04095	04095	04095	04095	04095	04095	
03536	04095	04071	04095	04095	04095	04095	04095	04095	
03537	04095	04075	04095	04095	04095	04095	04095	04095	
03554	04095	04084	04095	04095	04095	04095	04095	04095	
03545	04095	04085	04095	04095	04095	04095	04095	04095	
03535	04095	04080	04095	04095	04095	04095	04095	04095	
03549	04095	04086	04095	04095	04095	04095	04095	04095	
03550	04095	04086	04095	04095	04095	04095	04095	04095	
03534	04095	04081	04095	04095	04095	04095	04095	04095	
03544	04095	04079	04095	04095	04095	04095	04095	04095	
03559	04095	04081	04095	04095	04095	04095	04095	04095	
03547	04095	04068	04095	04095	04095	04095	04095	04095	
03551	04095	04057	04095	04095	04095	04095	04095	04095	
03571	04095	04058	04095	04095	04095	04095	04095	04095	
03570	04095	04051	04095	04095	04095	04095	04095	04095	
03566	04095	04044	04095	04095	04095	04095	04095	04095	
03589	04095	04054	04095	04095	04095	04095	04095	04095	
03596	04095	04063	04095	04095	04095	04095	04095	04095	
03585	04095	04061	04095	04095	04095	04095	04095	04095	
03597	04095	04068	04095	04095	04095	04095	04095	04095	
03611	04095	04077	04095	04095	04095	04095	04095	04095	
03601	04095	04075	04095	04095	04095	04095	04095	04095	
03605	04095	04073	04095	04095	04095	04095	04095	04095	
03626	04095	04080	04095	04095	04095	04095	04095	04095	
03623	04095	04079	04095	04095	04095	04095	04095	04095	
03617	04095	04077	04095	04095	04095	04095	04095	04095	
03638	04095	04082	04095	04095	04095	04095	04095	04095	
03240	03851	03580	03734	03825	03925	04054	03612	03651	
02767	03531	02985	03299	03481	03682	03919	03055	03116	
02298	03206	02379	02864	03144	03439	03787	02489	02563	
01828	02877	01774	02428	02793	03193	03675	01922	02006	
01329	02530	01151	01974	02422	02925	03541	01341	01432	
01241	02425	01031	01878	02320	02825	03444	01238	01298	
01215	02396	00995	01856	02292	02798	03419	01209	01254	
01195	02368	00971	01831	02262	02766	03388	01187	01222	
01177	02344	00949	01807	02234	02737	03358	01166	01196	
01173	02343	00943	01802	02231	02733	03352	01159	01186	
01169	02345	00938	01799	02225	02728	03348	01157	01180	
01163	02342	00932	01793	02216	02720	03339	01151	01173	
01162	02346	00930	01791	02216	02718	03337	01149	01170	
01161	02347	00928	01790	02216	02717	03336	01148	01167	
01157	02339	00924	01785	02208	02712	03331	01145	01163	
01155	02332	00922	01782	02205	02710	03330	01142	01159	
01157	02330	00923	01783	02210	02712	03333	01143	01158	
01155	02323	00922	01782	02206	02711	03332	01143	01158	
01154	02318	00920	01780	02203	02709	03332	01142	01156	
01155	02321	00921	01781	02206	02711	03333	01141	01156	
01154	02320	00920	01779	02205	02710	03332	01140	01155	
01152	02319	00919	01777	02200	02707	03330	01140	01154	
01154	02324	00918	01777	02203	02709	03330	01139	01153	
01155	02330	00919	01777	02205	02709	03329	01139	01153	
01153	02328	00919	01776	02200	02706	03327	01137	01151	
01154	02329	00919	01777	02200	02707	03327	01138	01152	
01156	02329	00919	01779	02205	02709	03329	01140	01153	
01155	02324	00919	01778	02193	02708	03329	01142	01182	
01156	02319	00920	01778	02192	02707	03327	01142	01183	
01159	02321	00921	01782	02199	02712	03332	01146	01186	
01161	02322	00923	01784	02203	02714	03334	01148	01187	
01160	02320	00924	01784	02200	02714	03333	01147	01187	
01161	02323	00925	01785	02214	02716	03335	01146	01159	
01162	02327	00926	01787	02217	02718	03341	01148	01161	
01160	02326	00924	01785	02213	02716	03337	01147	01160	
01159	02326	00924	01785	02212	02715	03335	01146	01159	
01160	02330	00925	01786	02216	02718	03339	01147	01160	
01161	02332	00927	01790	02218	02722	03343	01149	01163	
01173	02347	00938	01807	02234	02743	03364	01163	01176	
01177	02353	00942	01812	02242	02750	03373	01167	01179	
01178	02353	00944	01814	02245	02752	03377	01168	01181	
01190	02367	00955	01831	02259	02772	03396	01181	01194	
01290	02515	01049	02008	02412	02978	03556	01297	01305	
01332	02575	01094	02073	02472	03052	03626	01345	01354	
01663	02920	01431	02530	02809	03321	03761	01729	01694	
02073	03273	01880	02990	03186	03595	03900	02210	02131	
02515	03612	02379	03435	03548	03849	04045	02725	02607	
02865	03813	02818	03716	03759	03915	04045	03152	03007	
03261	04091	03309	04095	04060	04095	04095	03644	03473	
03393	04095	03537	04095	04095	04095	04095	03828	03676	
03445	04095	03660	04095	04095	04095	04095	03921	03791	
03449	04095	03730	04095	04095	04095	04095	03967	03860	
03465	04095	03784	04095	04095	04095	04095	04007	03915	
03487	04095	03830	04095	04095	04095	04095	04042	03962	
03483	04095	03854	04095	04095	04095	04095	04055	03988	
03484	04095	03876	04095	04095	04095	04095	04069	04012	
03505	04095	03905	04095	04095	04095	04095	04084	04039	
03505	04095	03924	04095	04095	04095	04095	04089	04054	
03495	04095	03933	04095	04095	04095	04095	04089	04062	
03511	04095	03953	04095	04095	04095	04095	04093	04075	
03520	04095	03969	04095	04095	04095	04095	04095	04084	
03511	04095	03973	04095	04095	04095	04095	04095	04086	
03521	04095	03985	04095	04095	04095	04095	04095	04090	
03540	04095	04001	04095	04095	04095	04095	04095	04095	
03532	04095	04003	04095	04095	04095	04095	04095	04095	
03532	04095	04010	04095	04095	04095	04095	04095	04095	
03550	04095	04024	04095	04095	04095	04095	04095	04095	
03547	04095	04029	04095	04095	04095	04095	04095	04095	
03536	04095	04029	04095	04095	04095	04095	04095	04095	
03552	04095	04041	04095	04095	04095	04095	04095	04095	
03559	04095	04050	04095	04095	04095	04095	04095	04095	
03546	04095	04048	04095	04095	04095	04095	04095	04095	
03553	04095	04054	04095	04095	04095	04095	04095	04095	
03567	04095	04063	04095	04095	04095	04095	04095	04095	
03556	04095	04060	04095	04095	04095	04095	04095	04095	
03553	04095	04056	04095	04095	04095	04095	04095	04095	
03570	04095	04062	04095	04095	04095	04095	04095	04095	
03567	04095	04055	04095	04095	04095	04095	04095	04095	
03553	04095	04039	04095	04095	04095	04095	04095	04095	
03565	04095	04035	04095	04095	04095	04095	04095	04095	
03570	04095	04028	04095	04095	04095	04095	04095	04095	
03554	04095	04011	04095	04095	04095	04095	04095	04095	
03562	04095	04005	04095	04095	04095	04095	04095	04095	
03579	04095	04011	04095	04095	04095	04095	04095	04095	
03570	04095	04007	04095	04095	04095	04095	04095	04095	
03569	04095	04006	04095	04095	04095	04095	04095	04095	
03587	04095	04017	04095	04095	04095	04095	04095	04095	
03584	04095	04019	04095	04095	04095	04095	04095	04095	
03573	04095	04012	04095	04095	04095	04095	04095	04095	
03588	04095	04016	04095	04095	04095	04095	04095	04095	
03593	04095	04015	04095	04095	04095	04095	04095	04095	
03575	04095	04002	04095	04095	04095	04095	04095	04095	
03577	04095	04000	04095	04095	04095	04095	04095	04095	
03587	04095	04005	04095	04095	04095	04095	04095	04095	
03577	04095	04001	04095	04095	04095	04095	04095	04095	
03574	04095	04002	04095	04095	04095	04095	04095	04095	
03598	04095	04018	04095	04095	04095	04095	04095	04095	
03603	04095	04024	04095	04095	04095	04095	04095	04095	
03599	04095	04022	04095	04095	04095	04095	04095	04095	
03583	04095	03994	04095	04095	04095	04095	04078	04072	
03149	03749	03451	03670	03771	03863	03968	03544	03573	
02666	03373	02849	03222	03408	03604	03801	02975	03021	
02193	03007	02248	02778	03062	03351	03648	02404	02462	
01721	02642	01649	02333	02700	03094	03522	01830	01897	
01267	02279	01077	01887	02337	02838	03395	01272	01352	
01234	02272	01025	01876	02309	02825	03408	01238	01291	
01234	02294	01016	01886	02320	02838	03437	01237	01279	
01234	02305	01011	01890	02324	02844	03451	01237	01272	
01232	02301	01007	01888	02322	02842	03447	01234	01265	
01241	02303	01012	01900	02335	02857	03451	01241	01269	
01237	02282	01007	01895	02331	02852	03429	01236	01262	
01234	02262	01004	01891	02324	02847	03404	01233	01256	
01230	02244	01000	01887	02320	02842	03384	01230	01252	
01237	02251	01005	01897	02332	02855	03391	01237	01257	
01233	02256	01002	01894	02327	02852	03398	01237	01255	
01237	02277	01006	01900	02333	02861	03424	01243	01260	
01240	02298	01008	01903	02339	02865	03447	01244	01262	
01243	02317	01011	01907	02343	02870	03467	01247	01263	
01240	02319	01008	01903	02338	02865	03468	01243	01259	
01235	02308	01002	01893	02329	02854	03456	01234	01250	
01225	02281	00990	01878	02311	02835	03425	01221	01237	
01216	02254	00982	01867	02293	02822	03391	01212	01228	
01209	02227	00975	01857	02279	02811	03355	01204	01221	
01205	02206	00969	01851	02271	02803	03327	01198	01215	
01202	02196	00967	01849	02267	02800	03314	01197	01214	
01203	02205	00969	01852	02273	02804	03324	01200	01216	
01207	02224	00972	01856	02284	02810	03348	01204	01220	
01209	02242	00976	01860	02281	02814	03376	01209	01251	
01213	02262	00979	01865	02287	02819	03402	01213	01255	
01218	02280	00984	01872	02297	02826	03422	01219	01259	
01222	02290	00989	01877	02303	02832	03434	01223	01263	
01224	02286	00992	01881	02305	02835	03432	01226	01265	
01226	02275	00993	01882	02319	02837	03419	01227	01239	
01228	02261	00993	01884	02321	02838	03404	01228	01240	
01227	02247	00995	01884	02317	02840	03384	01229	01243	
01225	02231	00993	01882	02313	02837	03365	01227	01241	
01228	02231	00995	01884	02314	02842	03365	01230	01245	
01217	02217	00985	01867	02291	02821	03349	01216	01232	
01202	02204	00972	01846	02266	02798	03335	01201	01216	
01411	02480	01173	02197	02519	03048	03475	01444	01430	
01776	02855	01558	02641	02880	03300	03614	01869	01805	
02176	03222	02011	03080	03237	03545	03766	02345	02238	
02617	03608	02520	03541	03606	03819	03942	02873	02729	
03073	03995	03055	04004	03988	04095	04095	03426	03249	
03297	04095	03381	04095	04095	04095	04095	03720	03545	
03371	04095	03535	04095	04095	04095	04095	03842	03694	
03423	04095	03637	04095	04095	04095	04095	03922	03794	
03439	04095	03700	04095	04095	04095	04095	03966	03857	
03439	04095	03736	04095	04095	04095	04095	03986	03895	
03462	04095	03776	04095	04095	04095	04095	04016	03934	
03478	04095	03809	04095	04095	04095	04095	04038	03966	
03470	04095	03823	04095	04095	04095	04095	04043	03981	
03479	04095	03841	04095	04095	04095	04095	04055	03999	
03497	04095	03864	04095	04095	04095	04095	04072	04021	
03491	04095	03872	04095	04095	04095	04095	04073	04029	
03489	04095	03878	04095	04095	04095	04095	04076	04035	
03509	04095	03895	04095	04095	04095	04095	04086	04051	
03510	04095	03902	04095	04095	04095	04095	04088	04058	
03498	04095	03902	04095	04095	04095	04095	04087	04058	
03512	04095	03914	04095	04095	04095	04095	04091	04069	
03521	04095	03926	04095	04095	04095	04095	04094	04079	
03510	04095	03929	04095	04095	04095	04095	04094	04082	
03518	04095	03940	04095	04095	04095	04095	04094	04087	
03539	04095	03961	04095	04095	04095	04095	04095	04094	
03536	04095	03970	04095	04095	04095	04095	04095	04095	
03537	04095	03980	04095	04095	04095	04095	04095	04095	
03561	04095	03999	04095	04095	04095	04095	04095	04095	
03567	04095	04011	04095	04095	04095	04095	04095	04095	
03561	04095	04016	04095	04095	04095	04095	04095	04095	
03580	04095	04032	04095	04095	04095	04095	04095	04095	
03595	04095	04048	04095	04095	04095	04095	04095	04095	
03585	04095	04052	04095	04095	04095	04095	04095	04095	
03593	04095	04063	04095	04095	04095	04095	04095	04095	
03613	04095	04076	04095	04095	04095	04095	04095	04095	
03602	04095	04081	04095	04095	04095	04095	04095	04095	
03594	04095	04086	04095	04095	04095	04095	04095	04095	
03606	04095	04092	04095	04095	04095	04095	04095	04095	
03595	04095	04093	04095	04095	04095	04095	04095	04095	
03567	04095	04093	04095	04095	04095	04095	04095	04095	
03564	04095	04094	04095	04095	04095	04095	04095	04095	
03557	04095	04095	04095	04095	04095	04095	04095	04095	
03529	04095	04095	04095	04095	04095	04095	04095	04095	
03521	04095	04095	04095	04095	04095	04095	04095	04095	
03530	04095	04095	04095	04095	04095	04095	04095	04095	
03517	04095	04095	04095	04095	04095	04095	04095	04095	
03507	04095	04095	04095	04095	04095	04095	04095	04095	
03521	04095	04095	04095	04095	04095	04095	04095	04095	
03517	04095	04095	04095	04095	04095	04095	04095	04095	
03501	04095	04095	04095	04095	04095	04095	04095	04095	
03509	04095	04095	04095	04095	04095	04095	04095	04095	
