01706	02568	01127	02059	01973	03596	03607	01472	01557	
01705	02568	01127	02058	01972	03596	03609	01473	01556	
01700	02564	01126	02054	01968	03592	03605	01472	01555	
01701	02567	01127	02057	01970	03595	03609	01474	01557	
01703	02569	01127	02058	01971	03596	03612	01474	01556	
01699	02565	01127	02054	01967	03593	03606	01473	01555	
01702	02568	01129	02058	01971	03597	03609	01475	01557	
01708	02573	01132	02064	01975	03602	03614	01478	01561	
01706	02572	01131	02060	01974	03602	03612	01477	01560	
01706	02572	01133	02061	01975	03600	03611	01479	01561	
01713	02580	01136	02068	01982	03607	03618	01482	01565	
01712	02579	01135	02067	01981	03606	03616	01481	01565	
01708	02576	01134	02063	01978	03602	03613	01479	01563	
01711	02579	01136	02067	01981	03604	03616	01481	01566	
01713	02581	01135	02068	01982	03607	03618	01481	01566	
01708	02576	01133	02062	01976	03603	03615	01478	01562	
01710	02577	01134	02063	01978	03604	03616	01478	01563	
01714	02582	01136	02067	01981	03608	03620	01480	01565	
01710	02577	01133	02063	01978	03604	03617	01478	01562	
01708	02575	01134	02062	01976	03602	03617	01478	01561	
01712	02579	01135	02067	01981	03607	03620	01480	01564	
01710	02578	01135	02065	01978	03606	03620	01480	01562	
01705	02572	01131	02059	01959	03622	03614	01477	01559	
01708	02573	01131	02061	01962	03624	03612	01476	01560	
01708	02573	01130	02061	01962	03624	03610	01476	01561	
01702	02566	01126	02054	01956	03616	03604	01472	01556	
01701	02563	01124	02054	01957	03614	03601	01471	01555	
01704	02568	01126	02058	01973	03596	03606	01473	01557	
01701	02565	01125	02054	01969	03593	03605	01472	01555	
01699	02562	01125	02053	01968	03592	03604	01470	01553	
01704	02567	01128	02058	01973	03597	03607	01472	01556	
01703	02567	01127	02056	01972	03597	03607	01471	01555	
01699	02563	01126	02053	01968	03594	03604	01471	01554	
01704	02567	01127	02057	01973	03596	03604	01471	01556	
01705	02570	01128	02059	01974	03598	03607	01472	01558	
01701	02566	01127	02055	01970	03593	03605	01472	01556	
01702	02568	01128	02056	01972	03594	03606	01472	01557	
01706	02572	01129	02059	01975	03597	03608	01473	01558	
01702	02568	01127	02053	01970	03595	03607	01472	01556	
01703	02569	01128	02055	01972	03597	03607	01473	01557	
01708	02573	01131	02061	01978	03602	03612	01475	01560	
01707	02573	01132	02061	01978	03603	03613	01476	01560	
01707	02571	01132	02060	01977	03601	03613	01477	01561	
01712	02576	01134	02067	01983	03605	03619	01478	01564	
01713	02577	01135	02067	01983	03606	03621	01477	01563	
01709	02575	01133	02063	01978	03603	03618	01476	01562	
01712	02576	01133	02066	01981	03605	03619	01478	01564	
01716	02580	01135	02068	01982	03608	03621	01479	01565	
01712	02577	01134	02063	01978	03605	03618	01478	01563	
01711	02576	01134	02063	01978	03605	03616	01479	01564	
01713	02580	01135	02066	01981	03608	03617	01480	01566	
01710	02577	01134	02063	01978	03606	03616	01478	01564	
01707	02573	01134	02061	01976	03604	03615	01477	01563	
01711	02577	01134	02065	01981	03608	03617	01480	01565	
01711	02578	01135	02065	01981	03609	03620	01479	01564	
01708	02573	01135	02062	01978	03605	03617	01478	01563	
01710	02576	01135	02063	01980	03606	03617	01478	01563	
01711	02576	01135	02065	01982	03606	03616	01477	01562	
01706	02571	01133	02060	01977	03600	03610	01475	01559	
01706	02569	01132	02060	01976	03600	03609	01475	01560	
01710	02573	01132	02062	01979	03603	03611	01476	01560	
01709	02572	01132	02061	01977	03603	03611	01477	01560	
01709	02572	01132	02060	01976	03605	03611	01480	01561	
01716	02577	01134	02065	01980	03610	03617	01482	01564	
01718	02579	01135	02065	01980	03611	03616	01483	01564	
01718	02576	01135	02062	01978	03610	03614	01482	01564	
01724	02581	01137	02066	01982	03614	03617	01484	01567	
01730	02584	01139	02070	01985	03617	03618	01485	01568	
01740	02599	01149	02092	01997	03635	03629	01499	01581	
01753	02613	01159	02115	02009	03649	03642	01512	01594	
01775	02639	01176	02148	02030	03675	03668	01531	01614	
01789	02652	01188	02170	02042	03691	03684	01545	01629	
01805	02664	01199	02193	02042	03706	03702	01558	01670	
01817	02667	01201	02196	02044	03708	03708	01559	01671	
01822	02666	01200	02194	02043	03707	03708	01557	01671	
01815	02650	01191	02174	02030	03693	03692	01548	01660	
01815	02645	01186	02164	02027	03688	03687	01543	01656	
01813	02641	01182	02155	02036	03682	03681	01536	01623	
01803	02630	01176	02134	02026	03671	03668	01529	01616	
01802	02627	01175	02124	02025	03668	03664	01529	01615	
01809	02634	01176	02137	02031	03674	03670	01531	01618	
01810	02637	01179	02145	02033	03677	03671	01533	01620	
01909	02765	01268	02289	02155	03761	03770	01642	01725	
02219	03061	01612	02688	02541	03849	03848	02025	02044	
02563	03354	02028	03083	02957	03934	03926	02473	02421	
02913	03642	02477	03465	03369	04014	03998	02945	02826	
03290	03931	02957	03848	03782	04095	04095	03442	03257	
03576	04095	03369	04095	04061	04095	04095	03848	03601	
03645	04095	03528	04095	04094	04095	04095	03978	03734	
03685	04095	03621	04095	04095	04095	04095	04043	03816	
03726	04095	03691	04095	04095	04095	04095	04081	03878	
03732	04095	03730	04095	04095	04095	04095	04094	03913	
03732	04095	03756	04095	04095	04095	04095	04095	03937	
03755	04095	03787	04095	04095	04095	04095	04095	03966	
03761	04095	03807	04095	04095	04095	04095	04095	03985	
03753	04095	03816	04095	04095	04095	04095	04095	03993	
03769	04095	03833	04095	04095	04095	04095	04095	04009	
03781	04095	03851	04095	04095	04095	04095	04095	04024	
03769	04095	03854	04095	04095	04095	04095	04095	04027	
03768	04095	03863	04095	04095	04095	04095	04095	04036	
03771	04095	03879	04095	04095	04095	04095	04095	04051	
03744	04095	03882	04095	04095	04095	04095	04095	04053	
03716	04095	03882	04095	04095	04095	04095	04095	04056	
03708	04095	03896	04095	04095	04095	04095	04095	04069	
03688	04095	03903	04095	04095	04095	04095	04095	04076	
03661	04095	03903	04095	04095	04095	04095	04095	04076	
03666	04095	03917	04095	04095	04095	04095	04095	04084	
03671	04095	03933	04095	04095	04095	04095	04095	04090	
03659	04095	03934	04095	04095	04095	04095	04095	04090	
03662	04095	03944	04095	04095	04095	04095	04095	04091	
03678	04095	03961	04095	04095	04095	04095	04095	04095	
03668	04095	03962	04095	04095	04095	04095	04095	04095	
03663	04095	03963	04095	04095	04095	04095	04095	04095	
03680	04095	03976	04095	04095	04095	04095	04095	04095	
03680	04095	03980	04095	04095	04095	04095	04095	04095	
03669	04095	03975	04095	04095	04095	04095	04095	04095	
03681	04095	03983	04095	04095	04095	04095	04095	04095	
03687	04095	03989	04095	04095	04095	04095	04095	04095	
03670	04095	03982	04095	04095	04095	04095	04095	04095	
03673	04095	03983	04095	04095	04095	04095	04095	04095	
03685	04095	03992	04095	04095	04095	04095	04095	04095	
03673	04095	03988	04095	04095	04095	04095	04095	04095	
03667	04095	03984	04095	04095	04095	04095	04095	04095	
03679	04095	03990	04095	04095	04095	04095	04095	04095	
03673	04095	03987	04095	04095	04095	04095	04095	04095	
03657	04095	03978	04095	04095	04095	04095	04095	04095	
03666	04095	03980	04095	04095	04095	04095	04095	04095	
03669	04095	03982	04095	04095	04095	04095	04095	04095	
03653	04095	03972	04095	04095	04095	04095	04095	04095	
03657	04095	03974	04095	04095	04095	04095	04095	04095	
03668	04095	03980	04095	04095	04095	04095	04095	04095	
03654	04095	03974	04095	04095	04095	04095	04095	04095	
03649	04095	03971	04095	04095	04095	04095	04095	04095	
03663	04095	03981	04095	04095	04095	04095	04095	04095	
03656	04095	03979	04095	04095	04095	04095	04095	04095	
03644	04095	03972	04095	04095	04095	04095	04095	04095	
03656	04095	03979	04095	04095	04095	04095	04095	04095	
03659	04095	03983	04095	04095	04095	04095	04095	04095	
03644	04095	03975	04095	04095	04095	04095	04095	04095	
03653	04095	03980	04095	04095	04095	04095	04095	04095	
03667	04095	03992	04095	04095	04095	04095	04095	04095	
03658	04095	03991	04095	04095	04095	04095	04095	04095	
03659	04095	03992	04095	04095	04095	04095	04095	04095	
03676	04095	04006	04095	04095	04095	04095	04095	04095	
03669	04095	04006	04095	04095	04095	04095	04095	04095	
03659	04095	04001	04095	04095	04095	04095	04095	04095	
03673	04095	04008	04095	04095	04095	04095	04095	04095	
03676	04095	04012	04095	04095	04095	04095	04095	04095	
03663	04095	04004	04095	04095	04095	04095	04095	04095	
03671	04095	04008	04095	04095	04095	04095	04095	04095	
03683	04095	04015	04095	04095	04095	04095	04095	04095	
03671	04095	04010	04095	04095	04095	04095	04095	04095	
03668	04095	04008	04095	04095	04095	04095	04095	04095	
03684	04095	04017	04095	04095	04095	04095	04095	04095	
03678	04095	04015	04095	04095	04095	04095	04095	04095	
03670	04095	04012	04095	04095	04095	04095	04095	04095	
03684	04095	04019	04095	04095	04095	04095	04095	04095	
03688	04095	04020	04095	04095	04095	04095	04095	04095	
03677	04095	04011	04095	04095	04095	04095	04095	04095	
03688	04095	04013	04095	04095	04095	04095	04095	04095	
03699	04095	04017	04095	04095	04095	04095	04095	04095	
03689	04095	04010	04095	04095	04095	04095	04095	04095	
03689	04095	04009	04095	04095	04095	04095	04095	04095	
03702	04095	04017	04095	04095	04095	04095	04095	04095	
03694	04095	04013	04095	04095	04095	04095	04095	04095	
03687	04095	04007	04095	04095	04095	04095	04095	04095	
03704	04095	04014	04095	04095	04095	04095	04095	04095	
03709	04095	04017	04095	04095	04095	04095	04095	04095	
03701	04095	04010	04095	04095	04095	04095	04095	04095	
03719	04095	04015	04095	04095	04095	04095	04095	04095	
03738	04095	04022	04095	04095	04095	04095	04095	04095	
03735	04095	04015	04095	04095	04095	04095	04095	04095	
03747	04095	04015	04095	04095	04095	04095	04095	04095	
03775	04095	04026	04095	04095	04095	04095	04095	04095	
03778	04095	04026	04095	04095	04095	04095	04095	04095	
03782	04095	04024	04095	04095	04095	04095	04095	04095	
03809	04095	04036	04095	04095	04095	04095	04095	04095	
03820	04095	04042	04095	04095	04095	04095	04095	04095	
03812	04095	04035	04095	04095	04095	04095	04095	04095	
03826	04095	04040	04095	04095	04095	04095	04095	04095	
03836	04095	04047	04095	04095	04095	04095	04095	04095	
03823	04095	04042	04095	04095	04095	04095	04095	04095	
03825	04095	04041	04095	04095	04095	04095	04095	04095	
03843	04095	04049	04095	04095	04095	04095	04095	04095	
03839	04095	04046	04095	04095	04095	04095	04095	04095	
03835	04095	04041	04095	04095	04095	04095	04095	04095	
03853	04095	04048	04095	04095	04095	04095	04095	04095	
03855	04095	04049	04095	04095	04095	04095	04095	04095	
03844	04095	04043	04095	04095	04095	04095	04095	04095	
03853	04095	04045	04095	04095	04095	04095	04095	04095	
03862	04095	04045	04095	04095	04095	04095	04095	04095	
03847	04095	04034	04095	04095	04095	04095	04095	04095	
03850	04095	04030	04095	04095	04095	04095	04095	04095	
03863	04095	04033	04095	04095	04095	04095	04095	04095	
03855	04095	04028	04095	04095	04095	04095	04095	04095	
03848	04095	04022	04095	04095	04095	04095	04095	04095	
03864	04095	04029	04095	04095	04095	04095	04095	04095	
03863	04095	04028	04095	04095	04095	04095	04095	04095	
03851	04095	04021	04095	04095	04095	04095	04095	04095	
03863	04095	04025	04095	04095	04095	04095	04095	04095	
03871	04095	04030	04095	04095	04095	04095	04095	04095	
03857	04095	04023	04095	04095	04095	04095	04095	04095	
03859	04095	04023	04095	04095	04095	04095	04095	04095	
03869	04095	04030	04095	04095	04095	04095	04095	04095	
03854	04095	04024	04095	04095	04095	04095	04095	04095	
03845	04095	04020	04095	04095	04095	04095	04095	04095	
03861	04095	04033	04095	04095	04095	04095	04095	04095	
03862	04095	04037	04095	04095	04095	04095	04095	04095	
03575	03879	03600	03773	03756	04031	04095	03675	03759	
03222	03599	03067	03395	03352	03910	04062	03161	03319	
02864	03327	02528	03029	02955	03806	04049	02648	02869	
02465	03030	01952	02637	02535	03674	03984	02112	02389	
02078	02737	01381	02252	02132	03546	03925	01577	01907	
01973	02657	01247	02185	02053	03479	03889	01460	01756	
01942	02638	01211	02170	02035	03465	03878	01434	01705	
01914	02611	01183	02138	02010	03434	03852	01405	01662	
01913	02613	01175	02139	02012	03434	03854	01402	01651	
01903	02606	01167	02129	02007	03427	03848	01394	01637	
01899	02605	01164	02125	02006	03427	03847	01392	01631	
01904	02613	01166	02134	02012	03432	03856	01396	01631	
01906	02617	01165	02144	02015	03435	03858	01399	01631	
01908	02621	01168	02150	02020	03444	03866	01404	01634	
01919	02633	01175	02165	02016	03475	03879	01413	01641	
01925	02641	01180	02174	02023	03483	03885	01418	01646	
01924	02639	01180	02172	02022	03484	03884	01420	01646	
01925	02640	01181	02175	02024	03488	03889	01423	01647	
01927	02642	01181	02175	02024	03486	03888	01421	01644	
01921	02634	01175	02167	02033	03461	03881	01416	01639	
01915	02628	01171	02161	02028	03456	03875	01413	01634	
01918	02631	01170	02163	02030	03457	03877	01411	01633	
01917	02631	01169	02162	02029	03456	03877	01411	01631	
01913	02628	01167	02157	02024	03453	03871	01410	01629	
01915	02630	01168	02159	02026	03454	03871	01410	01629	
01917	02633	01169	02161	02028	03455	03873	01409	01628	
01912	02628	01166	02156	02023	03452	03868	01408	01626	
01911	02626	01166	02156	02024	03450	03864	01408	01625	
01915	02627	01166	02158	02026	03452	03867	01407	01624	
01911	02623	01165	02156	02023	03450	03866	01405	01622	
01909	02619	01163	02153	02022	03449	03862	01404	01621	
01913	02623	01166	02157	02026	03452	03867	01406	01622	
01913	02623	01166	02157	02026	03453	03869	01405	01621	
01908	02618	01164	02148	02022	03449	03864	01404	01619	
01911	02621	01166	02144	02025	03450	03866	01406	01620	
01914	02625	01166	02146	02026	03451	03870	01407	01620	
01909	02620	01164	02139	02022	03448	03865	01406	01619	
01908	02621	01164	02134	02023	03448	03863	01406	01619	
01912	02625	01166	02142	02027	03452	03867	01409	01622	
01910	02624	01165	02143	02024	03451	03865	01408	01620	
01907	02620	01164	02131	02023	03448	03859	01407	01620	
01912	02624	01165	02137	02027	03451	03864	01408	01622	
01913	02623	01164	02141	02026	03450	03864	01408	01620	
01910	02618	01163	02134	02022	03448	03861	01406	01618	
01913	02621	01164	02132	02024	03449	03863	01407	01618	
01917	02624	01165	02144	02025	03451	03866	01407	01618	
01912	02620	01163	02136	02021	03448	03863	01405	01615	
01913	02620	01163	02131	02023	03449	03863	01406	01616	
01915	02622	01162	02137	02025	03449	03864	01406	01617	
01910	02616	01159	02136	02020	03446	03860	01403	01613	
01904	02610	01155	02122	02016	03440	03856	01401	01610	
01906	02611	01154	02125	02017	03440	03854	01401	01610	
01901	02608	01151	02126	02012	03436	03853	01398	01606	
01895	02602	01147	02111	02005	03431	03846	01395	01602	
01895	02602	01147	02105	02007	03430	03845	01393	01602	
01897	02604	01147	02117	02008	03432	03846	01392	01602	
01891	02597	01145	02108	02002	03428	03843	01389	01598	
01892	02599	01146	02101	02005	03428	03840	01389	01599	
01897	02605	01149	02115	02009	03432	03846	01390	01601	
01895	02603	01149	02116	02006	03430	03846	01391	01600	
01894	02602	01149	02106	02006	03428	03842	01391	01599	
01899	02608	01152	02115	02012	03431	03846	01394	01603	
01898	02607	01151	02121	02010	03431	03846	01394	01603	
01895	02602	01149	02109	02007	03428	03841	01393	01601	
01901	02607	01151	02110	01999	03431	03844	01395	01631	
01905	02611	01154	02123	02002	03435	03852	01399	01634	
01903	02608	01153	02114	02000	03434	03849	01398	01633	
01905	02609	01155	02108	02003	03435	03852	01400	01635	
01911	02616	01158	02122	02009	03440	03859	01404	01640	
01906	02613	01157	02117	02019	03439	03857	01402	01611	
01903	02610	01155	02105	02017	03436	03854	01402	01610	
01907	02615	01158	02114	02019	03438	03860	01403	01611	
01906	02615	01156	02119	02017	03437	03858	01402	01609	
01902	02610	01154	02106	02012	03433	03854	01400	01606	
01906	02613	01155	02110	02016	03435	03857	01400	01606	
01908	02614	01154	02117	02016	03436	03857	01398	01605	
01903	02609	01153	02108	02012	03434	03853	01396	01603	
01905	02611	01154	02102	02015	03435	03853	01396	01604	
01910	02615	01156	02114	02018	03439	03857	01397	01608	
01905	02612	01155	02111	02016	03437	03854	01397	01607	
01904	02610	01155	02103	02016	03436	03850	01398	01608	
01907	02612	01155	02112	02019	03436	03849	01399	01609	
01903	02610	01153	02118	02017	03434	03847	01398	01608	
01897	02603	01150	02105	02011	03427	03840	01395	01604	
01899	02604	01150	02108	02014	03427	03841	01396	01605	
01898	02606	01149	02117	02013	03427	03842	01395	01604	
01892	02600	01146	02107	02009	03424	03839	01394	01602	
02111	02866	01372	02442	02295	03558	03881	01667	01836	
02428	03166	01759	02845	02705	03693	03947	02099	02201	
02757	03463	02200	03244	03107	03826	04009	02581	02614	
03097	03760	02672	03635	03527	03959	04051	03091	03058	
03450	04062	03175	04038	03949	04095	04095	03627	03522	
03573	04095	03457	04095	04082	04095	04095	03894	03759	
03601	04095	03587	04095	04095	04095	04095	04003	03871	
03625	04095	03678	04095	04095	04095	04095	04061	03943	
03638	04095	03740	04095	04095	04095	04095	04090	03990	
03633	04095	03772	04095	04095	04095	04095	04095	04017	
03646	04095	03806	04095	04095	04095	04095	04095	04045	
03668	04095	03842	04095	04095	04095	04095	04095	04067	
03665	04095	03860	04095	04095	04095	04095	04095	04079	
03671	04095	03878	04095	04095	04095	04095	04095	04087	
03692	04095	03905	04095	04095	04095	04095	04095	04095	
03695	04095	03920	04095	04095	04095	04095	04095	04095	
03687	04095	03924	04095	04095	04095	04095	04095	04095	
03702	04095	03941	04095	04095	04095	04095	04095	04095	
03706	04095	03953	04095	04095	04095	04095	04095	04095	
03694	04095	03952	04095	04095	04095	04095	04095	04095	
03701	04095	03961	04095	04095	04095	04095	04095	04095	
03712	04095	03974	04095	04095	04095	04095	04095	04095	
03701	04095	03972	04095	04095	04095	04095	04095	04095	
03699	04095	03972	04095	04095	04095	04095	04095	04095	
03714	04095	03986	04095	04095	04095	04095	04095	04095	
03709	04095	03988	04095	04095	04095	04095	04095	04095	
03701	04095	03985	04095	04095	04095	04095	04095	04095	
03714	04095	03993	04095	04095	04095	04095	04095	04095	
03718	04095	03996	04095	04095	04095	04095	04095	04095	
03703	04095	03986	04095	04095	04095	04095	04095	04095	
03709	04095	03986	04095	04095	04095	04095	04095	04095	
03720	04095	03991	04095	04095	04095	04095	04095	04095	
03710	04095	03984	04095	04095	04095	04095	04095	04095	
03711	04095	03983	04095	04095	04095	04095	04095	04095	
03732	04095	03994	04095	04095	04095	04095	04095	04095	
03737	04095	03995	04095	04095	04095	04095	04095	04095	
03741	04095	03992	04095	04095	04095	04095	04095	04095	
03770	04095	04002	04095	04095	04095	04095	04095	04095	
03791	04095	04009	04095	04095	04095	04095	04095	04095	
03797	04095	04005	04095	04095	04095	04095	04095	04095	
03825	04095	04011	04095	04095	04095	04095	04095	04095	
03853	04095	04020	04095	04095	04095	04095	04095	04095	
03854	04095	04014	04095	04095	04095	04095	04095	04095	
03863	04095	04014	04095	04095	04095	04095	04095	04095	
03889	04095	04026	04095	04095	04095	04095	04095	04095	
03893	04095	04027	04095	04095	04095	04095	04095	04095	
03894	04095	04027	04095	04095	04095	04095	04095	04095	
03917	04095	04040	04095	04095	04095	04095	04095	04095	
03929	04095	04046	04095	04095	04095	04095	04095	04095	
03920	04095	04041	04095	04095	04095	04095	04095	04095	
03931	04095	04046	04095	04095	04095	04095	04095	04095	
03943	04095	04052	04095	04095	04095	04095	04095	04095	
03932	04095	04048	04095	04095	04095	04095	04095	04095	
03933	04095	04047	04095	04095	04095	04095	04095	04095	
03948	04095	04056	04095	04095	04095	04095	04095	04095	
03941	04095	04053	04095	04095	04095	04095	04095	04095	
03934	04095	04049	04095	04095	04095	04095	04095	04095	
03951	04095	04057	04095	04095	04095	04095	04095	04095	
03955	04095	04060	04095	04095	04095	04095	04095	04095	
03943	04095	04053	04095	04095	04095	04095	04095	04095	
03953	04095	04058	04095	04095	04095	04095	04095	04095	
03958	04095	04061	04095	04095	04095	04095	04095	04095	
03941	04095	04051	04095	04095	04095	04095	04095	04095	
03659	03895	03605	03785	03773	03992	04095	03652	03776	
03294	03618	03053	03408	03375	03811	04067	03112	03340	
02896	03328	02473	03021	02965	03618	04033	02557	02874	
02495	03037	01887	02633	02553	03422	03974	01998	02399	
02103	02746	01304	02247	02154	03226	03918	01437	01917	
01985	02658	01166	02176	02066	03142	03892	01324	01757	
01961	02651	01141	02175	02058	03139	03894	01311	01715	
01965	02662	01140	02189	02068	03152	03911	01315	01705	
01975	02676	01145	02204	02081	03169	03928	01322	01704	
01983	02685	01151	02214	02091	03183	03939	01330	01707	
01990	02693	01155	02221	02100	03191	03945	01334	01709	
01988	02690	01150	02216	02096	03183	03940	01328	01700	
01974	02678	01140	02203	02084	03170	03925	01318	01687	
01957	02662	01128	02189	02070	03155	03911	01308	01673	
01953	02659	01123	02186	02054	03147	03909	01304	01692	
01944	02651	01117	02178	02044	03137	03904	01297	01681	
01941	02648	01116	02176	02044	03137	03904	01297	01679	
01948	02653	01119	02182	02050	03139	03910	01300	01680	
01954	02659	01122	02186	02055	03144	03915	01302	01682	
01955	02661	01123	02185	02068	03147	03915	01302	01655	
01956	02661	01122	02185	02069	03147	03913	01301	01655	
01960	02667	01124	02190	02073	03151	03919	01304	01657	
01956	02665	01123	02186	02069	03152	03918	01304	01655	
01955	02665	01124	02187	02069	03154	03919	01306	01656	
01955	02664	01121	02185	02067	03150	03917	01304	01654	
01956	02665	01122	02187	02069	03153	03920	01306	01655	
01952	02660	01120	02182	02065	03151	03916	01302	01653	
01954	02661	01119	02184	02068	03150	03916	01302	01652	
01953	02659	01116	02181	02066	03147	03913	01299	01650	
01945	02653	01114	02176	02060	03143	03908	01296	01646	
01942	02650	01112	02173	02058	03138	03903	01294	01643	
01940	02650	01111	02172	02057	03135	03900	01292	01639	
01934	02644	01107	02165	02051	03130	03895	01288	01635	
01932	02639	01105	02163	02049	03127	03893	01287	01632	
01935	02640	01104	02164	02051	03126	03894	01287	01631	
01931	02636	01099	02158	02045	03121	03891	01283	01626	
01927	02631	01097	02155	02040	03118	03888	01281	01625	
01929	02633	01096	02157	02042	03118	03889	01281	01624	
01927	02633	01095	02155	02040	03118	03889	01280	01624	
01921	02628	01095	02149	02035	03115	03885	01278	01621	
01923	02631	01096	02151	02038	03116	03885	01278	01622	
01928	02635	01096	02154	02042	03116	03886	01279	01623	
01924	02632	01095	02150	02040	03113	03881	01279	01622	
01924	02632	01094	02150	02040	03111	03880	01279	01621	
01927	02635	01093	02154	02043	03110	03883	01279	01622	
01923	02632	01091	02151	02039	03106	03881	01278	01619	
01917	02627	01089	02147	02036	03103	03879	01277	01617	
01920	02630	01091	02151	02039	03103	03882	01278	01619	
01921	02631	01093	02152	02040	03103	03883	01280	01619	
01917	02628	01093	02141	02037	03101	03880	01280	01617	
01921	02630	01094	02135	02040	03101	03883	01282	01618	
01924	02633	01095	02138	02041	03103	03887	01283	01619	
01920	02629	01093	02131	02037	03102	03884	01282	01617	
01918	02625	01091	02120	02034	03100	03881	01279	01613	
01918	02623	01089	02117	02033	03096	03878	01276	01611	
01911	02616	01083	02107	02026	03087	03869	01271	01606	
01905	02607	01079	02090	02020	03078	03860	01266	01601	
01908	02608	01078	02086	02022	03076	03859	01264	01600	
01908	02607	01077	02088	02022	03075	03856	01263	01600	
01907	02607	01078	02087	02021	03076	03855	01264	01601	
01913	02613	01082	02097	02028	03083	03861	01268	01606	
01919	02618	01086	02111	02033	03090	03867	01270	01609	
01914	02613	01084	02105	02028	03089	03863	01268	01606	
01913	02612	01084	02100	02027	03090	03862	01268	01606	
01915	02612	01083	02102	02014	03109	03862	01267	01605	
01910	02607	01080	02093	02007	03106	03855	01262	01601	
01907	02602	01078	02079	02003	03103	03849	01261	01597	
02031	02760	01180	02273	02140	03306	03890	01389	01725	
02335	03057	01534	02675	02521	03506	03951	01792	02060	
02676	03354	01968	03076	02938	03688	04012	02273	02467	
03050	03654	02446	03481	03358	03892	04054	02797	02915	
03435	03954	02952	03885	03777	04095	04095	03343	03390	
03692	04095	03366	04095	04059	04095	04095	03769	03748	
03776	04095	03544	04095	04095	04095	04095	03928	03910	
03831	04095	03658	04095	04095	04095	04095	04014	04003	
03846	04095	03725	04095	04095	04095	04095	04058	04054	
03847	04095	03768	04095	04095	04095	04095	04079	04080	
03865	04095	03812	04095	04095	04095	04095	04092	04094	
03869	04095	03843	04095	04095	04095	04095	04095	04095	
03857	04095	03858	04095	04095	04095	04095	04095	04095	
03867	04095	03880	04095	04095	04095	04095	04095	04095	
03883	04095	03905	04095	04095	04095	04095	04095	04095	
03875	04095	03916	04095	04095	04095	04095	04095	04095	
03878	04095	03931	04095	04095	04095	04095	04095	04095	
03893	04095	03953	04095	04095	04095	04095	04095	04095	
03883	04095	03964	04095	04095	04095	04095	04095	04095	
03866	04095	03968	04095	04095	04095	04095	04095	04095	
03873	04095	03981	04095	04095	04095	04095	04095	04095	
03871	04095	03989	04095	04095	04095	04095	04095	04095	
03858	04095	03988	04095	04095	04095	04095	04095	04095	
03866	04095	03995	04095	04095	04095	04095	04095	04095	
03879	04095	04005	04095	04095	04095	04095	04095	04095	
03869	04095	04003	04095	04095	04095	04095	04095	04095	
03871	04095	04004	04095	04095	04095	04095	04095	04095	
03891	04095	04016	04095	04095	04095	04095	04095	04095	
03893	04095	04016	04095	04095	04095	04095	04095	04095	
03897	04095	04013	04095	04095	04095	04095	04095	04095	
03925	04095	04023	04095	04095	04095	04095	04095	04095	
03939	04095	04025	04095	04095	04095	04095	04095	04095	
03939	04095	04015	04095	04095	04095	04095	04095	04095	
03959	04095	04017	04095	04095	04095	04095	04095	04095	
03979	04095	04020	04095	04095	04095	04095	04095	04095	
03975	04095	04009	04095	04095	04095	04095	04095	04095	
03987	04095	04007	04095	04095	04095	04095	04095	04095	
04010	04095	04015	04095	04095	04095	04095	04095	04095	
04009	04095	04011	04095	04095	04095	04095	04095	04095	
04006	04095	04007	04095	04095	04095	04095	04095	04095	
04022	04095	04016	04095	04095	04095	04095	04095	04095	
04022	04095	04019	04095	04095	04095	04095	04095	04095	
04011	04095	04012	04095	04095	04095	04095	04095	04095	
03991	04095	03988	04095	04095	04095	04095	04095	04095	
03695	03909	03538	03799	03803	03979	04095	03654	03757	
03626	03909	03404	03799	03802	03979	04095	03570	03723	
03595	03909	03329	03799	03802	03979	04095	03537	03719	
03198	03645	02777	03428	03430	03771	04054	03005	03290	
02789	03356	02220	03040	03031	03544	04019	02448	02793	
02650	03246	02084	02945	02918	03427	03980	02326	02620	
02273	02953	01622	02556	02516	03196	03946	01845	02142	
01855	02655	01098	02161	02112	02962	03884	01310	01625	
01800	02617	01052	02125	02090	02932	03859	01273	01531	
01781	02608	01037	02111	02085	02922	03855	01262	01504	
01769	02601	01027	02096	02083	02916	03853	01255	01488	
01755	02591	01018	02078	02077	02908	03844	01249	01475	
01751	02589	01013	02067	02075	02905	03840	01246	01469	
01754	02591	01012	02069	02074	02904	03842	01245	01464	
01751	02587	01008	02063	02066	02901	03838	01242	01460	
01751	02586	01006	02062	02060	02899	03834	01240	01457	
01753	02589	01006	02064	02061	02900	03835	01239	01455	
01750	02587	01004	02061	02057	02898	03834	01237	01451	
01745	02583	01002	02057	02056	02895	03830	01235	01447	
01746	02585	01004	02060	02063	02895	03828	01235	01447	
01743	02583	01002	02058	02066	02893	03827	01234	01445	
01734	02577	00998	02052	02061	02888	03822	01231	01441	
01731	02574	00996	02051	02061	02885	03818	01230	01439	
01731	02575	00995	02051	02060	02884	03818	01229	01439	
01727	02570	00991	02045	02051	02880	03813	01226	01434	
01726	02569	00990	02045	02048	02881	03814	01227	01433	
01730	02573	00991	02048	02051	02883	03818	01228	01435	
01730	02572	00990	02047	02049	02883	03816	01227	01433	
01727	02568	00988	02044	02049	02882	03813	01226	01431	
01730	02572	00990	02047	02054	02885	03817	01227	01432	
01732	02574	00991	02047	02055	02885	03817	01227	01431	
01728	02570	00990	02044	02052	02883	03815	01227	01430	
01729	02572	00991	02046	02053	02884	03817	01228	01431	
01732	02576	00992	02049	02053	02884	03820	01228	01431	
01730	02572	00991	02045	02049	02881	03817	01226	01430	
01729	02571	00991	02044	02049	02880	03815	01226	01429	
01732	02574	00992	02048	02053	02882	03818	01226	01429	
01731	02574	00993	02048	02055	02882	03818	01228	01430	
01730	02572	00994	02048	02055	02883	03818	01230	01431	
01734	02577	00997	02054	02061	02888	03824	01233	01434	
01736	02581	00998	02055	02062	02890	03827	01234	01437	
01734	02580	00999	02054	02060	02890	03828	01235	01437	
01787	02649	01044	02125	02135	02970	03896	01288	01496	
02123	02954	01401	02534	02522	03213	03965	01692	01850	
02506	03255	01843	02940	02930	03452	04007	02174	02282	
02916	03557	02331	03348	03340	03693	04050	02696	02759	
03350	03861	02854	03757	03750	03934	04095	03245	03266	
03730	04095	03348	04095	04084	04095	04095	03749	03730	
03829	04095	03541	04095	04095	04095	04095	03911	03909	
03892	04095	03661	04095	04095	04095	04095	04000	04009	
03925	04095	03738	04095	04095	04095	04095	04050	04062	
03929	04095	03782	04095	04095	04095	04095	04072	04086	
03945	04095	03822	04095	04095	04095	04095	04087	04095	
03960	04095	03858	04095	04095	04095	04095	04095	04095	
03949	04095	03873	04095	04095	04095	04095	04095	04095	
03944	04095	03885	04095	04095	04095	04095	04095	04095	
03956	04095	03907	04095	04095	04095	04095	04095	04095	
03951	04095	03916	04095	04095	04095	04095	04095	04095	
03943	04095	03917	04095	04095	04095	04095	04095	04095	
03960	04095	03933	04095	04095	04095	04095	04095	04095	
03972	04095	03946	04095	04095	04095	04095	04095	04095	
03967	04095	03946	04095	04095	04095	04095	04095	04095	
03979	04095	03955	04095	04095	04095	04095	04095	04095	
03998	04095	03968	04095	04095	04095	04095	04095	04095	
03993	04095	03967	04095	04095	04095	04095	04095	04095	
03993	04095	03968	04095	04095	04095	04095	04095	04095	
04011	04095	03981	04095	04095	04095	04095	04095	04095	
04010	04095	03983	04095	04095	04095	04095	04095	04095	
04002	04095	03981	04095	04095	04095	04095	04095	04095	
04016	04095	03992	04095	04095	04095	04095	04095	04095	
04025	04095	04001	04095	04095	04095	04095	04095	04095	
04017	04095	03999	04095	04095	04095	04095	04095	04095	
04030	04095	04007	04095	04095	04095	04095	04095	04095	
04050	04095	04021	04095	04095	04095	04095	04095	04095	
04049	04095	04017	04095	04095	04095	04095	04095	04095	
04057	04095	04016	04095	04095	04095	04095	04095	04095	
04075	04095	04026	04095	04095	04095	04095	04095	04095	
04079	04095	04023	04095	04095	04095	04095	04095	04095	
04080	04095	04016	04095	04095	04095	04095	04095	04095	
04090	04095	04022	04095	04095	04095	04095	04095	04095	
04093	04095	04024	04095	04095	04095	04095	04095	04095	
04092	04095	04015	04095	04095	04095	04095	04095	04095	
04092	04095	04018	04095	04095	04095	04095	04095	04095	
04093	04095	04024	04095	04095	04095	04095	04095	04095	
04093	04095	04018	04095	04095	04095	04095	04095	04095	
04093	04095	04018	04095	04095	04095	04095	04095	04095	
04094	04095	04027	04095	04095	04095	04095	04095	04095	
04094	04095	04022	04095	04095	04095	04095	04095	04095	
03785	03936	03613	03811	03839	04000	04095	03697	03755	
03305	03656	03047	03396	03444	03775	04062	03150	03242	
02803	03362	02458	02971	03031	03537	04021	02586	02699	
02310	03064	01858	02547	02618	03299	03981	02020	02149	
01825	02773	01264	02129	02213	03068	03925	01455	01599	
01644	02637	01069	01991	02075	02926	03867	01284	01381	
01620	02620	01040	01983	02059	02913	03863	01262	01337	
01615	02617	01032	01985	02061	02914	03866	01257	01322	
01606	02618	01026	01986	02064	02915	03869	01254	01313	
01593	02611	01020	01979	02058	02907	03865	01247	01302	
01586	02606	01016	01974	02054	02904	03861	01244	01296	
01587	02606	01013	01974	02053	02901	03859	01244	01293	
01590	02603	01009	01972	02045	02898	03858	01243	01289	
01590	02599	01006	01968	02036	02894	03854	01241	01286	
01593	02598	01005	01968	02034	02894	03852	01241	01285	
01594	02599	01004	01969	02022	02895	03854	01242	01313	
01592	02597	01004	01967	02022	02895	03855	01241	01311	
01591	02598	01005	01969	02027	02896	03859	01242	01312	
01592	02603	01007	01972	02037	02899	03865	01243	01312	
01587	02601	01006	01970	02038	02898	03865	01242	01311	
01583	02600	01005	01968	02048	02896	03864	01242	01281	
01588	02603	01006	01970	02049	02897	03865	01243	01282	
01591	02603	01004	01968	02044	02896	03860	01242	01280	
01591	02599	01004	01965	02038	02894	03853	01241	01279	
01595	02602	01006	01969	02039	02896	03855	01243	01280	
01597	02605	01007	01971	02041	02897	03857	01243	01280	
01594	02602	01006	01969	02041	02897	03854	01242	01279	
01594	02603	01007	01971	02046	02898	03856	01242	01279	
01595	02605	01007	01973	02050	02900	03862	01243	01279	
01593	02604	01006	01970	02047	02898	03860	01242	01279	
01592	02602	01006	01969	02045	02898	03857	01242	01279	
01595	02603	01005	01970	02044	02897	03857	01242	01278	
01594	02598	01003	01965	02037	02893	03852	01239	01274	
01591	02593	01000	01961	02032	02890	03846	01237	01272	
01593	02592	01000	01962	02034	02889	03847	01235	01270	
01590	02589	00997	01960	02033	02886	03846	01232	01267	
01586	02583	00993	01955	02027	02882	03841	01228	01263	
01588	02585	00994	01956	02029	02883	03842	01230	01263	
01602	02604	01004	01974	02048	02901	03862	01240	01276	
01799	02839	01186	02282	02283	03141	03924	01460	01479	
02170	03140	01567	02710	02683	03384	03987	01883	01868	
02606	03445	02027	03139	03102	03629	04031	02379	02336	
03055	03746	02519	03567	03518	03871	04073	02901	02843	
03500	04030	03022	03978	03916	04095	04095	03429	03363	
03777	04095	03378	04095	04094	04095	04095	03767	03715	
03885	04095	03547	04095	04095	04095	04095	03910	03892	
03925	04095	03639	04095	04095	04095	04095	03981	03992	
03958	04095	03707	04095	04095	04095	04095	04031	04051	
03989	04095	03764	04095	04095	04095	04095	04066	04084	
03998	04095	03796	04095	04095	04095	04095	04080	04095	
04010	04095	03824	04095	04095	04095	04095	04088	04095	
04039	04095	03858	04095	04095	04095	04095	04095	04095	
04052	04095	03879	04095	04095	04095	04095	04095	04095	
04057	04095	03891	04095	04095	04095	04095	04095	04095	
04071	04095	03911	04095	04095	04095	04095	04095	04095	
04081	04095	03928	04095	04095	04095	04095	04095	04095	
04077	04095	03930	04095	04095	04095	04095	04095	04095	
04082	04095	03941	04095	04095	04095	04095	04095	04095	
04090	04095	03958	04095	04095	04095	04095	04095	04095	
04089	04095	03959	04095	04095	04095	04095	04095	04095	
04089	04095	03960	04095	04095	04095	04095	04095	04095	
04093	04095	03974	04095	04095	04095	04095	04095	04095	
04093	04095	03978	04095	04095	04095	04095	04095	04095	
04091	04095	03974	04095	04095	04095	04095	04095	04095	
04092	04095	03985	04095	04095	04095	04095	04095	04095	
04093	04095	03992	04095	04095	04095	04095	04095	04095	
04087	04095	03983	04095	04095	04095	04095	04095	04095	
04087	04095	03985	04095	04095	04095	04095	04095	04095	
04089	04095	03990	04095	04095	04095	04095	04095	04095	
04087	04095	03981	04095	04095	04095	04095	04095	04095	
04087	04095	03977	04095	04095	04095	04095	04095	04095	
04093	04095	03985	04095	04095	04095	04095	04095	04095	
04093	04095	03981	04095	04095	04095	04095	04095	04095	
04093	04095	03973	04095	04095	04095	04095	04095	04095	
04095	04095	03979	04095	04095	04095	04095	04095	04095	
04095	04095	03981	04095	04095	04095	04095	04095	04095	
04095	04095	03972	04095	04095	04095	04095	04095	04095	
04095	04095	03973	04095	04095	04095	04095	04095	04095	
04095	04095	03980	04095	04095	04095	04095	04095	04095	
04095	04095	03972	04095	04095	04095	04095	04095	04095	
04095	04095	03970	04095	04095	04095	04095	04095	04095	
04095	04095	03980	04095	04095	04095	04095	04095	04095	
04095	04095	03981	04095	04095	04095	04095	04095	04095	
04095	04095	03979	04095	04095	04095	04095	04095	04095	
04095	04095	03991	04095	04095	04095	04095	04095	04095	
04095	04095	03997	04095	04095	04095	04095	04095	04095	
04095	04095	03994	04095	04095	04095	04095	04095	04095	
04095	04095	03999	04095	04095	04095	04095	04095	04095	
04095	04095	04007	04095	04095	04095	04095	04095	04095	
04095	04095	04002	04095	04095	04095	04095	04095	04095	
04095	04095	04001	04095	04095	04095	04095	04095	04095	
04095	04095	04011	04095	04095	04095	04095	04095	04095	
04095	04095	04010	04095	04095	04095	04095	04095	04095	
04095	04095	04004	04095	04095	04095	04095	04095	04095	
04095	04095	04012	04095	04095	04095	04095	04095	04095	
04095	04095	04014	04095	04095	04095	04095	04095	04095	
04095	04095	04006	04095	04095	04095	04095	04095	04095	
04095	04095	04011	04095	04095	04095	04095	04095	04095	
04079	04095	03986	04095	04095	04095	04095	04091	04095	
03592	03862	03461	03714	03740	03919	04081	03589	03640	
03059	03591	02890	03296	03354	03704	04040	03045	03123	
02508	03302	02308	02864	02940	03472	04011	02484	02581	
01949	03003	01710	02426	02518	03232	03975	01916	02028	
01403	02703	01141	01986	02094	02990	03938	01350	01470	
01329	02637	01060	01927	02027	02924	03893	01281	01363	
01298	02609	01027	01903	02001	02895	03874	01252	01317	
01285	02596	01012	01894	01988	02882	03862	01240	01296	
01280	02593	01005	01891	01986	02878	03857	01236	01286	
01276	02592	01001	01889	01983	02876	03854	01232	01280	
01271	02587	00997	01885	01978	02872	03848	01230	01275	
01269	02585	00996	01886	01977	02870	03846	01229	01272	
01268	02587	00994	01886	01977	02870	03848	01227	01269	
01266	02585	00993	01883	01975	02867	03845	01225	01265	
01265	02583	00992	01882	01973	02866	03844	01224	01263	
01266	02585	00991	01883	01976	02866	03845	01224	01262	
01267	02584	00992	01883	01964	02866	03845	01224	01289	
01269	02586	00994	01885	01966	02870	03845	01228	01293	
01274	02594	00998	01892	01974	02878	03856	01234	01297	
01277	02600	01002	01898	01979	02883	03862	01237	01300	
01279	02602	01006	01901	01981	02888	03867	01241	01303	
01282	02607	01008	01904	01997	02893	03872	01243	01277	
01283	02609	01008	01906	01998	02892	03876	01244	01276	
01281	02604	01006	01903	01995	02889	03871	01241	01274	
01281	02603	01005	01902	01994	02889	03871	01240	01273	
01281	02607	01006	01904	01996	02891	03874	01242	01274	
01281	02606	01005	01901	01994	02889	03871	01240	01272	
01281	02605	01005	01899	01993	02890	03868	01240	01271	
01283	02609	01007	01902	01997	02893	03871	01242	01273	
01282	02609	01007	01901	01997	02892	03870	01242	01273	
01281	02605	01004	01897	01995	02890	03865	01240	01273	
01282	02606	01006	01901	01996	02892	03868	01242	01273	
01282	02607	01006	01902	01998	02893	03869	01242	01274	
01277	02601	01003	01897	01992	02889	03864	01238	01270	
01276	02600	01002	01896	01991	02887	03860	01237	01269	
01276	02601	01002	01897	01992	02887	03861	01237	01268	
01273	02596	00999	01893	01988	02882	03857	01234	01265	
01271	02591	00997	01890	01984	02879	03852	01232	01263	
01577	02893	01263	02309	02322	03122	03892	01551	01551	
02015	03193	01668	02748	02746	03365	03933	02000	01965	
02498	03491	02131	03188	03169	03606	03992	02492	02436	
03014	03793	02632	03630	03581	03851	04054	03020	02948	
03546	04095	03152	04072	04006	04095	04095	03564	03481	
03772	04095	03411	04095	04095	04095	04095	03790	03737	
03871	04095	03542	04095	04095	04095	04095	03895	03879	
03941	04095	03633	04095	04095	04095	04095	03967	03973	
03975	04095	03688	04095	04095	04095	04095	04005	04029	
03990	04095	03723	04095	04095	04095	04095	04027	04062	
04020	04095	03763	04095	04095	04095	04095	04055	04084	
04041	04095	03793	04095	04095	04095	04095	04073	04095	
04043	04095	03809	04095	04095	04095	04095	04080	04095	
04059	04095	03830	04095	04095	04095	04095	04088	04095	
04077	04095	03857	04095	04095	04095	04095	04095	04095	
04077	04095	03868	04095	04095	04095	04095	04095	04095	
04083	04095	03880	04095	04095	04095	04095	04095	04095	
04091	04095	03900	04095	04095	04095	04095	04095	04095	
04091	04095	03907	04095	04095	04095	04095	04095	04095	
04091	04095	03907	04095	04095	04095	04095	04095	04095	
04095	04095	03920	04095	04095	04095	04095	04095	04095	
04095	04095	03928	04095	04095	04095	04095	04095	04095	
04095	04095	03924	04095	04095	04095	04095	04095	04095	
04095	04095	03931	04095	04095	04095	04095	04095	04095	
04095	04095	03943	04095	04095	04095	04095	04095	04095	
04095	04095	03940	04095	04095	04095	04095	04095	04095	
04095	04095	03941	04095	04095	04095	04095	04095	04095	
04095	04095	03953	04095	04095	04095	04095	04095	04095	
04095	04095	03951	04095	04095	04095	04095	04095	04095	
04095	04095	03943	04095	04095	04095	04095	04095	04095	
04095	04095	03946	04095	04095	04095	04095	04095	04095	
04095	04095	03943	04095	04095	04095	04095	04095	04095	
04093	04095	03930	04095	04095	04095	04095	04095	04095	
04093	04095	03929	04095	04095	04095	04095	04095	04095	
04093	04095	03934	04095	04095	04095	04095	04095	04095	
04091	04095	03925	04095	04095	04095	04095	04095	04095	
04091	04095	03922	04095	04095	04095	04095	04095	04095	
04093	04095	03931	04095	04095	04095	04095	04095	04095	
04093	04095	03929	04095	04095	04095	04095	04095	04095	
04093	04095	03924	04095	04095	04095	04095	04095	04095	
04095	04095	03933	04095	04095	04095	04095	04095	04095	
04095	04095	03936	04095	04095	04095	04095	04095	04095	
04094	04095	03927	04095	04095	04095	04095	04095	04095	
04094	04095	03931	04095	04095	04095	04095	04095	04095	
04094	04095	03937	04095	04095	04095	04095	04095	04095	
04063	04095	03905	04095	04095	04095	04095	04077	04095	
03587	03845	03414	03723	03741	03926	04095	03584	03651	
03049	03542	02859	03298	03338	03705	04034	03037	03129	
02497	03225	02282	02865	02936	03472	03963	02476	02586	
01941	02904	01703	02431	02519	03238	03915	01913	02037	
01416	02584	01155	01998	02102	03003	03865	01365	01484	
01333	02509	01066	01933	02035	02934	03812	01291	01372	
01309	02487	01040	01918	02016	02915	03796	01269	01334	
01300	02481	01030	01917	02012	02910	03792	01262	01317	
01294	02476	01022	01913	02006	02904	03788	01256	01305	
01287	02469	01015	01906	01999	02897	03782	01251	01295	
01283	02466	01011	01904	01997	02894	03780	01248	01289	
01283	02468	01009	01906	01998	02894	03781	01248	01286	
01279	02464	01006	01900	01992	02890	03777	01244	01281	
01277	02462	01005	01898	01991	02889	03775	01243	01278	
01279	02463	01006	01901	01993	02890	03779	01243	01276	
01278	02462	01006	01900	01992	02889	03777	01242	01274	
01275	02456	01002	01894	01987	02885	03771	01238	01271	
01276	02456	01001	01894	01987	02884	03770	01237	01269	
01273	02453	00998	01892	01985	02881	03766	01234	01266	
01269	02448	00995	01886	01979	02875	03761	01231	01262	
01267	02447	00992	01884	01978	02873	03759	01229	01260	
01267	02449	00993	01885	01979	02874	03762	01229	01259	
01265	02445	00991	01882	01976	02871	03759	01228	01258	
01266	02444	00991	01881	01976	02871	03757	01230	01259	
01267	02445	00990	01882	01978	02873	03757	01231	01259	
01265	02443	00989	01880	01975	02871	03756	01230	01257	
01263	02439	00987	01877	01971	02868	03750	01228	01255	
01264	02440	00987	01879	01973	02868	03751	01228	01255	
01263	02441	00987	01879	01972	02868	03753	01227	01253	
01262	02439	00986	01877	01969	02867	03749	01226	01253	
01263	02440	00987	01879	01972	02868	03752	01227	01254	
01263	02443	00989	01882	01975	02871	03755	01229	01256	
01264	02442	00989	01880	01963	02871	03755	01230	01285	
01265	02442	00990	01881	01964	02872	03755	01231	01287	
01268	02448	00993	01886	01969	02876	03761	01233	01289	
01269	02447	00994	01886	01969	02876	03762	01234	01290	
01269	02446	00995	01886	01968	02877	03763	01235	01290	
01271	02450	00998	01890	01982	02880	03767	01236	01262	
01272	02451	00998	01889	01983	02881	03768	01236	01262	
01269	02446	00996	01886	01980	02879	03764	01235	01261	
01270	02448	00997	01888	01982	02881	03763	01235	01262	
01271	02450	00997	01889	01983	02881	03765	01235	01263	
01269	02447	00996	01886	01981	02879	03761	01233	01262	
01268	02446	00996	01887	01980	02878	03762	01233	01262	
01270	02449	00997	01890	01983	02880	03764	01234	01264	
01276	02459	01002	01898	01992	02892	03777	01242	01272	
01554	02763	01249	02288	02302	03135	03857	01534	01537	
01990	03093	01654	02731	02715	03379	03938	01979	01947	
02475	03423	02115	03172	03142	03623	03994	02474	02416	
02974	03751	02600	03611	03565	03865	04051	02986	02913	
03491	04070	03105	04044	03980	04095	04095	03512	03430	
03748	04095	03389	04095	04095	04095	04095	03767	03708	
03844	04095	03519	04095	04095	04095	04095	03870	03850	
03898	04095	03599	04095	04095	04095	04095	03932	03942	
03949	04095	03665	04095	04095	04095	04095	03985	04010	
03970	04095	03705	04095	04095	04095	04095	04012	04051	
03981	04095	03730	04095	04095	04095	04095	04029	04074	
04008	04095	03763	04095	04095	04095	04095	04054	04090	
04023	04095	03786	04095	04095	04095	04095	04069	04095	
04020	04095	03793	04095	04095	04095	04095	04071	04095	
04034	04095	03810	04095	04095	04095	04095	04080	04095	
04049	04095	03828	04095	04095	04095	04095	04090	04095	
04043	04095	03831	04095	04095	04095	04095	04090	04095	
04047	04095	03837	04095	04095	04095	04095	04090	04095	
04063	04095	03855	04095	04095	04095	04095	04095	04095	
04062	04095	03858	04095	04095	04095	04095	04095	04095	
04062	04095	03863	04095	04095	04095	04095	04095	04095	
04075	04095	03880	04095	04095	04095	04095	04095	04095	
04083	04095	03892	04095	04095	04095	04095	04095	04095	
04078	04095	03891	04095	04095	04095	04095	04095	04095	
04086	04095	03904	04095	04095	04095	04095	04095	04095	
04089	04095	03914	04095	04095	04095	04095	04095	04095	
04085	04095	03910	04095	04095	04095	04095	04095	04095	
04085	04095	03912	04095	04095	04095	04095	04095	04095	
04090	04095	03925	04095	04095	04095	04095	04095	04095	
04088	04095	03922	04095	04095	04095	04095	04095	04095	
04087	04095	03918	04095	04095	04095	04095	04095	04095	
04091	04095	03927	04095	04095	04095	04095	04095	04095	
04089	04095	03929	04095	04095	04095	04095	04095	04095	
04083	04095	03919	04095	04095	04095	04095	04095	04095	
04085	04095	03925	04095	04095	04095	04095	04095	04095	
04086	04095	03931	04095	04095	04095	04095	04095	04095	
04079	04095	03921	04095	04095	04095	04095	04095	04095	
04077	04095	03918	04095	04095	04095	04095	04095	04095	
04084	04095	03925	04095	04095	04095	04095	04095	04095	
04075	04095	03916	04095	04095	04095	04095	04095	04095	
04069	04095	03908	04095	04095	04095	04095	04095	04095	
04075	04095	03915	04095	04095	04095	04095	04095	04095	
03677	03878	03504	03781	03806	03987	04095	03673	03731	
03139	03531	02950	03352	03397	03760	04017	03125	03213	
02596	03175	02387	02918	02975	03525	03927	02564	02669	
02043	02813	01813	02478	02548	03285	03813	01997	02115	
01481	02451	01229	02039	02136	03045	03709	01428	01559	
01323	02305	01064	01916	02001	02913	03630	01280	01363	
01299	02288	01036	01907	01982	02899	03623	01259	01322	
01287	02277	01021	01900	01971	02890	03621	01250	01302	
01282	02273	01014	01898	01968	02888	03624	01246	01292	
01278	02270	01009	01897	01965	02885	03626	01243	01284	
01273	02264	01004	01891	01959	02879	03623	01238	01278	
01270	02261	01000	01887	01958	02876	03619	01234	01273	
01271	02262	01000	01889	01962	02877	03617	01233	01272	
01270	02261	00999	01888	01962	02875	03612	01232	01270	
01268	02259	00997	01884	01960	02872	03603	01229	01266	
01269	02260	00998	01887	01962	02873	03600	01230	01266	
01267	02260	00998	01888	01961	02872	03598	01229	01263	
01264	02256	00996	01883	01956	02869	03598	01227	01261	
01265	02257	00997	01882	01955	02869	03601	01227	01260	
01265	02259	00997	01885	01956	02871	03605	01230	01262	
01264	02258	00996	01883	01954	02870	03606	01229	01261	
01264	02257	00995	01881	01953	02868	03606	01230	01261	
01266	02259	00997	01886	01957	02870	03610	01232	01262	
01266	02258	00996	01886	01959	02870	03608	01232	01262	
01266	02256	00995	01883	01958	02868	03604	01230	01259	
01268	02258	00996	01886	01961	02871	03605	01231	01260	
01268	02259	00996	01887	01963	02872	03608	01231	01260	
01267	02257	00995	01883	01960	02870	03607	01230	01259	
01265	02255	00994	01882	01959	02870	03609	01229	01257	
01264	02255	00992	01883	01959	02870	03609	01229	01257	
01260	02251	00989	01878	01954	02864	03604	01227	01253	
01258	02248	00986	01875	01951	02861	03600	01225	01251	
01258	02247	00984	01877	01952	02859	03598	01224	01250	
01257	02246	00983	01875	01952	02858	03598	01223	01249	
01256	02244	00983	01874	01949	02856	03596	01222	01247	
01257	02246	00984	01875	01950	02857	03596	01220	01247	
01257	02246	00985	01876	01951	02857	03594	01219	01246	
01254	02243	00984	01871	01946	02853	03592	01216	01243	
01253	02242	00983	01870	01946	02852	03591	01215	01242	
01259	02249	00988	01877	01953	02860	03598	01220	01247	
01451	02499	01159	02187	02190	03108	03686	01432	01439	
01851	02869	01527	02631	02606	03355	03779	01846	01814	
02329	03241	01975	03078	03041	03606	03874	02333	02270	
02831	03612	02463	03524	03472	03854	03989	02846	02761	
03338	03975	02965	03961	03885	04095	04095	03370	03273	
03681	04095	03320	04095	04079	04095	04095	03706	03619	
03823	04095	03491	04095	04095	04095	04095	03850	03796	
03883	04095	03584	04095	04095	04095	04095	03919	03898	
03929	04095	03651	04095	04095	04095	04095	03970	03974	
03973	04095	03709	04095	04095	04095	04095	04015	04029	
03986	04095	03740	04095	04095	04095	04095	04035	04060	
03993	04095	03761	04095	04095	04095	04095	04047	04077	
04018	04095	03791	04095	04095	04095	04095	04068	04091	
04026	04095	03810	04095	04095	04095	04095	04079	04095	
04022	04095	03817	04095	04095	04095	04095	04080	04095	
04038	04095	03833	04095	04095	04095	04095	04087	04095	
04053	04095	03851	04095	04095	04095	04095	04092	04095	
04049	04095	03852	04095	04095	04095	04095	04092	04095	
04057	04095	03861	04095	04095	04095	04095	04093	04095	
04072	04095	03876	04095	04095	04095	04095	04095	04095	
04069	04095	03878	04095	04095	04095	04095	04095	04095	
04063	04095	03875	04095	04095	04095	04095	04095	04095	
04075	04095	03884	04095	04095	04095	04095	04095	04095	
04072	04095	03883	04095	04095	04095	04095	04095	04095	
04061	04095	03875	04095	04095	04095	04095	04095	04095	
04068	04095	03882	04095	04095	04095	04095	04095	04095	
04078	04095	03890	04095	04095	04095	04095	04095	04095	
04072	04095	03884	04095	04095	04095	04095	04095	04095	
04078	04095	03889	04095	04095	04095	04095	04095	04095	
04089	04095	03901	04095	04095	04095	04095	04095	04095	
04087	04095	03898	04095	04095	04095	04095	04095	04095	
04087	04095	03897	04095	04095	04095	04095	04095	04095	
04093	04095	03911	04095	04095	04095	04095	04095	04095	
04093	04095	03916	04095	04095	04095	04095	04095	04095	
04092	04095	03913	04095	04095	04095	04095	04095	04095	
04094	04095	03924	04095	04095	04095	04095	04095	04095	
04094	04095	03933	04095	04095	04095	04095	04095	04095	
04094	04095	03929	04095	04095	04095	04095	04095	04095	
04094	04095	03937	04095	04095	04095	04095	04095	04095	
04095	04095	03955	04095	04095	04095	04095	04095	04095	
04095	04095	03958	04095	04095	04095	04095	04095	04095	
04095	04095	03964	04095	04095	04095	04095	04095	04095	
04095	04095	03983	04095	04095	04095	04095	04095	04095	
04095	04095	03989	04095	04095	04095	04095	04095	04095	
04095	04095	03987	04095	04095	04095	04095	04095	04095	
04095	04095	03999	04095	04095	04095	04095	04095	04095	
04095	04095	04007	04095	04095	04095	04095	04095	04095	
04089	04095	04001	04095	04095	04095	04095	04095	04095	
04089	04095	04008	04095	04095	04095	04095	04095	04095	
04089	04095	04019	04095	04095	04095	04095	04095	04095	
04080	04095	04016	04095	04095	04095	04095	04095	04095	
04073	04095	04017	04095	04095	04095	04095	04095	04095	
04077	04095	04030	04095	04095	04095	04095	04095	04095	
04067	04095	04031	04095	04095	04095	04095	04095	04095	
04049	04095	04028	04095	04095	04095	04095	04095	04095	
04049	04095	04036	04095	04095	04095	04095	04095	04095	
04039	04095	04038	04095	04095	04095	04095	04095	04095	
04012	04095	04027	04095	04095	04095	04095	04095	04095	
04006	04095	04028	04095	04095	04095	04095	04095	04095	
04004	04095	04033	04095	04095	04095	04095	04095	04095	
03981	04095	04026	04095	04095	04095	04095	04095	04095	
03970	04095	04024	04095	04095	04095	04095	04095	04095	
03974	04095	04034	04095	04095	04095	04095	04095	04095	
03958	04095	04032	04095	04095	04095	04095	04095	04095	
03939	04095	04025	04095	04095	04095	04095	04095	04095	
03945	04095	04033	04095	04095	04095	04095	04095	04095	
03937	04095	04035	04095	04095	04095	04095	04095	04095	
03915	04095	04026	04095	04095	04095	04095	04095	04095	
03915	04095	04027	04095	04095	04095	04095	04095	04095	
03916	04095	04031	04095	04095	04095	04095	04095	04095	
03892	04095	04021	04095	04095	04095	04095	04095	04095	
03886	04095	04020	04095	04095	04095	04095	04095	04095	
03895	04095	04031	04095	04095	04095	04095	04095	04095	
03880	04095	04029	04095	04095	04095	04095	04095	04095	
03865	04095	04026	04095	04095	04095	04095	04095	04095	
03874	04095	04035	04095	04095	04095	04095	04095	04095	
03865	04095	04033	04095	04095	04095	04095	04095	04095	
03840	04095	04023	04095	04095	04095	04095	04095	04095	
03840	04095	04026	04095	04095	04095	04095	04095	04095	
03837	04095	04029	04095	04095	04095	04095	04095	04095	
03814	04095	04020	04095	04095	04095	04095	04095	04095	
03805	04095	04019	04095	04095	04095	04095	04095	04095	
03810	04095	04027	04095	04095	04095	04095	04095	04095	
03790	04095	04022	04095	04095	04095	04095	04095	04095	
03775	04095	04018	04095	04095	04095	04095	04095	04095	
03783	04095	04028	04095	04095	04095	04095	04095	04095	
03775	04095	04030	04095	04095	04095	04095	04095	04095	
03756	04095	04025	04095	04095	04095	04095	04095	04095	
03761	04095	04030	04095	04095	04095	04095	04095	04095	
