01924	02599	01226	02117	01996	03611	03646	01516	01737	
01928	02601	01229	02111	02000	03614	03647	01518	01739	
01934	02609	01234	02126	02006	03620	03654	01522	01744	
01932	02609	01234	02123	02003	03619	03654	01521	01744	
01930	02607	01234	02113	02002	03616	03651	01520	01743	
01935	02612	01237	02122	02007	03620	03656	01521	01747	
01934	02612	01236	02129	02006	03622	03657	01521	01746	
01929	02608	01234	02117	02002	03619	03653	01519	01742	
01934	02612	01236	02123	02006	03622	03658	01521	01745	
01937	02615	01237	02134	02008	03624	03660	01521	01747	
01932	02611	01236	02127	02003	03619	03657	01519	01745	
01934	02612	01237	02122	02006	03617	03659	01520	01746	
01940	02619	01239	02135	02011	03620	03665	01523	01751	
01936	02616	01237	02132	02008	03619	03661	01521	01749	
01934	02614	01237	02125	02007	03619	03661	01522	01748	
01939	02619	01237	02137	01997	03643	03664	01525	01750	
01935	02615	01234	02140	01994	03642	03659	01523	01749	
01927	02608	01230	02128	01988	03636	03651	01520	01745	
01930	02609	01230	02130	01989	03634	03652	01520	01745	
01930	02609	01230	02135	01988	03633	03652	01519	01745	
01922	02603	01227	02122	01996	03608	03647	01516	01741	
01924	02603	01228	02115	01997	03609	03648	01516	01741	
01929	02607	01229	02124	02000	03612	03650	01517	01742	
01925	02603	01227	02118	01997	03610	03646	01516	01738	
01922	02599	01225	02109	01995	03609	03642	01514	01736	
01929	02604	01228	02119	02000	03611	03645	01517	01739	
01928	02603	01228	02127	01999	03610	03643	01517	01739	
01925	02600	01228	02120	01996	03607	03643	01516	01738	
01929	02602	01230	02120	01999	03608	03647	01516	01740	
01930	02605	01231	02129	02000	03609	03649	01517	01741	
01925	02600	01227	02117	01995	03606	03644	01514	01738	
01925	02600	01227	02109	01997	03606	03644	01514	01738	
01931	02606	01229	02119	02002	03611	03646	01516	01742	
01929	02606	01230	02120	02001	03613	03648	01517	01743	
01929	02606	01232	02112	02001	03612	03650	01517	01744	
01936	02615	01239	02125	02008	03618	03659	01521	01750	
01937	02617	01240	02133	02007	03620	03663	01521	01751	
01931	02613	01239	02119	02003	03615	03662	01520	01748	
01935	02617	01239	02118	02005	03617	03665	01522	01749	
01937	02619	01239	02129	02007	03619	03665	01522	01749	
01932	02612	01235	02119	02003	03614	03661	01521	01747	
01936	02615	01238	02119	02007	03618	03665	01523	01749	
01963	02649	01261	02164	02038	03657	03704	01549	01776	
02180	02915	01491	02509	02326	03751	03779	01824	02007	
02482	03210	01868	02897	02724	03845	03879	02239	02347	
02827	03508	02310	03297	03133	03943	03981	02713	02741	
03168	03802	02772	03689	03551	04036	04055	03207	03155	
03483	04067	03229	04045	03942	04095	04095	03690	03560	
03615	04095	03497	04095	04073	04095	04095	03928	03776	
03657	04095	03628	04095	04095	04095	04095	04028	03886	
03649	04095	03696	04095	04095	04095	04095	04069	03943	
03649	04095	03746	04095	04095	04095	04095	04089	03984	
03659	04095	03789	04095	04095	04095	04095	04095	04016	
03647	04095	03808	04095	04095	04095	04095	04095	04029	
03643	04095	03825	04095	04095	04095	04095	04095	04039	
03664	04095	03850	04095	04095	04095	04095	04095	04059	
03664	04095	03866	04095	04095	04095	04095	04095	04069	
03653	04095	03870	04095	04095	04095	04095	04095	04075	
03667	04095	03886	04095	04095	04095	04095	04095	04084	
03678	04095	03901	04095	04095	04095	04095	04095	04092	
03665	04095	03902	04095	04095	04095	04095	04095	04092	
03670	04095	03909	04095	04095	04095	04095	04095	04093	
03687	04095	03924	04095	04095	04095	04095	04095	04095	
03678	04095	03925	04095	04095	04095	04095	04095	04095	
03672	04095	03924	04095	04095	04095	04095	04095	04095	
03690	04095	03939	04095	04095	04095	04095	04095	04095	
03693	04095	03946	04095	04095	04095	04095	04095	04095	
03685	04095	03945	04095	04095	04095	04095	04095	04095	
03702	04095	03958	04095	04095	04095	04095	04095	04095	
03717	04095	03973	04095	04095	04095	04095	04095	04095	
03710	04095	03971	04095	04095	04095	04095	04095	04095	
03718	04095	03975	04095	04095	04095	04095	04095	04095	
03737	04095	03988	04095	04095	04095	04095	04095	04095	
03730	04095	03987	04095	04095	04095	04095	04095	04095	
03724	04095	03984	04095	04095	04095	04095	04095	04095	
03739	04095	03996	04095	04095	04095	04095	04095	04095	
03737	04095	03999	04095	04095	04095	04095	04095	04095	
03720	04095	03993	04095	04095	04095	04095	04095	04095	
03727	04095	04000	04095	04095	04095	04095	04095	04095	
03733	04095	04007	04095	04095	04095	04095	04095	04095	
03716	04095	04000	04095	04095	04095	04095	04095	04095	
03713	04095	04002	04095	04095	04095	04095	04095	04095	
03724	04095	04009	04095	04095	04095	04095	04095	04095	
03709	04095	04002	04095	04095	04095	04095	04095	04095	
03697	04095	03993	04095	04095	04095	04095	04095	04095	
03708	04095	03998	04095	04095	04095	04095	04095	04095	
03704	04095	03994	04095	04095	04095	04095	04095	04095	
03690	04095	03985	04095	04095	04095	04095	04095	04095	
03700	04095	03990	04095	04095	04095	04095	04095	04095	
03709	04095	03996	04095	04095	04095	04095	04095	04095	
03693	04095	03988	04095	04095	04095	04095	04095	04095	
03695	04095	03987	04095	04095	04095	04095	04095	04095	
03708	04095	03995	04095	04095	04095	04095	04095	04095	
03697	04095	03991	04095	04095	04095	04095	04095	04095	
03689	04095	03985	04095	04095	04095	04095	04095	04095	
03705	04095	03994	04095	04095	04095	04095	04095	04095	
03703	04095	03995	04095	04095	04095	04095	04095	04095	
03689	04095	03987	04095	04095	04095	04095	04095	04095	
03698	04095	03990	04095	04095	04095	04095	04095	04095	
03709	04095	03999	04095	04095	04095	04095	04095	04095	
03698	04095	03994	04095	04095	04095	04095	04095	04095	
03703	04095	03998	04095	04095	04095	04095	04095	04095	
03722	04095	04012	04095	04095	04095	04095	04095	04095	
03717	04095	04015	04095	04095	04095	04095	04095	04095	
03709	04095	04011	04095	04095	04095	04095	04095	04095	
03722	04095	04020	04095	04095	04095	04095	04095	04095	
03720	04095	04021	04095	04095	04095	04095	04095	04095	
03705	04095	04013	04095	04095	04095	04095	04095	04095	
03714	04095	04018	04095	04095	04095	04095	04095	04095	
03723	04095	04024	04095	04095	04095	04095	04095	04095	
03710	04095	04018	04095	04095	04095	04095	04095	04095	
03711	04095	04017	04095	04095	04095	04095	04095	04095	
03729	04095	04026	04095	04095	04095	04095	04095	04095	
03723	04095	04022	04095	04095	04095	04095	04095	04095	
03718	04095	04015	04095	04095	04095	04095	04095	04095	
03737	04095	04022	04095	04095	04095	04095	04095	04095	
03742	04095	04021	04095	04095	04095	04095	04095	04095	
03731	04095	04009	04095	04095	04095	04095	04095	04095	
03746	04095	04010	04095	04095	04095	04095	04095	04095	
03760	04095	04013	04095	04095	04095	04095	04095	04095	
03752	04095	04004	04095	04095	04095	04095	04095	04095	
03759	04095	04001	04095	04095	04095	04095	04095	04095	
03781	04095	04010	04095	04095	04095	04095	04095	04095	
03779	04095	04007	04095	04095	04095	04095	04095	04095	
03777	04095	04003	04095	04095	04095	04095	04095	04095	
03798	04095	04013	04095	04095	04095	04095	04095	04095	
03806	04095	04019	04095	04095	04095	04095	04095	04095	
03798	04095	04015	04095	04095	04095	04095	04095	04095	
03813	04095	04021	04095	04095	04095	04095	04095	04095	
03829	04095	04030	04095	04095	04095	04095	04095	04095	
03821	04095	04024	04095	04095	04095	04095	04095	04095	
03823	04095	04023	04095	04095	04095	04095	04095	04095	
03844	04095	04034	04095	04095	04095	04095	04095	04095	
03843	04095	04037	04095	04095	04095	04095	04095	04095	
03841	04095	04036	04095	04095	04095	04095	04095	04095	
03862	04095	04049	04095	04095	04095	04095	04095	04095	
03873	04095	04057	04095	04095	04095	04095	04095	04095	
03862	04095	04053	04095	04095	04095	04095	04095	04095	
03872	04095	04057	04095	04095	04095	04095	04095	04095	
03865	04095	04045	04095	04095	04095	04095	04095	04095	
03522	03826	03514	03730	03723	03987	04031	03600	03692	
03154	03532	02954	03350	03317	03865	03972	03073	03249	
02798	03247	02398	02980	02920	03753	03923	02550	02806	
02412	02947	01823	02599	02510	03624	03859	02012	02344	
02040	02644	01256	02215	02099	03489	03770	01470	01875	
01993	02612	01200	02200	02075	03467	03748	01423	01808	
01974	02602	01179	02196	02068	03461	03740	01406	01778	
01949	02580	01155	02178	02049	03442	03723	01385	01746	
01944	02576	01146	02175	02045	03436	03721	01379	01732	
01942	02573	01138	02169	02039	03431	03719	01374	01718	
01932	02563	01130	02157	02027	03419	03710	01367	01701	
01929	02559	01125	02150	02021	03411	03707	01362	01691	
01930	02560	01122	02149	02020	03408	03704	01358	01683	
01924	02555	01116	02142	02015	03402	03697	01352	01675	
01918	02551	01115	02139	02013	03402	03694	01348	01670	
01922	02556	01115	02144	02018	03404	03696	01348	01671	
01920	02557	01113	02143	02018	03403	03695	01347	01669	
01915	02553	01112	02142	02017	03401	03694	01346	01668	
01917	02557	01114	02147	02021	03405	03698	01348	01670	
01920	02561	01115	02152	02024	03408	03700	01351	01673	
01916	02557	01114	02149	02021	03406	03697	01350	01672	
01916	02556	01114	02149	02021	03406	03696	01349	01671	
01921	02559	01115	02153	02024	03407	03700	01350	01671	
01918	02557	01114	02149	02021	03405	03697	01349	01668	
01914	02552	01113	02145	02017	03402	03696	01349	01665	
01921	02557	01115	02149	02011	03407	03701	01352	01694	
01922	02559	01115	02151	02013	03409	03705	01355	01695	
01918	02555	01114	02148	02011	03407	03701	01355	01695	
01921	02558	01115	02153	02015	03410	03704	01356	01697	
01926	02561	01116	02156	02020	03413	03707	01356	01698	
01919	02556	01113	02151	02026	03409	03701	01352	01670	
01917	02554	01112	02150	02024	03407	03699	01349	01667	
01920	02557	01111	02150	02026	03406	03700	01348	01666	
01916	02554	01109	02144	02022	03403	03697	01348	01662	
01913	02550	01108	02141	02018	03401	03693	01347	01661	
01918	02556	01111	02145	02023	03404	03698	01351	01664	
01919	02559	01112	02146	02025	03406	03700	01352	01665	
01915	02556	01113	02145	02023	03406	03699	01352	01664	
01918	02559	01115	02151	02028	03409	03701	01352	01668	
01922	02563	01117	02157	02033	03414	03706	01355	01670	
01918	02560	01116	02154	02029	03412	03704	01354	01668	
01919	02558	01115	02153	02030	03412	03703	01354	01668	
01922	02561	01114	02155	02032	03412	03704	01354	01669	
01918	02557	01112	02150	02028	03408	03702	01352	01666	
01912	02553	01109	02145	02023	03404	03698	01349	01662	
01913	02553	01107	02148	02026	03405	03697	01347	01663	
01911	02553	01107	02147	02024	03402	03697	01344	01661	
01907	02549	01105	02143	02020	03399	03692	01342	01658	
01908	02550	01106	02145	02023	03399	03694	01343	01659	
01913	02553	01108	02148	02026	03401	03696	01345	01661	
01909	02550	01106	02142	02022	03399	03692	01345	01659	
01908	02549	01106	02142	02021	03399	03692	01345	01659	
01913	02555	01109	02148	02027	03402	03699	01348	01661	
01912	02553	01108	02146	02026	03401	03696	01346	01660	
01907	02549	01106	02143	02022	03399	03694	01344	01658	
01911	02553	01107	02148	02027	03401	03698	01345	01660	
01911	02553	01107	02149	02028	03401	03697	01345	01661	
01904	02546	01103	02142	02022	03396	03690	01342	01659	
01904	02545	01104	02142	02022	03396	03688	01342	01659	
01908	02550	01106	02147	02027	03400	03692	01343	01662	
01905	02547	01106	02143	02024	03399	03690	01342	01661	
01906	02546	01106	02144	02025	03400	03692	01343	01661	
01914	02553	01111	02152	02032	03405	03699	01346	01665	
01914	02555	01111	02152	02032	03407	03702	01348	01665	
01911	02553	01110	02149	02029	03406	03699	01349	01665	
01916	02559	01113	02155	02034	03408	03704	01350	01667	
01918	02561	01113	02156	02035	03409	03705	01350	01667	
01911	02556	01110	02151	02030	03406	03704	01350	01665	
01913	02558	01111	02153	02033	03408	03705	01351	01667	
01917	02561	01112	02156	02035	03410	03709	01351	01668	
01912	02556	01109	02152	02032	03408	03705	01350	01666	
01910	02555	01110	02150	02030	03408	03704	01349	01666	
01975	02635	01158	02222	02111	03494	03770	01408	01735	
02049	02728	01221	02307	02205	03599	03839	01485	01817	
02341	03032	01573	02693	02578	03734	03929	01884	02141	
02688	03342	02013	03084	02982	03872	04022	02368	02538	
03047	03651	02488	03473	03398	04009	04091	02887	02966	
03334	03881	02934	03793	03734	04062	04095	03361	03343	
03614	04095	03383	04095	04055	04095	04095	03832	03719	
03683	04095	03563	04095	04095	04095	04095	03982	03864	
03691	04095	03659	04095	04095	04095	04095	04047	03942	
03687	04095	03721	04095	04095	04095	04095	04078	03991	
03703	04095	03777	04095	04095	04095	04095	04094	04032	
03707	04095	03814	04095	04095	04095	04095	04095	04058	
03699	04095	03834	04095	04095	04095	04095	04095	04072	
03713	04095	03860	04095	04095	04095	04095	04095	04086	
03725	04095	03883	04095	04095	04095	04095	04095	04095	
03716	04095	03890	04095	04095	04095	04095	04095	04095	
03719	04095	03901	04095	04095	04095	04095	04095	04095	
03735	04095	03920	04095	04095	04095	04095	04095	04095	
03728	04095	03925	04095	04095	04095	04095	04095	04095	
03722	04095	03928	04095	04095	04095	04095	04095	04095	
03739	04095	03946	04095	04095	04095	04095	04095	04095	
03746	04095	03959	04095	04095	04095	04095	04095	04095	
03737	04095	03961	04095	04095	04095	04095	04095	04095	
03753	04095	03975	04095	04095	04095	04095	04095	04095	
03769	04095	03991	04095	04095	04095	04095	04095	04095	
03763	04095	03991	04095	04095	04095	04095	04095	04095	
03768	04095	03993	04095	04095	04095	04095	04095	04095	
03792	04095	04006	04095	04095	04095	04095	04095	04095	
03794	04095	04007	04095	04095	04095	04095	04095	04095	
03793	04095	04004	04095	04095	04095	04095	04095	04095	
03813	04095	04014	04095	04095	04095	04095	04095	04095	
03822	04095	04020	04095	04095	04095	04095	04095	04095	
03811	04095	04014	04095	04095	04095	04095	04095	04095	
03821	04095	04020	04095	04095	04095	04095	04095	04095	
03839	04095	04030	04095	04095	04095	04095	04095	04095	
03836	04095	04028	04095	04095	04095	04095	04095	04095	
03845	04095	04029	04095	04095	04095	04095	04095	04095	
03870	04095	04039	04095	04095	04095	04095	04095	04095	
03876	04095	04037	04095	04095	04095	04095	04095	04095	
03875	04095	04030	04095	04095	04095	04095	04095	04095	
03897	04095	04035	04095	04095	04095	04095	04095	04095	
03907	04095	04037	04095	04095	04095	04095	04095	04095	
03901	04095	04031	04095	04095	04095	04095	04095	04095	
03911	04095	04035	04095	04095	04095	04095	04095	04095	
03927	04095	04043	04095	04095	04095	04095	04095	04095	
03919	04095	04038	04095	04095	04095	04095	04095	04095	
03590	03852	03528	03734	03741	03925	04080	03585	03702	
03218	03578	02970	03346	03356	03731	04021	03031	03243	
02819	03295	02395	02952	02973	03536	03955	02466	02761	
02409	03010	01817	02555	02572	03334	03909	01897	02271	
02007	02728	01241	02159	02175	03123	03864	01328	01778	
01929	02683	01163	02112	02127	03074	03830	01266	01672	
01900	02666	01136	02089	02108	03054	03817	01246	01629	
01893	02659	01124	02076	02092	03042	03814	01239	01635	
01894	02653	01118	02068	02092	03039	03816	01236	01624	
01891	02641	01111	02054	02086	03037	03812	01233	01614	
01892	02636	01110	02054	02085	03038	03815	01233	01610	
01896	02640	01109	02058	02089	03038	03818	01234	01608	
01890	02640	01105	02054	02097	03033	03817	01232	01577	
01882	02637	01101	02049	02092	03030	03811	01228	01571	
01881	02642	01103	02053	02096	03033	03815	01228	01570	
01881	02644	01104	02052	02096	03034	03814	01227	01568	
01877	02637	01102	02048	02091	03032	03811	01225	01564	
01883	02634	01102	02049	02092	03031	03812	01226	01565	
01890	02633	01103	02052	02095	03031	03817	01227	01567	
01889	02627	01101	02049	02091	03030	03814	01227	01565	
01888	02625	01101	02048	02090	03031	03813	01226	01563	
01890	02631	01102	02051	02094	03032	03816	01226	01563	
01883	02633	01100	02048	02092	03029	03815	01225	01561	
01877	02634	01099	02046	02090	03026	03809	01225	01559	
01876	02637	01099	02046	02091	03026	03808	01224	01557	
01877	02637	01099	02046	02091	03027	03806	01223	01555	
01874	02628	01098	02041	02085	03025	03801	01220	01552	
01877	02625	01096	02041	02085	03025	03800	01220	01552	
01881	02623	01095	02041	02085	03022	03802	01218	01551	
01879	02619	01093	02038	02081	03020	03800	01216	01550	
01874	02617	01091	02036	02079	03019	03801	01215	01548	
01875	02623	01093	02040	02084	03021	03804	01217	01550	
01871	02625	01092	02038	02081	03018	03803	01216	01548	
01867	02624	01091	02035	02079	03017	03800	01217	01547	
01871	02628	01093	02039	02083	03018	03802	01219	01548	
01875	02631	01093	02041	02085	03021	03806	01220	01551	
01872	02626	01092	02036	02081	03020	03803	01220	01550	
01874	02625	01092	02037	02082	03021	03803	01219	01549	
01877	02627	01093	02040	02084	03021	03806	01218	01549	
01872	02624	01091	02034	02079	03019	03802	01215	01547	
01869	02622	01091	02032	02078	03018	03797	01214	01546	
01874	02630	01094	02038	02084	03021	03802	01217	01550	
01874	02633	01096	02040	02086	03024	03806	01219	01551	
01872	02632	01096	02038	02085	03025	03807	01220	01551	
01878	02636	01099	02044	02090	03028	03814	01224	01554	
01882	02638	01100	02046	02092	03029	03819	01224	01555	
01877	02632	01098	02042	02087	03028	03815	01223	01552	
01876	02632	01099	02042	02087	03027	03814	01223	01554	
01880	02637	01101	02046	02091	03028	03817	01225	01556	
01875	02636	01101	02043	02089	03026	03815	01224	01554	
01872	02635	01101	02042	02089	03025	03813	01225	01555	
01875	02640	01102	02047	02092	03026	03817	01226	01556	
01875	02639	01101	02046	02092	03025	03816	01226	01555	
01870	02634	01099	02042	02087	03024	03814	01224	01552	
02038	02829	01266	02320	02287	03238	03861	01422	01714	
02339	03121	01587	02730	02646	03452	03909	01800	02034	
02685	03410	02015	03138	03048	03665	03977	02280	02437	
03058	03702	02493	03549	03439	03881	04047	02807	02884	
03450	03996	02998	03961	03845	04095	04095	03363	03361	
03667	04095	03347	04095	04050	04095	04095	03729	03688	
03744	04095	03553	04095	04095	04095	04095	03923	03863	
03783	04095	03671	04095	04095	04095	04095	04016	03968	
03791	04095	03745	04095	04095	04095	04095	04063	04030	
03776	04095	03787	04095	04095	04095	04095	04083	04064	
03778	04095	03826	04095	04095	04095	04095	04093	04083	
03789	04095	03861	04095	04095	04095	04095	04095	04095	
03781	04095	03876	04095	04095	04095	04095	04095	04095	
03781	04095	03892	04095	04095	04095	04095	04095	04095	
03798	04095	03916	04095	04095	04095	04095	04095	04095	
03797	04095	03927	04095	04095	04095	04095	04095	04095	
03789	04095	03932	04095	04095	04095	04095	04095	04095	
03802	04095	03948	04095	04095	04095	04095	04095	04095	
03809	04095	03960	04095	04095	04095	04095	04095	04095	
03797	04095	03960	04095	04095	04095	04095	04095	04095	
03805	04095	03971	04095	04095	04095	04095	04095	04095	
03822	04095	03988	04095	04095	04095	04095	04095	04095	
03818	04095	03992	04095	04095	04095	04095	04095	04095	
03821	04095	03998	04095	04095	04095	04095	04095	04095	
03844	04095	04017	04095	04095	04095	04095	04095	04095	
03849	04095	04022	04095	04095	04095	04095	04095	04095	
03846	04095	04020	04095	04095	04095	04095	04095	04095	
03866	04095	04030	04095	04095	04095	04095	04095	04095	
03880	04095	04039	04095	04095	04095	04095	04095	04095	
03879	04095	04034	04095	04095	04095	04095	04095	04095	
03897	04095	04038	04095	04095	04095	04095	04095	04095	
03926	04095	04049	04095	04095	04095	04095	04095	04095	
03933	04095	04047	04095	04095	04095	04095	04095	04095	
03945	04095	04045	04095	04095	04095	04095	04095	04095	
03975	04095	04054	04095	04095	04095	04095	04095	04095	
03986	04095	04056	04095	04095	04095	04095	04095	04095	
03979	04095	04050	04095	04095	04095	04095	04095	04095	
03986	04095	04052	04095	04095	04095	04095	04095	04095	
03988	04095	04055	04095	04095	04095	04095	04095	04095	
03969	04095	04045	04095	04095	04095	04095	04095	04095	
03965	04095	04040	04095	04095	04095	04095	04095	04095	
03979	04095	04045	04095	04095	04095	04095	04095	04095	
03977	04095	04041	04095	04095	04095	04095	04095	04095	
03977	04095	04035	04095	04095	04095	04095	04095	04095	
03998	04095	04044	04095	04095	04095	04095	04095	04095	
04003	04095	04047	04095	04095	04095	04095	04095	04095	
03996	04095	04039	04095	04095	04095	04095	04095	04095	
04009	04095	04044	04095	04095	04095	04095	04095	04095	
04020	04095	04051	04095	04095	04095	04095	04095	04095	
04008	04095	04044	04095	04095	04095	04095	04095	04095	
04010	04095	04044	04095	04095	04095	04095	04095	04095	
04024	04095	04053	04095	04095	04095	04095	04095	04095	
04017	04095	04050	04095	04095	04095	04095	04095	04095	
04010	04095	04047	04095	04095	04095	04095	04095	04095	
04027	04095	04058	04095	04095	04095	04095	04095	04095	
04031	04095	04065	04095	04095	04095	04095	04095	04095	
04021	04095	04063	04095	04095	04095	04095	04095	04095	
04029	04095	04071	04095	04095	04095	04095	04095	04095	
04039	04095	04080	04095	04095	04095	04095	04095	04095	
04022	04095	04074	04095	04095	04095	04095	04095	04095	
04013	04095	04073	04095	04095	04095	04095	04095	04095	
04021	04095	04081	04095	04095	04095	04095	04095	04095	
04010	04095	04080	04095	04095	04095	04095	04095	04095	
03999	04095	04075	04095	04095	04095	04095	04095	04095	
04012	04095	04082	04095	04095	04095	04095	04095	04095	
04021	04095	04086	04095	04095	04095	04095	04095	04095	
04015	04095	04080	04095	04095	04095	04095	04095	04095	
04027	04095	04082	04095	04095	04095	04095	04095	04095	
03769	03954	03676	03835	03854	04006	04095	03706	03805	
03355	03694	03095	03453	03474	03785	04081	03160	03344	
02920	03420	02493	03061	03080	03551	04058	02597	02850	
02487	03142	01889	02668	02683	03312	04036	02029	02342	
02037	02858	01271	02260	02281	03070	03986	01457	01827	
01855	02714	01062	02110	02132	02913	03934	01272	01600	
01819	02689	01026	02085	02110	02888	03919	01243	01541	
01803	02677	01010	02069	02101	02878	03914	01232	01513	
01789	02667	01000	02051	02091	02869	03905	01225	01496	
01785	02663	00995	02048	02089	02864	03903	01222	01486	
01783	02663	00991	02047	02089	02862	03904	01220	01479	
01777	02659	00987	02042	02082	02859	03900	01217	01473	
01773	02656	00984	02039	02080	02856	03897	01215	01469	
01775	02659	00984	02042	02083	02858	03901	01215	01467	
01772	02658	00982	02040	02082	02858	03901	01214	01464	
01768	02654	00981	02038	02078	02856	03898	01213	01460	
01770	02657	00981	02040	02081	02857	03899	01213	01458	
01771	02660	00981	02041	02083	02857	03901	01214	01457	
01769	02656	00979	02037	02079	02854	03894	01211	01455	
01773	02659	00981	02040	02083	02856	03897	01213	01457	
01777	02665	00983	02044	02087	02859	03903	01216	01459	
01775	02662	00984	02042	02085	02858	03903	01216	01458	
01775	02661	00984	02041	02084	02859	03902	01216	01458	
01778	02666	00986	02046	02089	02861	03907	01219	01460	
01776	02664	00984	02043	02087	02860	03904	01218	01459	
01773	02661	00984	02041	02084	02859	03901	01218	01459	
01775	02664	00983	02044	02088	02861	03907	01219	01460	
01775	02667	00984	02045	02090	02862	03909	01219	01460	
01772	02664	00983	02042	02086	02861	03909	01218	01459	
01773	02666	00984	02044	02088	02862	03911	01219	01460	
01777	02670	00985	02048	02093	02865	03914	01219	01461	
01775	02667	00985	02045	02090	02864	03910	01219	01460	
01775	02664	00984	02044	02089	02865	03907	01219	01460	
01780	02668	00985	02048	02094	02866	03908	01220	01462	
01779	02666	00984	02046	02093	02865	03907	01219	01461	
01775	02661	00982	02042	02073	02880	03903	01218	01459	
01776	02662	00982	02044	02075	02879	03902	01217	01458	
01776	02662	00981	02043	02074	02878	03902	01217	01457	
01771	02657	00977	02036	02067	02874	03898	01214	01453	
01770	02656	00976	02035	02065	02873	03896	01212	01451	
01772	02659	00977	02037	02081	02856	03899	01212	01452	
01769	02657	00976	02034	02079	02856	03898	01212	01451	
01768	02655	00975	02034	02077	02855	03899	01212	01451	
01771	02660	00977	02038	02082	02858	03902	01215	01454	
01771	02660	00977	02037	02082	02858	03902	01214	01454	
01768	02657	00976	02034	02079	02857	03898	01213	01453	
01770	02658	00977	02037	02082	02858	03899	01214	01455	
01773	02661	00977	02039	02085	02859	03900	01214	01456	
01769	02657	00976	02035	02083	02858	03897	01213	01455	
01769	02656	00976	02035	02083	02858	03897	01213	01455	
01772	02660	00978	02038	02087	02859	03902	01215	01455	
01770	02659	00977	02035	02084	02858	03900	01214	01454	
01769	02659	00978	02035	02083	02858	03900	01215	01455	
01773	02665	00982	02041	02087	02862	03907	01218	01458	
01775	02669	00984	02043	02089	02864	03911	01218	01460	
01773	02666	00983	02040	02087	02863	03909	01217	01459	
01777	02670	00986	02045	02093	02866	03915	01219	01461	
01779	02673	00987	02048	02095	02865	03919	01219	01461	
01957	02886	01146	02330	02309	03109	03943	01417	01644	
02295	03170	01526	02741	02696	03354	03992	01842	02007	
02692	03457	01992	03154	03088	03602	04044	02347	02448	
03096	03741	02492	03562	03489	03848	04070	02878	02922	
03506	04025	03013	03970	03891	04095	04095	03427	03418	
03753	04095	03399	04095	04078	04095	04095	03797	03751	
03838	04095	03581	04095	04095	04095	04095	03948	03915	
03858	04095	03681	04095	04095	04095	04095	04020	04004	
03872	04095	03752	04095	04095	04095	04095	04063	04056	
03883	04095	03812	04095	04095	04095	04095	04089	04086	
03871	04095	03845	04095	04095	04095	04095	04095	04095	
03861	04095	03868	04095	04095	04095	04095	04095	04095	
03871	04095	03895	04095	04095	04095	04095	04095	04095	
03868	04095	03911	04095	04095	04095	04095	04095	04095	
03855	04095	03915	04095	04095	04095	04095	04095	04095	
03864	04095	03929	04095	04095	04095	04095	04095	04095	
03873	04095	03945	04095	04095	04095	04095	04095	04095	
03863	04095	03946	04095	04095	04095	04095	04095	04095	
03867	04095	03955	04095	04095	04095	04095	04095	04095	
03885	04095	03970	04095	04095	04095	04095	04095	04095	
03885	04095	03973	04095	04095	04095	04095	04095	04095	
03887	04095	03972	04095	04095	04095	04095	04095	04095	
03911	04095	03987	04095	04095	04095	04095	04095	04095	
03923	04095	03993	04095	04095	04095	04095	04095	04095	
03920	04095	03991	04095	04095	04095	04095	04095	04095	
03933	04095	03999	04095	04095	04095	04095	04095	04095	
03945	04095	04008	04095	04095	04095	04095	04095	04095	
03935	04095	04006	04095	04095	04095	04095	04095	04095	
03940	04095	04012	04095	04095	04095	04095	04095	04095	
03961	04095	04025	04095	04095	04095	04095	04095	04095	
03967	04095	04027	04095	04095	04095	04095	04095	04095	
03973	04095	04026	04095	04095	04095	04095	04095	04095	
04000	04095	04036	04095	04095	04095	04095	04095	04095	
04014	04095	04037	04095	04095	04095	04095	04095	04095	
04015	04095	04029	04095	04095	04095	04095	04095	04095	
04032	04095	04031	04095	04095	04095	04095	04095	04095	
04053	04095	04037	04095	04095	04095	04095	04095	04095	
04051	04095	04029	04095	04095	04095	04095	04095	04095	
04057	04095	04028	04095	04095	04095	04095	04095	04095	
04073	04095	04036	04095	04095	04095	04095	04095	04095	
04047	04095	04010	04095	04095	04095	04095	04095	04095	
03600	03856	03475	03734	03751	03912	04095	03585	03629	
03124	03588	02901	03359	03391	03697	04079	03039	03108	
02627	03300	02308	02965	02998	03461	04068	02474	02560	
02112	03004	01701	02555	02599	03218	04049	01904	02003	
01623	02706	01123	02140	02198	02973	04033	01331	01441	
01548	02646	01047	02084	02142	02911	03993	01267	01343	
01514	02615	01015	02045	02113	02880	03970	01239	01299	
01502	02602	01001	02028	02104	02869	03959	01229	01281	
01501	02599	00996	02028	02102	02867	03961	01226	01272	
01499	02594	00991	02026	02098	02863	03955	01222	01266	
01496	02590	00988	02023	02094	02860	03951	01220	01260	
01494	02589	00985	02023	02095	02858	03950	01218	01257	
01490	02590	00983	02021	02094	02857	03951	01216	01254	
01484	02586	00981	02017	02089	02854	03947	01213	01250	
01484	02588	00982	02019	02091	02855	03947	01212	01249	
01486	02591	00982	02022	02094	02855	03950	01213	01248	
01485	02586	00980	02018	02091	02853	03946	01212	01247	
01483	02583	00980	02016	02089	02853	03947	01211	01245	
01485	02585	00980	02019	02093	02854	03949	01213	01245	
01483	02582	00979	02017	02090	02852	03947	01211	01244	
01483	02581	00979	02018	02089	02851	03945	01211	01244	
01483	02586	00981	02022	02093	02853	03949	01212	01244	
01483	02589	00981	02023	02094	02852	03951	01213	01244	
01480	02586	00980	02020	02091	02851	03950	01212	01243	
01481	02589	00981	02022	02092	02852	03954	01215	01246	
01482	02590	00982	02025	02094	02853	03956	01215	01245	
01481	02586	00980	02022	02090	02851	03954	01214	01244	
01481	02583	00979	02020	02089	02850	03951	01214	01243	
01482	02585	00981	02022	02092	02851	03954	01215	01244	
01481	02585	00980	02021	02091	02850	03952	01214	01243	
01480	02581	00978	02019	02087	02849	03949	01213	01242	
01482	02585	00979	02022	02091	02850	03951	01215	01244	
01483	02586	00980	02023	02093	02851	03951	01214	01245	
01482	02583	00978	02017	02089	02850	03945	01212	01243	
01482	02581	00978	02017	02089	02849	03947	01212	01243	
01484	02583	00979	02020	02091	02850	03949	01213	01243	
01481	02578	00977	02015	02073	02864	03946	01211	01240	
01478	02573	00974	02013	02068	02861	03943	01209	01237	
01479	02574	00974	02016	02071	02862	03947	01210	01237	
01477	02574	00974	02015	02070	02860	03943	01208	01236	
01474	02570	00971	02011	02066	02858	03939	01206	01233	
01476	02572	00972	02013	02082	02842	03939	01205	01233	
01477	02575	00974	02014	02084	02842	03942	01206	01233	
01474	02571	00973	02010	02080	02841	03939	01206	01233	
01475	02570	00972	02011	02082	02841	03941	01207	01233	
01475	02573	00972	02013	02085	02843	03944	01207	01234	
01473	02572	00971	02010	02082	02841	03943	01207	01235	
01470	02571	00970	02009	02081	02841	03938	01207	01237	
01473	02576	00972	02013	02086	02843	03941	01209	01238	
01471	02578	00972	02012	02085	02843	03944	01209	01237	
01469	02574	00971	02010	02082	02841	03941	01208	01236	
01477	02588	00979	02024	02093	02858	03954	01216	01244	
01803	02893	01283	02442	02446	03110	03979	01574	01558	
02219	03194	01706	02855	02849	03359	03999	02040	01989	
02674	03497	02187	03272	03253	03609	04019	02553	02476	
03154	03803	02709	03690	03660	03859	04064	03101	03001	
03622	04095	03240	04095	04042	04095	04095	03650	03538	
03770	04095	03481	04095	04095	04095	04095	03855	03777	
03839	04095	03617	04095	04095	04095	04095	03966	03915	
03871	04095	03704	04095	04095	04095	04095	04029	04000	
03875	04095	03754	04095	04095	04095	04095	04059	04046	
03891	04095	03797	04095	04095	04095	04095	04080	04075	
03915	04095	03837	04095	04095	04095	04095	04095	04092	
03918	04095	03857	04095	04095	04095	04095	04095	04095	
03922	04095	03873	04095	04095	04095	04095	04095	04095	
03942	04095	03899	04095	04095	04095	04095	04095	04095	
03947	04095	03916	04095	04095	04095	04095	04095	04095	
03941	04095	03922	04095	04095	04095	04095	04095	04095	
03954	04095	03940	04095	04095	04095	04095	04095	04095	
03965	04095	03957	04095	04095	04095	04095	04095	04095	
03955	04095	03955	04095	04095	04095	04095	04095	04095	
03955	04095	03958	04095	04095	04095	04095	04095	04095	
03966	04095	03969	04095	04095	04095	04095	04095	04095	
03958	04095	03965	04095	04095	04095	04095	04095	04095	
03950	04095	03959	04095	04095	04095	04095	04095	04095	
03965	04095	03971	04095	04095	04095	04095	04095	04095	
03970	04095	03977	04095	04095	04095	04095	04095	04095	
03963	04095	03973	04095	04095	04095	04095	04095	04095	
03974	04095	03979	04095	04095	04095	04095	04095	04095	
03986	04095	03990	04095	04095	04095	04095	04095	04095	
03979	04095	03985	04095	04095	04095	04095	04095	04095	
03985	04095	03986	04095	04095	04095	04095	04095	04095	
04004	04095	03997	04095	04095	04095	04095	04095	04095	
04007	04095	03996	04095	04095	04095	04095	04095	04095	
04007	04095	03993	04095	04095	04095	04095	04095	04095	
04027	04095	04002	04095	04095	04095	04095	04095	04095	
04038	04095	04008	04095	04095	04095	04095	04095	04095	
04039	04095	04004	04095	04095	04095	04095	04095	04095	
04055	04095	04012	04095	04095	04095	04095	04095	04095	
04073	04095	04021	04095	04095	04095	04095	04095	04095	
04074	04095	04018	04095	04095	04095	04095	04095	04095	
04081	04095	04016	04095	04095	04095	04095	04095	04095	
04090	04095	04025	04095	04095	04095	04095	04095	04095	
04090	04095	04022	04095	04095	04095	04095	04095	04095	
04088	04095	04015	04095	04095	04095	04095	04095	04095	
04091	04095	04021	04095	04095	04095	04095	04095	04095	
04093	04095	04025	04095	04095	04095	04095	04095	04095	
04093	04095	04017	04095	04095	04095	04095	04095	04095	
04093	04095	04018	04095	04095	04095	04095	04095	04095	
04095	04095	04027	04095	04095	04095	04095	04095	04095	
04095	04095	04021	04095	04095	04095	04095	04095	04095	
04095	04095	04018	04095	04095	04095	04095	04095	04095	
04095	04095	04028	04095	04095	04095	04095	04095	04095	
04067	04095	03990	04095	04095	04095	04095	04084	04095	
03561	03841	03449	03688	03734	03889	04083	03561	03616	
03020	03568	02873	03271	03357	03669	04049	03010	03091	
02460	03272	02275	02841	02973	03424	03996	02441	02539	
01895	02968	01666	02404	02569	03175	03958	01865	01977	
01355	02664	01099	01964	02165	02925	03918	01299	01413	
01294	02615	01032	01927	02122	02881	03888	01246	01326	
01264	02581	00998	01901	02091	02848	03857	01219	01282	
01254	02571	00985	01892	02082	02839	03847	01210	01264	
01249	02569	00979	01891	02081	02835	03843	01207	01255	
01244	02565	00974	01889	02076	02831	03842	01203	01248	
01240	02560	00970	01886	02070	02827	03841	01199	01241	
01240	02560	00968	01887	02070	02826	03844	01198	01237	
01238	02559	00967	01885	02069	02825	03845	01197	01234	
01235	02555	00963	01881	02065	02822	03841	01195	01231	
01236	02555	00963	01882	02068	02823	03840	01196	01231	
01237	02557	00964	01884	02072	02825	03841	01198	01230	
01236	02557	00965	01883	02070	02825	03842	01198	01230	
01238	02558	00966	01883	02071	02825	03842	01198	01229	
01241	02563	00970	01888	02077	02829	03849	01200	01231	
01241	02564	00971	01888	02076	02829	03852	01201	01231	
01240	02561	00970	01886	02073	02827	03852	01200	01230	
01241	02563	00970	01888	02076	02828	03853	01200	01230	
01242	02563	00970	01888	02077	02829	03855	01201	01230	
01239	02561	00968	01883	02072	02827	03852	01200	01229	
01240	02561	00968	01883	02072	02828	03853	01201	01229	
01242	02566	00970	01886	02077	02831	03856	01203	01230	
01242	02565	00969	01886	02076	02831	03854	01203	01230	
01242	02564	00969	01887	02076	02831	03852	01203	01230	
01244	02568	00971	01891	02079	02833	03854	01205	01232	
01245	02570	00972	01894	02080	02834	03854	01205	01232	
01243	02567	00972	01891	02076	02832	03851	01204	01231	
01243	02568	00971	01891	02077	02832	03852	01205	01232	
01241	02566	00969	01890	02064	02849	03850	01202	01229	
01237	02559	00965	01883	02058	02844	03843	01198	01225	
01235	02556	00962	01879	02055	02841	03840	01196	01223	
01236	02557	00962	01881	02057	02842	03842	01196	01222	
01234	02555	00961	01878	02054	02841	03843	01196	01221	
01234	02555	00961	01877	02066	02824	03843	01196	01222	
01237	02560	00963	01881	02071	02827	03847	01198	01224	
01238	02561	00965	01882	02071	02828	03848	01199	01224	
01237	02557	00963	01878	02069	02826	03842	01197	01223	
01238	02558	00963	01880	02071	02826	03840	01197	01224	
01239	02559	00963	01881	02073	02825	03841	01197	01225	
01236	02555	00962	01877	02069	02823	03838	01196	01224	
01235	02552	00960	01875	02068	02821	03835	01195	01224	
01236	02555	00962	01878	02070	02822	03840	01195	01223	
01234	02552	00961	01876	02068	02821	03839	01194	01222	
01232	02549	00959	01873	02063	02819	03837	01192	01220	
01234	02552	00961	01876	02067	02822	03840	01194	01220	
01237	02555	00963	01878	02070	02825	03846	01196	01223	
01237	02555	00964	01877	02068	02825	03849	01199	01224	
01243	02562	00969	01886	02076	02834	03859	01204	01229	
01368	02726	01082	02056	02228	03026	03925	01332	01358	
01772	03033	01453	02498	02622	03279	03965	01747	01736	
02252	03340	01904	02941	03028	03532	04002	02234	02193	
02776	03648	02402	03384	03436	03785	04040	02763	02698	
03307	03949	02923	03820	03836	04031	04095	03306	03225	
03722	04095	03351	04095	04083	04095	04095	03736	03644	
03869	04095	03531	04095	04095	04095	04095	03890	03830	
03939	04095	03641	04095	04095	04095	04095	03978	03946	
03957	04095	03704	04095	04095	04095	04095	04022	04014	
03968	04095	03752	04095	04095	04095	04095	04054	04057	
03983	04095	03797	04095	04095	04095	04095	04078	04085	
03976	04095	03822	04095	04095	04095	04095	04087	04094	
03970	04095	03838	04095	04095	04095	04095	04090	04095	
03982	04095	03865	04095	04095	04095	04095	04095	04095	
03983	04095	03879	04095	04095	04095	04095	04095	04095	
03971	04095	03880	04095	04095	04095	04095	04095	04095	
03976	04095	03891	04095	04095	04095	04095	04095	04095	
03983	04095	03902	04095	04095	04095	04095	04095	04095	
03974	04095	03898	04095	04095	04095	04095	04095	04095	
03976	04095	03903	04095	04095	04095	04095	04095	04095	
03993	04095	03918	04095	04095	04095	04095	04095	04095	
03992	04095	03920	04095	04095	04095	04095	04095	04095	
03989	04095	03919	04095	04095	04095	04095	04095	04095	
04003	04095	03931	04095	04095	04095	04095	04095	04095	
04012	04095	03937	04095	04095	04095	04095	04095	04095	
04007	04095	03932	04095	04095	04095	04095	04095	04095	
04019	04095	03938	04095	04095	04095	04095	04095	04095	
04036	04095	03947	04095	04095	04095	04095	04095	04095	
04033	04095	03942	04095	04095	04095	04095	04095	04095	
04034	04095	03938	04095	04095	04095	04095	04095	04095	
04052	04095	03948	04095	04095	04095	04095	04095	04095	
04057	04095	03949	04095	04095	04095	04095	04095	04095	
04055	04095	03944	04095	04095	04095	04095	04095	04095	
04070	04095	03952	04095	04095	04095	04095	04095	04095	
04081	04095	03960	04095	04095	04095	04095	04095	04095	
04075	04095	03953	04095	04095	04095	04095	04095	04095	
04081	04095	03956	04095	04095	04095	04095	04095	04095	
04089	04095	03967	04095	04095	04095	04095	04095	04095	
04086	04095	03963	04095	04095	04095	04095	04095	04095	
04085	04095	03961	04095	04095	04095	04095	04095	04095	
04091	04095	03971	04095	04095	04095	04095	04095	04095	
04091	04095	03970	04095	04095	04095	04095	04095	04095	
04052	04095	03927	04095	04095	04095	04095	04074	04094	
03549	03810	03403	03685	03721	03888	04075	03553	03615	
02999	03486	02828	03248	03310	03651	04007	02994	03078	
02437	03158	02234	02806	02900	03404	03934	02424	02523	
01873	02832	01646	02364	02479	03158	03888	01852	01963	
01344	02501	01090	01919	02055	02906	03838	01297	01398	
01279	02446	01021	01882	02000	02859	03804	01240	01308	
01259	02424	00998	01870	01983	02842	03795	01221	01275	
01251	02413	00987	01866	01978	02835	03793	01212	01257	
01243	02405	00977	01859	01970	02826	03788	01204	01244	
01238	02398	00972	01855	01964	02821	03785	01199	01237	
01237	02401	00970	01854	01965	02820	03780	01198	01233	
01236	02407	00968	01853	01965	02820	03775	01196	01230	
01232	02405	00963	01848	01959	02816	03765	01194	01227	
01231	02404	00962	01847	01959	02815	03759	01194	01226	
01232	02406	00962	01848	01961	02816	03761	01194	01224	
01230	02402	00960	01845	01957	02814	03761	01192	01222	
01228	02398	00959	01843	01956	02812	03764	01190	01219	
01230	02399	00961	01847	01960	02814	03772	01191	01219	
01230	02396	00959	01845	01958	02813	03774	01190	01217	
01228	02392	00957	01842	01954	02810	03766	01187	01215	
01229	02395	00958	01844	01956	02812	03763	01188	01216	
01231	02403	00960	01848	01958	02815	03763	01191	01219	
01230	02404	00960	01847	01957	02815	03762	01191	01219	
01232	02408	00963	01850	01959	02818	03766	01194	01221	
01235	02413	00966	01855	01965	02823	03777	01199	01225	
01236	02413	00966	01855	01965	02823	03785	01201	01225	
01235	02411	00965	01853	01964	02823	03788	01201	01225	
01238	02415	00967	01857	01969	02826	03792	01203	01226	
01239	02416	00968	01857	01969	02827	03791	01203	01227	
01239	02413	00967	01855	01967	02826	03784	01203	01226	
01240	02416	00968	01858	01970	02827	03781	01204	01228	
01243	02419	00970	01860	01971	02829	03783	01204	01228	
01241	02417	00969	01856	01967	02827	03782	01203	01227	
01241	02416	00969	01856	01966	02826	03784	01203	01226	
01242	02419	00971	01858	01969	02829	03788	01204	01228	
01241	02417	00970	01855	01967	02828	03790	01202	01227	
01237	02414	00969	01854	01964	02826	03788	01201	01227	
01237	02416	00968	01854	01954	02846	03787	01201	01226	
01235	02414	00965	01852	01952	02844	03783	01199	01224	
01231	02410	00962	01847	01946	02839	03778	01195	01220	
01231	02408	00961	01848	01946	02837	03777	01194	01218	
01231	02409	00960	01848	01947	02837	03777	01193	01217	
01230	02404	00959	01846	01956	02815	03776	01190	01215	
01230	02403	00959	01846	01956	02815	03777	01189	01214	
01232	02405	00961	01849	01958	02817	03780	01191	01216	
01232	02403	00959	01847	01957	02817	03778	01190	01216	
01231	02401	00959	01845	01955	02815	03776	01190	01216	
01234	02406	00961	01849	01959	02820	03779	01193	01218	
01505	02715	01199	02246	02272	03076	03832	01481	01478	
01934	03052	01593	02694	02700	03330	03884	01919	01878	
02426	03392	02056	03144	03131	03586	03941	02419	02346	
02953	03732	02561	03594	03561	03842	04020	02951	02855	
03483	04067	03080	04042	03976	04095	04095	03490	03383	
03756	04095	03371	04095	04094	04095	04095	03755	03667	
03886	04095	03528	04095	04095	04095	04095	03886	03829	
03947	04095	03620	04095	04095	04095	04095	03956	03928	
03970	04095	03675	04095	04095	04095	04095	03996	03993	
03991	04095	03728	04095	04095	04095	04095	04035	04040	
03999	04095	03772	04095	04095	04095	04095	04064	04071	
03981	04095	03792	04095	04095	04095	04095	04074	04084	
03973	04095	03813	04095	04095	04095	04095	04085	04092	
03976	04095	03841	04095	04095	04095	04095	04094	04095	
03965	04095	03852	04095	04095	04095	04095	04094	04095	
03957	04095	03857	04095	04095	04095	04095	04094	04095	
03969	04095	03876	04095	04095	04095	04095	04095	04095	
03973	04095	03887	04095	04095	04095	04095	04095	04095	
03966	04095	03885	04095	04095	04095	04095	04095	04095	
03979	04095	03897	04095	04095	04095	04095	04095	04095	
03995	04095	03911	04095	04095	04095	04095	04095	04095	
03991	04095	03909	04095	04095	04095	04095	04095	04095	
03998	04095	03912	04095	04095	04095	04095	04095	04095	
04016	04095	03923	04095	04095	04095	04095	04095	04095	
04013	04095	03920	04095	04095	04095	04095	04095	04095	
04004	04095	03913	04095	04095	04095	04095	04095	04095	
04015	04095	03919	04095	04095	04095	04095	04095	04095	
04013	04095	03919	04095	04095	04095	04095	04095	04095	
03999	04095	03908	04095	04095	04095	04095	04095	04095	
04002	04095	03909	04095	04095	04095	04095	04095	04095	
04009	04095	03915	04095	04095	04095	04095	04095	04095	
03994	04095	03907	04095	04095	04095	04095	04095	04095	
03988	04095	03904	04095	04095	04095	04095	04095	04095	
03996	04095	03914	04095	04095	04095	04095	04095	04095	
03991	04095	03912	04095	04095	04095	04095	04095	04095	
03981	04095	03905	04095	04095	04095	04095	04095	04095	
03994	04095	03912	04095	04095	04095	04095	04095	04095	
04004	04095	03916	04095	04095	04095	04095	04095	04095	
03995	04095	03907	04095	04095	04095	04095	04095	04095	
04002	04095	03911	04095	04095	04095	04095	04095	04095	
04020	04095	03924	04095	04095	04095	04095	04095	04095	
04016	04095	03921	04095	04095	04095	04095	04095	04095	
04017	04095	03921	04095	04095	04095	04095	04095	04095	
04037	04095	03936	04095	04095	04095	04095	04095	04095	
04041	04095	03939	04095	04095	04095	04095	04095	04095	
04034	04095	03933	04095	04095	04095	04095	04095	04095	
04049	04095	03942	04095	04095	04095	04095	04095	04095	
04061	04095	03950	04095	04095	04095	04095	04095	04095	
04055	04095	03942	04095	04095	04095	04095	04095	04095	
04063	04095	03945	04095	04095	04095	04095	04095	04095	
04045	04095	03924	04095	04095	04095	04095	04083	04095	
03572	03810	03431	03720	03748	03916	04066	03591	03650	
03033	03464	02869	03294	03347	03689	03993	03041	03124	
02490	03112	02297	02863	02938	03456	03887	02481	02580	
01939	02757	01716	02432	02540	03223	03780	01919	02031	
01409	02394	01159	01994	02121	02981	03689	01363	01474	
01321	02314	01064	01930	02049	02916	03628	01284	01358	
01297	02292	01036	01916	02029	02898	03607	01261	01320	
01283	02277	01020	01904	02015	02884	03593	01247	01298	
01270	02263	01006	01892	02003	02870	03580	01236	01280	
01265	02259	01000	01889	01999	02867	03576	01231	01271	
01261	02256	00995	01884	01995	02862	03571	01226	01264	
01258	02254	00993	01883	01994	02860	03568	01225	01259	
01258	02255	00993	01884	01995	02863	03571	01225	01257	
01257	02255	00992	01883	01995	02862	03571	01224	01255	
01255	02251	00989	01879	01991	02858	03568	01221	01251	
01255	02250	00989	01880	01991	02859	03567	01221	01250	
01255	02250	00988	01880	01991	02861	03571	01220	01250	
01253	02247	00986	01876	01988	02857	03569	01218	01248	
01252	02245	00984	01875	01986	02854	03568	01217	01246	
01254	02247	00985	01877	01989	02855	03568	01219	01246	
01252	02245	00982	01874	01985	02852	03567	01218	01244	
01250	02242	00981	01872	01983	02848	03560	01216	01242	
01253	02246	00984	01875	01987	02853	03562	01219	01245	
01255	02249	00986	01877	01989	02855	03564	01219	01245	
01255	02248	00986	01877	01989	02856	03564	01220	01246	
01258	02252	00990	01881	01993	02859	03567	01223	01249	
01260	02255	00991	01885	01997	02862	03570	01225	01251	
01259	02252	00989	01882	01994	02859	03568	01223	01248	
01257	02252	00989	01882	01993	02859	03569	01224	01248	
01259	02255	00990	01886	01996	02861	03574	01225	01249	
01258	02253	00989	01883	01995	02859	03572	01224	01248	
01258	02251	00988	01881	01993	02857	03573	01223	01246	
01259	02251	00988	01882	01994	02858	03573	01224	01248	
01259	02251	00988	01882	01995	02858	03573	01223	01247	
01257	02248	00986	01877	01991	02855	03569	01221	01244	
01258	02249	00987	01879	01992	02855	03567	01221	01245	
01258	02250	00987	01879	01994	02857	03566	01222	01245	
01256	02248	00986	01876	01990	02855	03564	01219	01243	
01254	02245	00984	01875	01975	02871	03561	01218	01242	
01254	02246	00985	01876	01976	02872	03559	01217	01242	
01251	02243	00983	01873	01972	02869	03557	01216	01240	
01247	02239	00980	01870	01969	02865	03553	01214	01237	
01247	02240	00980	01871	01969	02867	03554	01216	01238	
01335	02366	01059	01998	02100	03007	03676	01310	01332	
01710	02735	01392	02441	02493	03255	03773	01697	01678	
02176	03107	01826	02887	02919	03505	03871	02170	02115	
02681	03479	02308	03333	03345	03756	03973	02685	02599	
03192	03849	02812	03777	03769	04003	04095	03210	03104	
03625	04095	03256	04095	04064	04095	04095	03655	03536	
03785	04095	03459	04095	04095	04095	04095	03823	03733	
03852	04095	03566	04095	04095	04095	04095	03908	03848	
03879	04095	03627	04095	04095	04095	04095	03951	03917	
03911	04095	03682	04095	04095	04095	04095	03994	03976	
03933	04095	03725	04095	04095	04095	04095	04027	04021	
03934	04095	03745	04095	04095	04095	04095	04038	04046	
03949	04095	03771	04095	04095	04095	04095	04056	04066	
03974	04095	03802	04095	04095	04095	04095	04074	04084	
03977	04095	03818	04095	04095	04095	04095	04082	04091	
03982	04095	03828	04095	04095	04095	04095	04085	04092	
04003	04095	03853	04095	04095	04095	04095	04094	04095	
04010	04095	03865	04095	04095	04095	04095	04095	04095	
04003	04095	03865	04095	04095	04095	04095	04095	04095	
04016	04095	03877	04095	04095	04095	04095	04095	04095	
04027	04095	03891	04095	04095	04095	04095	04095	04095	
04020	04095	03888	04095	04095	04095	04095	04095	04095	
04022	04095	03892	04095	04095	04095	04095	04095	04095	
04037	04095	03906	04095	04095	04095	04095	04095	04095	
04034	04095	03907	04095	04095	04095	04095	04095	04095	
04029	04095	03904	04095	04095	04095	04095	04095	04095	
04042	04095	03916	04095	04095	04095	04095	04095	04095	
04046	04095	03923	04095	04095	04095	04095	04095	04095	
04037	04095	03917	04095	04095	04095	04095	04095	04095	
04043	04095	03919	04095	04095	04095	04095	04095	04095	
04054	04095	03926	04095	04095	04095	04095	04095	04095	
04046	04095	03919	04095	04095	04095	04095	04095	04095	
04047	04095	03915	04095	04095	04095	04095	04095	04095	
04062	04095	03924	04095	04095	04095	04095	04095	04095	
04063	04095	03925	04095	04095	04095	04095	04095	04095	
04060	04095	03921	04095	04095	04095	04095	04095	04095	
04073	04095	03933	04095	04095	04095	04095	04095	04095	
04081	04095	03941	04095	04095	04095	04095	04095	04095	
04072	04095	03938	04095	04095	04095	04095	04095	04095	
04077	04095	03946	04095	04095	04095	04095	04095	04095	
04085	04095	03960	04095	04095	04095	04095	04095	04095	
04079	04095	03959	04095	04095	04095	04095	04095	04095	
04077	04095	03961	04095	04095	04095	04095	04095	04095	
04085	04095	03975	04095	04095	04095	04095	04095	04095	
04084	04095	03980	04095	04095	04095	04095	04095	04095	
04078	04095	03978	04095	04095	04095	04095	04095	04095	
04083	04095	03992	04095	04095	04095	04095	04095	04095	
04087	04095	04007	04095	04095	04095	04095	04095	04095	
04078	04095	04007	04095	04095	04095	04095	04095	04095	
