01786	02625	01212	02214	01958	03582	03548	01512	01705	
01787	02627	01213	02215	01959	03583	03550	01514	01707	
01783	02622	01211	02212	01956	03580	03548	01512	01705	
01786	02624	01212	02214	01958	03583	03550	01511	01706	
01788	02626	01212	02216	01948	03603	03551	01511	01705	
01783	02621	01209	02210	01942	03598	03546	01509	01702	
01782	02619	01207	02209	01940	03595	03545	01507	01700	
01784	02621	01207	02211	01941	03596	03545	01508	01701	
01780	02617	01205	02207	01937	03592	03543	01506	01698	
01776	02612	01203	02203	01947	03570	03539	01503	01696	
01778	02614	01204	02206	01950	03572	03540	01503	01698	
01778	02615	01205	02207	01951	03573	03540	01503	01699	
01773	02612	01205	02202	01947	03570	03536	01501	01696	
01775	02614	01206	02204	01949	03571	03538	01503	01698	
01779	02617	01207	02208	01950	03573	03542	01505	01700	
01775	02615	01206	02204	01946	03571	03541	01504	01697	
01774	02613	01206	02203	01946	03569	03538	01503	01696	
01779	02619	01208	02208	01952	03573	03542	01504	01698	
01779	02619	01207	02206	01953	03573	03539	01503	01699	
01775	02616	01205	02202	01951	03571	03535	01503	01697	
01780	02619	01206	02205	01957	03574	03535	01503	01698	
01784	02622	01207	02207	01959	03577	03537	01504	01700	
01780	02618	01206	02203	01956	03575	03536	01504	01700	
01782	02619	01208	02206	01958	03577	03539	01507	01701	
01787	02625	01211	02212	01962	03583	03544	01510	01704	
01784	02624	01211	02210	01960	03583	03544	01511	01705	
01782	02621	01210	02209	01957	03580	03545	01512	01704	
01786	02624	01211	02213	01960	03584	03549	01513	01706	
01786	02625	01211	02212	01959	03583	03549	01511	01705	
01783	02621	01211	02210	01955	03580	03547	01509	01703	
01787	02625	01213	02215	01959	03582	03552	01512	01705	
01789	02629	01214	02217	01961	03583	03554	01511	01706	
01784	02624	01212	02212	01956	03579	03552	01510	01704	
01784	02623	01212	02213	01956	03578	03551	01510	01703	
01787	02627	01213	02216	01959	03580	03553	01511	01706	
01784	02622	01211	02212	01954	03577	03550	01508	01702	
01782	02620	01211	02210	01953	03575	03545	01508	01702	
01786	02625	01214	02214	01957	03578	03547	01508	01703	
01785	02624	01212	02211	01955	03575	03544	01506	01702	
01778	02618	01208	02204	01950	03571	03539	01503	01698	
01779	02620	01209	02205	01952	03572	03538	01503	01698	
01780	02620	01207	02206	01952	03573	03539	01503	01699	
01775	02614	01203	02200	01948	03569	03534	01501	01695	
01774	02612	01202	02199	01947	03569	03533	01501	01695	
01778	02617	01203	02202	01951	03572	03537	01503	01698	
01776	02614	01201	02200	01950	03570	03534	01503	01698	
01774	02611	01200	02197	01947	03568	03533	01502	01696	
01778	02615	01201	02202	01950	03572	03537	01504	01699	
01779	02615	01202	02203	01949	03572	03539	01504	01699	
01774	02609	01201	02200	01945	03568	03535	01503	01696	
01776	02611	01204	02203	01947	03569	03538	01502	01697	
01779	02616	01206	02206	01951	03573	03539	01503	01699	
01775	02613	01204	02201	01950	03570	03538	01503	01697	
01774	02612	01204	02200	01952	03569	03537	01502	01697	
01779	02620	01208	02206	01947	03575	03544	01505	01726	
01779	02621	01208	02205	01947	03577	03543	01508	01727	
01779	02620	01208	02204	01945	03576	03543	01508	01727	
01785	02626	01211	02210	01951	03582	03547	01510	01732	
01789	02630	01214	02215	01953	03586	03551	01514	01735	
01785	02625	01212	02211	01961	03583	03546	01512	01708	
01788	02628	01214	02214	01964	03585	03548	01513	01709	
02060	02923	01489	02582	02303	03688	03650	01834	01978	
02399	03214	01887	02956	02720	03788	03748	02274	02338	
02769	03507	02340	03331	03149	03890	03870	02761	02745	
03165	03803	02832	03710	03567	03994	03995	03279	03185	
03548	04095	03332	04084	03994	04095	04095	03794	03634	
03654	04095	03569	04095	04086	04095	04095	03990	03821	
03702	04095	03697	04095	04095	04095	04095	04066	03928	
03720	04095	03777	04095	04095	04095	04095	04095	03995	
03705	04095	03824	04095	04095	04095	04095	04095	04030	
03707	04095	03863	04095	04095	04095	04095	04095	04058	
03720	04095	03896	04095	04095	04095	04095	04095	04080	
03707	04095	03907	04095	04095	04095	04095	04095	04087	
03698	04095	03914	04095	04095	04095	04095	04095	04090	
03711	04095	03929	04095	04095	04095	04095	04095	04094	
03706	04095	03935	04095	04095	04095	04095	04095	04094	
03694	04095	03936	04095	04095	04095	04095	04095	04094	
03709	04095	03951	04095	04095	04095	04095	04095	04095	
03723	04095	03966	04095	04095	04095	04095	04095	04095	
03716	04095	03967	04095	04095	04095	04095	04095	04095	
03726	04095	03973	04095	04095	04095	04095	04095	04095	
03749	04095	03988	04095	04095	04095	04095	04095	04095	
03752	04095	03991	04095	04095	04095	04095	04095	04095	
03754	04095	03991	04095	04095	04095	04095	04095	04095	
03780	04095	04002	04095	04095	04095	04095	04095	04095	
03790	04095	04007	04095	04095	04095	04095	04095	04095	
03784	04095	04002	04095	04095	04095	04095	04095	04095	
03799	04095	04009	04095	04095	04095	04095	04095	04095	
03817	04095	04023	04095	04095	04095	04095	04095	04095	
03811	04095	04023	04095	04095	04095	04095	04095	04095	
03817	04095	04030	04095	04095	04095	04095	04095	04095	
03841	04095	04045	04095	04095	04095	04095	04095	04095	
03841	04095	04047	04095	04095	04095	04095	04095	04095	
03836	04095	04044	04095	04095	04095	04095	04095	04095	
03853	04095	04054	04095	04095	04095	04095	04095	04095	
03858	04095	04058	04095	04095	04095	04095	04095	04095	
03843	04095	04054	04095	04095	04095	04095	04095	04095	
03850	04095	04060	04095	04095	04095	04095	04095	04095	
03864	04095	04070	04095	04095	04095	04095	04095	04095	
03854	04095	04068	04095	04095	04095	04095	04095	04095	
03857	04095	04072	04095	04095	04095	04095	04095	04095	
03879	04095	04082	04095	04095	04095	04095	04095	04095	
03882	04095	04087	04095	04095	04095	04095	04095	04095	
03876	04095	04085	04095	04095	04095	04095	04095	04095	
03893	04095	04089	04095	04095	04095	04095	04095	04095	
03897	04095	04093	04095	04095	04095	04095	04095	04095	
03881	04095	04086	04095	04095	04095	04095	04095	04095	
03885	04095	04084	04095	04095	04095	04095	04095	04095	
03897	04095	04085	04095	04095	04095	04095	04095	04095	
03888	04095	04083	04095	04095	04095	04095	04095	04095	
03887	04095	04079	04095	04095	04095	04095	04095	04095	
03907	04095	04086	04095	04095	04095	04095	04095	04095	
03907	04095	04086	04095	04095	04095	04095	04095	04095	
03897	04095	04082	04095	04095	04095	04095	04095	04095	
03911	04095	04084	04095	04095	04095	04095	04095	04095	
03920	04095	04088	04095	04095	04095	04095	04095	04095	
03907	04095	04084	04095	04095	04095	04095	04095	04095	
03911	04095	04086	04095	04095	04095	04095	04095	04095	
03887	04095	04056	04095	04095	04095	04095	04095	04095	
03523	03843	03533	03737	03726	03952	04036	03578	03695	
03137	03577	02984	03370	03330	03797	03987	03046	03259	
02760	03313	02433	03006	02935	03642	03941	02515	02813	
02372	03053	01879	02646	02544	03496	03902	01986	02366	
02002	02780	01344	02273	02141	03334	03827	01439	01905	
01959	02759	01296	02260	02119	03313	03810	01406	01839	
01939	02751	01273	02253	02110	03304	03803	01390	01806	
01919	02737	01256	02240	02098	03292	03791	01377	01781	
01905	02722	01238	02227	02085	03274	03776	01362	01758	
01906	02721	01232	02227	02083	03272	03777	01358	01747	
01902	02716	01226	02221	02077	03267	03775	01355	01738	
01899	02713	01223	02218	02074	03265	03774	01354	01732	
01901	02717	01223	02222	02077	03266	03776	01353	01730	
01893	02714	01221	02219	02075	03264	03770	01351	01725	
01883	02709	01218	02214	02071	03260	03762	01351	01720	
01882	02711	01217	02215	02073	03261	03761	01353	01720	
01881	02711	01215	02215	02074	03261	03761	01353	01718	
01876	02706	01212	02209	02069	03258	03756	01350	01714	
01880	02706	01212	02210	02070	03257	03756	01349	01714	
01884	02708	01211	02211	02070	03255	03756	01347	01713	
01879	02701	01207	02205	02064	03251	03752	01344	01708	
01874	02696	01205	02201	02061	03247	03744	01341	01705	
01875	02697	01204	02203	02063	03246	03744	01340	01704	
01870	02694	01200	02198	02058	03243	03742	01336	01700	
01865	02689	01197	02193	02053	03241	03740	01333	01697	
01871	02692	01198	02198	02057	03241	03743	01333	01697	
01876	02695	01199	02199	02060	03244	03749	01334	01698	
01875	02691	01196	02194	02055	03242	03751	01332	01696	
01879	02692	01197	02196	02056	03243	03754	01332	01696	
01886	02697	01199	02201	02061	03245	03759	01334	01699	
01884	02695	01198	02198	02059	03245	03758	01333	01698	
01880	02692	01197	02196	02056	03242	03757	01333	01696	
01884	02696	01199	02200	02060	03244	03757	01332	01697	
01882	02694	01198	02198	02060	03243	03755	01330	01696	
01877	02688	01196	02193	02056	03241	03750	01329	01694	
01881	02691	01198	02197	02048	03244	03755	01332	01722	
01886	02696	01201	02201	02050	03246	03758	01333	01724	
01883	02694	01201	02199	02048	03246	03759	01334	01724	
01884	02696	01204	02202	02050	03249	03763	01338	01726	
01888	02705	01208	02209	02056	03254	03768	01343	01729	
01884	02705	01207	02207	02064	03252	03763	01343	01701	
01880	02701	01206	02205	02064	03251	03759	01345	01701	
01884	02705	01208	02209	02067	03253	03760	01346	01703	
01884	02703	01206	02207	02067	03252	03758	01345	01702	
01880	02697	01204	02202	02063	03248	03755	01343	01699	
01884	02699	01205	02205	02066	03250	03758	01344	01701	
01887	02702	01205	02206	02067	03251	03764	01344	01702	
01883	02697	01202	02202	02063	03249	03762	01342	01700	
01883	02700	01204	02203	02064	03251	03765	01343	01700	
01888	02705	01205	02208	02069	03254	03770	01345	01704	
01888	02703	01204	02206	02067	03254	03769	01345	01704	
01887	02700	01204	02203	02066	03253	03765	01344	01702	
01892	02703	01205	02205	02069	03253	03765	01340	01702	
01892	02701	01202	02203	02066	03250	03764	01337	01700	
01885	02693	01199	02196	02059	03245	03758	01332	01694	
01885	02692	01198	02196	02060	03243	03757	01329	01693	
01885	02694	01197	02198	02061	03242	03757	01326	01692	
01881	02690	01196	02194	02056	03240	03757	01327	01690	
02139	02970	01469	02565	02382	03411	03814	01661	01962	
02486	03253	01878	02947	02794	03583	03897	02128	02335	
02845	03533	02335	03326	03190	03753	03979	02640	02747	
03213	03812	02814	03704	03599	03924	04038	03176	03183	
03602	04095	03320	04085	04010	04095	04095	03730	03642	
03731	04095	03564	04095	04095	04095	04095	03950	03842	
03765	04095	03682	04095	04095	04095	04095	04038	03947	
03791	04095	03761	04095	04095	04095	04095	04078	04016	
03810	04095	03824	04095	04095	04095	04095	04095	04059	
03797	04095	03858	04095	04095	04095	04095	04095	04081	
03788	04095	03884	04095	04095	04095	04095	04095	04090	
03802	04095	03920	04095	04095	04095	04095	04095	04095	
03801	04095	03943	04095	04095	04095	04095	04095	04095	
03793	04095	03956	04095	04095	04095	04095	04095	04095	
03808	04095	03980	04095	04095	04095	04095	04095	04095	
03818	04095	04001	04095	04095	04095	04095	04095	04095	
03804	04095	04005	04095	04095	04095	04095	04095	04095	
03808	04095	04015	04095	04095	04095	04095	04095	04095	
03821	04095	04032	04095	04095	04095	04095	04095	04095	
03813	04095	04035	04095	04095	04095	04095	04095	04095	
03807	04095	04037	04095	04095	04095	04095	04095	04095	
03825	04095	04050	04095	04095	04095	04095	04095	04095	
03825	04095	04055	04095	04095	04095	04095	04095	04095	
03815	04095	04050	04095	04095	04095	04095	04095	04095	
03829	04095	04057	04095	04095	04095	04095	04095	04095	
03841	04095	04066	04095	04095	04095	04095	04095	04095	
03832	04095	04062	04095	04095	04095	04095	04095	04095	
03836	04095	04063	04095	04095	04095	04095	04095	04095	
03852	04095	04071	04095	04095	04095	04095	04095	04095	
03847	04095	04067	04095	04095	04095	04095	04095	04095	
03843	04095	04060	04095	04095	04095	04095	04095	04095	
03861	04095	04064	04095	04095	04095	04095	04095	04095	
03869	04095	04066	04095	04095	04095	04095	04095	04095	
03866	04095	04062	04095	04095	04095	04095	04095	04095	
03885	04095	04069	04095	04095	04095	04095	04095	04095	
03905	04095	04079	04095	04095	04095	04095	04095	04095	
03904	04095	04077	04095	04095	04095	04095	04095	04095	
03914	04095	04079	04095	04095	04095	04095	04095	04095	
03939	04095	04088	04095	04095	04095	04095	04095	04095	
03942	04095	04089	04095	04095	04095	04095	04095	04095	
03942	04095	04086	04095	04095	04095	04095	04095	04095	
03960	04095	04090	04095	04095	04095	04095	04095	04095	
03966	04095	04091	04095	04095	04095	04095	04095	04095	
03953	04095	04089	04095	04095	04095	04095	04095	04095	
03965	04095	04090	04095	04095	04095	04095	04095	04095	
03980	04095	04093	04095	04095	04095	04095	04095	04095	
03973	04095	04093	04095	04095	04095	04095	04095	04095	
03977	04095	04093	04095	04095	04095	04095	04095	04095	
03997	04095	04095	04095	04095	04095	04095	04095	04095	
03992	04095	04095	04095	04095	04095	04095	04095	04095	
03981	04095	04095	04095	04095	04095	04095	04095	04095	
03996	04095	04095	04095	04095	04095	04095	04095	04095	
03998	04095	04095	04095	04095	04095	04095	04095	04095	
03984	04095	04095	04095	04095	04095	04095	04095	04095	
03990	04095	04095	04095	04095	04095	04095	04095	04095	
04002	04095	04095	04095	04095	04095	04095	04095	04095	
03990	04095	04095	04095	04095	04095	04095	04095	04095	
03989	04095	04095	04095	04095	04095	04095	04095	04095	
03969	04095	04075	04095	04095	04095	04095	04095	04095	
03639	03885	03590	03773	03754	03941	04088	03603	03757	
03243	03630	03033	03415	03369	03742	04056	03054	03344	
02838	03364	02452	03046	02972	03532	03993	02488	02902	
02423	03091	01862	02672	02580	03318	03925	01916	02444	
02032	02814	01290	02295	02172	03101	03877	01342	01981	
01939	02749	01183	02241	02108	03036	03836	01258	01851	
01909	02729	01145	02224	02086	03013	03822	01231	01794	
01891	02716	01127	02213	02072	03001	03813	01219	01763	
01882	02710	01117	02209	02067	02995	03809	01213	01746	
01878	02709	01112	02210	02068	02992	03809	01211	01737	
01869	02705	01107	02205	02063	02987	03806	01207	01727	
01862	02700	01103	02200	02059	02984	03802	01205	01719	
01863	02702	01102	02203	02063	02986	03803	01205	01717	
01862	02702	01100	02202	02062	02984	03803	01204	01713	
01857	02698	01097	02195	02057	02980	03799	01202	01708	
01860	02698	01097	02198	02059	02980	03802	01202	01706	
01863	02700	01096	02200	02061	02979	03803	01202	01706	
01859	02694	01094	02196	02056	02976	03800	01199	01701	
01859	02694	01095	02196	02046	02976	03800	01201	01726	
01864	02698	01098	02203	02052	02978	03806	01201	01726	
01863	02698	01098	02202	02050	02978	03806	01202	01725	
01861	02696	01098	02200	02048	02978	03803	01202	01724	
01869	02703	01101	02205	02054	02983	03808	01204	01726	
01869	02704	01100	02205	02064	02983	03809	01203	01701	
01866	02700	01097	02200	02059	02982	03805	01202	01699	
01868	02702	01098	02202	02061	02984	03805	01203	01699	
01870	02705	01098	02205	02064	02985	03810	01205	01701	
01866	02702	01097	02201	02060	02984	03808	01204	01699	
01866	02703	01097	02200	02060	02983	03807	01204	01698	
01869	02706	01098	02205	02065	02984	03811	01206	01700	
01868	02705	01096	02203	02063	02982	03812	01207	01701	
01866	02702	01096	02199	02061	02982	03808	01206	01698	
01869	02705	01098	02203	02065	02985	03812	01207	01699	
01870	02705	01097	02203	02066	02986	03814	01207	01700	
01867	02701	01097	02198	02062	02984	03809	01206	01698	
01867	02700	01096	02198	02062	02982	03805	01204	01697	
01869	02701	01096	02199	02062	02981	03805	01203	01695	
01864	02696	01093	02194	02057	02977	03800	01201	01692	
01861	02692	01091	02192	02054	02974	03794	01199	01689	
01863	02695	01091	02194	02056	02974	03796	01198	01688	
01861	02693	01090	02192	02053	02974	03795	01198	01688	
01858	02690	01090	02189	02051	02974	03792	01196	01686	
01859	02691	01090	02192	02054	02977	03794	01198	01688	
01859	02693	01091	02193	02055	02978	03795	01198	01688	
01852	02688	01089	02188	02051	02976	03789	01197	01687	
01852	02690	01090	02190	02052	02977	03792	01197	01687	
01855	02693	01090	02193	02054	02978	03795	01199	01688	
01854	02690	01089	02188	02051	02975	03791	01197	01685	
01854	02687	01088	02187	02050	02973	03790	01197	01685	
01860	02693	01090	02191	02054	02975	03794	01198	01687	
01860	02691	01088	02189	02053	02974	03793	01198	01687	
01858	02686	01089	02186	02051	02973	03789	01197	01686	
01862	02692	01092	02192	02056	02977	03795	01201	01690	
01866	02697	01094	02196	02060	02980	03799	01203	01693	
02134	02975	01380	02575	02392	03204	03850	01550	01974	
02486	03257	01800	02956	02803	03428	03901	02027	02352	
02871	03541	02279	03339	03216	03652	03955	02562	02780	
03255	03818	02786	03716	03623	03872	04024	03117	03229	
03644	04095	03314	04094	04018	04095	04095	03690	03695	
03779	04095	03573	04095	04095	04095	04095	03922	03895	
03826	04095	03708	04095	04095	04095	04095	04024	03998	
03832	04095	03787	04095	04095	04095	04095	04069	04053	
03849	04095	03850	04095	04095	04095	04095	04091	04083	
03861	04095	03900	04095	04095	04095	04095	04095	04095	
03849	04095	03926	04095	04095	04095	04095	04095	04095	
03854	04095	03951	04095	04095	04095	04095	04095	04095	
03873	04095	03980	04095	04095	04095	04095	04095	04095	
03871	04095	03993	04095	04095	04095	04095	04095	04095	
03866	04095	04002	04095	04095	04095	04095	04095	04095	
03881	04095	04019	04095	04095	04095	04095	04095	04095	
03883	04095	04027	04095	04095	04095	04095	04095	04095	
03872	04095	04026	04095	04095	04095	04095	04095	04095	
03883	04095	04034	04095	04095	04095	04095	04095	04095	
03893	04095	04042	04095	04095	04095	04095	04095	04095	
03885	04095	04041	04095	04095	04095	04095	04095	04095	
03888	04095	04045	04095	04095	04095	04095	04095	04095	
03904	04095	04057	04095	04095	04095	04095	04095	04095	
03899	04095	04058	04095	04095	04095	04095	04095	04095	
03896	04095	04057	04095	04095	04095	04095	04095	04095	
03915	04095	04068	04095	04095	04095	04095	04095	04095	
03919	04095	04074	04095	04095	04095	04095	04095	04095	
03909	04095	04070	04095	04095	04095	04095	04095	04095	
03919	04095	04076	04095	04095	04095	04095	04095	04095	
03929	04095	04084	04095	04095	04095	04095	04095	04095	
03916	04095	04080	04095	04095	04095	04095	04095	04095	
03921	04095	04084	04095	04095	04095	04095	04095	04095	
03942	04095	04090	04095	04095	04095	04095	04095	04095	
03943	04095	04090	04095	04095	04095	04095	04095	04095	
03944	04095	04090	04095	04095	04095	04095	04095	04095	
03967	04095	04095	04095	04095	04095	04095	04095	04095	
03977	04095	04095	04095	04095	04095	04095	04095	04095	
03973	04095	04095	04095	04095	04095	04095	04095	04095	
03990	04095	04095	04095	04095	04095	04095	04095	04095	
04009	04095	04095	04095	04095	04095	04095	04095	04095	
04005	04095	04095	04095	04095	04095	04095	04095	04095	
04012	04095	04095	04095	04095	04095	04095	04095	04095	
04032	04095	04095	04095	04095	04095	04095	04095	04095	
04031	04095	04095	04095	04095	04095	04095	04095	04095	
04031	04095	04095	04095	04095	04095	04095	04095	04095	
04050	04095	04095	04095	04095	04095	04095	04095	04095	
04057	04095	04095	04095	04095	04095	04095	04095	04095	
04048	04095	04095	04095	04095	04095	04095	04095	04095	
04056	04095	04095	04095	04095	04095	04095	04095	04095	
04064	04095	04095	04095	04095	04095	04095	04095	04095	
04052	04095	04095	04095	04095	04095	04095	04095	04095	
04051	04095	04095	04095	04095	04095	04095	04095	04095	
04064	04095	04095	04095	04095	04095	04095	04095	04095	
04022	04095	04062	04095	04095	04095	04095	04095	04095	
03577	03853	03488	03743	03735	03876	04046	03557	03639	
03114	03591	02887	03378	03341	03638	04009	02995	03144	
02638	03322	02276	03008	02942	03395	03967	02426	02636	
02149	03049	01660	02633	02537	03148	03921	01853	02120	
01703	02777	01072	02260	02134	02900	03853	01278	01598	
01657	02745	01023	02236	02101	02868	03833	01239	01527	
01637	02729	01003	02223	02085	02855	03820	01223	01495	
01627	02722	00993	02216	02078	02848	03814	01215	01476	
01623	02721	00987	02216	02076	02844	03816	01211	01465	
01615	02715	00981	02211	02071	02840	03813	01207	01457	
01611	02710	00978	02209	02057	02837	03811	01207	01479	
01612	02716	00979	02213	02062	02839	03816	01208	01477	
01609	02715	00978	02214	02061	02837	03818	01208	01475	
01606	02712	00976	02210	02060	02836	03816	01207	01472	
01609	02715	00977	02212	02062	02838	03820	01209	01473	
01610	02717	00976	02213	02075	02839	03820	01208	01446	
01607	02712	00973	02208	02070	02835	03818	01207	01443	
01607	02711	00972	02208	02071	02836	03817	01207	01442	
01609	02714	00973	02210	02073	02837	03819	01207	01442	
01607	02712	00972	02207	02070	02835	03817	01206	01440	
01604	02709	00972	02204	02067	02833	03815	01205	01438	
01606	02712	00972	02208	02070	02833	03817	01206	01438	
01604	02711	00971	02206	02068	02832	03817	01204	01436	
01600	02707	00969	02201	02063	02830	03814	01202	01433	
01601	02708	00969	02204	02066	02831	03816	01200	01433	
01602	02709	00968	02204	02067	02830	03816	01200	01432	
01599	02704	00967	02200	02062	02828	03811	01198	01430	
01597	02701	00964	02197	02060	02826	03805	01196	01427	
01598	02702	00963	02199	02062	02824	03805	01195	01425	
01592	02696	00960	02193	02057	02819	03800	01192	01420	
01588	02691	00957	02188	02052	02815	03794	01189	01417	
01589	02693	00957	02189	02054	02815	03795	01187	01415	
01588	02692	00956	02188	02053	02813	03796	01186	01413	
01583	02688	00954	02184	02049	02812	03791	01184	01411	
01586	02691	00955	02186	02051	02813	03793	01185	01412	
01588	02692	00956	02189	02053	02814	03795	01186	01414	
01585	02689	00955	02185	02049	02812	03790	01186	01414	
01585	02688	00955	02185	02050	02812	03788	01187	01414	
01589	02693	00957	02189	02054	02813	03793	01189	01416	
01587	02691	00956	02187	02051	02813	03791	01189	01415	
01586	02689	00955	02184	02049	02812	03788	01188	01415	
01589	02692	00957	02188	02052	02814	03792	01189	01415	
01589	02693	00957	02188	02052	02815	03794	01189	01416	
01586	02687	00957	02185	02049	02812	03789	01188	01414	
01590	02693	00960	02189	02054	02815	03794	01190	01417	
01593	02697	00962	02193	02058	02818	03800	01192	01419	
01593	02696	00963	02192	02056	02818	03800	01193	01419	
01595	02698	00965	02195	02059	02819	03803	01195	01420	
01598	02704	00966	02200	02063	02823	03812	01198	01423	
01597	02701	00965	02198	02060	02822	03810	01198	01423	
01595	02699	00964	02196	02059	02823	03808	01197	01423	
01599	02703	00964	02199	02063	02825	03812	01199	01425	
01598	02704	00964	02198	02062	02826	03813	01199	01426	
01596	02701	00964	02194	02058	02825	03808	01197	01424	
01597	02703	00965	02197	02061	02825	03810	01198	01425	
01599	02705	00966	02198	02062	02825	03812	01199	01424	
01595	02701	00965	02195	02058	02822	03809	01197	01422	
01595	02699	00965	02195	02059	02821	03806	01196	01421	
01915	02979	01275	02576	02419	03076	03856	01562	01735	
02313	03257	01713	02955	02827	03329	03926	02040	02152	
02740	03533	02207	03334	03223	03584	03995	02566	02620	
03195	03815	02735	03715	03634	03840	04045	03125	03120	
03650	04095	03281	04095	04044	04095	04095	03696	03641	
03780	04095	03526	04095	04095	04095	04095	03908	03857	
03840	04095	03663	04095	04095	04095	04095	04009	03975	
03872	04095	03753	04095	04095	04095	04095	04062	04042	
03868	04095	03808	04095	04095	04095	04095	04084	04076	
03869	04095	03850	04095	04095	04095	04095	04092	04090	
03884	04095	03893	04095	04095	04095	04095	04095	04095	
03882	04095	03918	04095	04095	04095	04095	04095	04095	
03878	04095	03935	04095	04095	04095	04095	04095	04095	
03894	04095	03960	04095	04095	04095	04095	04095	04095	
03899	04095	03978	04095	04095	04095	04095	04095	04095	
03889	04095	03985	04095	04095	04095	04095	04095	04095	
03899	04095	03999	04095	04095	04095	04095	04095	04095	
03912	04095	04014	04095	04095	04095	04095	04095	04095	
03904	04095	04017	04095	04095	04095	04095	04095	04095	
03911	04095	04026	04095	04095	04095	04095	04095	04095	
03934	04095	04044	04095	04095	04095	04095	04095	04095	
03937	04095	04051	04095	04095	04095	04095	04095	04095	
03938	04095	04056	04095	04095	04095	04095	04095	04095	
03961	04095	04071	04095	04095	04095	04095	04095	04095	
03970	04095	04079	04095	04095	04095	04095	04095	04095	
03964	04095	04077	04095	04095	04095	04095	04095	04095	
03977	04095	04083	04095	04095	04095	04095	04095	04095	
03990	04095	04089	04095	04095	04095	04095	04095	04095	
03983	04095	04086	04095	04095	04095	04095	04095	04095	
03986	04095	04088	04095	04095	04095	04095	04095	04095	
04003	04095	04092	04095	04095	04095	04095	04095	04095	
04003	04095	04092	04095	04095	04095	04095	04095	04095	
04000	04095	04092	04095	04095	04095	04095	04095	04095	
04021	04095	04094	04095	04095	04095	04095	04095	04095	
04033	04095	04095	04095	04095	04095	04095	04095	04095	
04032	04095	04093	04095	04095	04095	04095	04095	04095	
04047	04095	04093	04095	04095	04095	04095	04095	04095	
04064	04095	04093	04095	04095	04095	04095	04095	04095	
04060	04095	04085	04095	04095	04095	04095	04095	04095	
04065	04095	04079	04095	04095	04095	04095	04095	04095	
04077	04095	04080	04095	04095	04095	04095	04095	04095	
04079	04095	04075	04095	04095	04095	04095	04095	04095	
04078	04095	04069	04095	04095	04095	04095	04095	04095	
04087	04095	04076	04095	04095	04095	04095	04095	04095	
04089	04095	04077	04095	04095	04095	04095	04095	04095	
04089	04095	04068	04095	04095	04095	04095	04095	04095	
04091	04095	04072	04095	04095	04095	04095	04095	04095	
04095	04095	04078	04095	04095	04095	04095	04095	04095	
04058	04095	04037	04095	04095	04095	04095	04095	04095	
03648	03895	03521	03755	03765	03918	04095	03603	03655	
03189	03678	02964	03405	03404	03732	04095	03077	03159	
02692	03410	02352	03006	03005	03487	04030	02508	02610	
02193	03137	01734	02596	02604	03237	03962	01936	02079	
01728	02866	01158	02187	02202	02987	03917	01360	01516	
01629	02791	01057	02114	02126	02911	03871	01275	01390	
01574	02731	01002	02051	02079	02842	03824	01222	01316	
01563	02725	00990	02039	02074	02833	03819	01213	01296	
01555	02722	00983	02035	02081	02828	03817	01206	01256	
01548	02715	00978	02030	02075	02822	03812	01201	01247	
01546	02713	00974	02028	02072	02821	03811	01199	01242	
01547	02716	00973	02029	02074	02822	03811	01199	01239	
01543	02713	00971	02025	02069	02819	03808	01197	01236	
01542	02710	00970	02024	02068	02818	03805	01196	01234	
01543	02712	00969	02026	02070	02819	03809	01197	01233	
01542	02710	00968	02025	02069	02818	03808	01196	01231	
01540	02705	00966	02022	02065	02815	03806	01195	01230	
01542	02707	00966	02024	02068	02817	03808	01196	01231	
01541	02708	00965	02025	02068	02815	03809	01195	01229	
01537	02703	00963	02020	02064	02812	03803	01193	01227	
01535	02701	00960	02018	02063	02810	03799	01191	01224	
01536	02702	00959	02018	02064	02809	03797	01188	01221	
01534	02696	00956	02013	02058	02805	03792	01185	01216	
01530	02693	00954	02008	02055	02803	03788	01184	01215	
01532	02696	00955	02011	02057	02804	03792	01184	01215	
01531	02696	00955	02011	02057	02804	03791	01185	01215	
01531	02693	00953	02009	02054	02802	03789	01185	01215	
01533	02697	00954	02012	02058	02805	03793	01186	01217	
01535	02698	00955	02014	02059	02805	03794	01187	01217	
01531	02694	00953	02009	02055	02803	03789	01185	01215	
01532	02694	00952	02009	02055	02804	03793	01185	01215	
01533	02696	00954	02011	02057	02805	03795	01185	01215	
01530	02691	00953	02008	02054	02802	03791	01183	01213	
01529	02690	00952	02005	02052	02801	03789	01181	01211	
01529	02693	00953	02008	02055	02803	03791	01182	01212	
01529	02692	00954	02007	02053	02802	03790	01182	01212	
01528	02689	00954	02005	02052	02801	03787	01183	01213	
01532	02694	00956	02009	02056	02804	03791	01186	01215	
01534	02697	00958	02012	02060	02807	03795	01188	01218	
01534	02696	00958	02011	02058	02807	03796	01189	01218	
01536	02698	00959	02015	02062	02809	03800	01190	01220	
01539	02702	00961	02018	02064	02812	03807	01192	01221	
01537	02698	00959	02015	02061	02811	03805	01191	01220	
01537	02696	00959	02014	02060	02809	03804	01190	01219	
01538	02700	00961	02016	02063	02811	03808	01191	01220	
01538	02699	00960	02014	02061	02811	03807	01191	01219	
01537	02697	00960	02013	02060	02810	03805	01191	01219	
01540	02700	00962	02017	02064	02813	03810	01192	01221	
01541	02703	00963	02018	02064	02813	03812	01193	01220	
01538	02699	00961	02015	02061	02812	03809	01194	01221	
01539	02701	00963	02018	02064	02813	03811	01194	01221	
01541	02704	00964	02020	02066	02815	03812	01194	01221	
01539	02701	00962	02015	02061	02812	03808	01192	01220	
01536	02698	00960	02014	02047	02829	03804	01191	01218	
01536	02699	00959	02015	02049	02829	03804	01189	01216	
01534	02696	00956	02011	02045	02825	03798	01185	01213	
01530	02690	00954	02006	02041	02822	03792	01183	01212	
01532	02693	00954	02009	02044	02822	03792	01186	01213	
01804	02974	01209	02395	02368	03063	03866	01486	01484	
02199	03253	01615	02811	02776	03320	03916	01938	01899	
02648	03534	02093	03229	03188	03580	03969	02454	02383	
03117	03817	02610	03648	03599	03838	04022	03002	02908	
03584	04095	03146	04063	04007	04095	04095	03559	03452	
03786	04095	03446	04095	04094	04095	04095	03831	03746	
03872	04095	03608	04095	04095	04095	04095	03960	03908	
03897	04095	03700	04095	04095	04095	04095	04028	04001	
03901	04095	03758	04095	04095	04095	04095	04063	04052	
03917	04095	03812	04095	04095	04095	04095	04085	04082	
03925	04095	03850	04095	04095	04095	04095	04095	04095	
03921	04095	03871	04095	04095	04095	04095	04095	04095	
03937	04095	03899	04095	04095	04095	04095	04095	04095	
03957	04095	03928	04095	04095	04095	04095	04095	04095	
03955	04095	03942	04095	04095	04095	04095	04095	04095	
03962	04095	03958	04095	04095	04095	04095	04095	04095	
03981	04095	03982	04095	04095	04095	04095	04095	04095	
03980	04095	03992	04095	04095	04095	04095	04095	04095	
03975	04095	03995	04095	04095	04095	04095	04095	04095	
03989	04095	04010	04095	04095	04095	04095	04095	04095	
03994	04095	04019	04095	04095	04095	04095	04095	04095	
03984	04095	04019	04095	04095	04095	04095	04095	04095	
03991	04095	04027	04095	04095	04095	04095	04095	04095	
04001	04095	04040	04095	04095	04095	04095	04095	04095	
03992	04095	04040	04095	04095	04095	04095	04095	04095	
03992	04095	04042	04095	04095	04095	04095	04095	04095	
04005	04095	04054	04095	04095	04095	04095	04095	04095	
04000	04095	04054	04095	04095	04095	04095	04095	04095	
03993	04095	04051	04095	04095	04095	04095	04095	04095	
04003	04095	04057	04095	04095	04095	04095	04095	04095	
04001	04095	04056	04095	04095	04095	04095	04095	04095	
03986	04095	04046	04095	04095	04095	04095	04095	04095	
03992	04095	04047	04095	04095	04095	04095	04095	04095	
04000	04095	04050	04095	04095	04095	04095	04095	04095	
03995	04095	04040	04095	04095	04095	04095	04095	04095	
04003	04095	04038	04095	04095	04095	04095	04095	04095	
04025	04095	04044	04095	04095	04095	04095	04095	04095	
04028	04095	04038	04095	04095	04095	04095	04095	04095	
04033	04095	04029	04095	04095	04095	04095	04095	04095	
04053	04095	04035	04095	04095	04095	04095	04095	04095	
04061	04095	04034	04095	04095	04095	04095	04095	04095	
04058	04095	04025	04095	04095	04095	04095	04095	04095	
04071	04095	04029	04095	04095	04095	04095	04095	04095	
04079	04095	04034	04095	04095	04095	04095	04095	04095	
04073	04095	04026	04095	04095	04095	04095	04095	04095	
04078	04095	04029	04095	04095	04095	04095	04095	04095	
04086	04095	04042	04095	04095	04095	04095	04095	04095	
04087	04095	04043	04095	04095	04095	04095	04095	04095	
04088	04095	04044	04095	04095	04095	04095	04095	04095	
04095	04095	04059	04095	04095	04095	04095	04095	04095	
04095	04095	04061	04095	04095	04095	04095	04095	04095	
04095	04095	04054	04095	04095	04095	04095	04095	04095	
04095	04095	04060	04095	04095	04095	04095	04095	04095	
04095	04095	04066	04095	04095	04095	04095	04095	04095	
04095	04095	04059	04095	04095	04095	04095	04095	04095	
04095	04095	04061	04095	04095	04095	04095	04095	04095	
04095	04095	04070	04095	04095	04095	04095	04095	04095	
04095	04095	04065	04095	04095	04095	04095	04095	04095	
04095	04095	04062	04095	04095	04095	04095	04095	04095	
04095	04095	04071	04095	04095	04095	04095	04095	04095	
03723	03968	03656	03807	03857	03992	04095	03696	03748	
03182	03716	03072	03382	03475	03759	04064	03143	03228	
02623	03451	02473	02947	03079	03513	04025	02575	02680	
02058	03179	01865	02506	02678	03264	03985	02002	02122	
01491	02905	01245	02065	02275	03013	03921	01428	01561	
01294	02756	01040	01910	02121	02861	03855	01250	01340	
01264	02732	01004	01893	02096	02838	03840	01222	01291	
01251	02717	00987	01884	02083	02826	03829	01208	01266	
01243	02710	00979	01879	02077	02818	03822	01201	01252	
01237	02707	00972	01875	02073	02812	03817	01195	01241	
01233	02702	00967	01872	02066	02807	03813	01189	01233	
01229	02696	00963	01869	02063	02803	03812	01188	01228	
01229	02698	00961	01868	02064	02804	03814	01188	01226	
01227	02696	00957	01864	02061	02801	03813	01186	01223	
01225	02691	00955	01861	02057	02797	03810	01184	01219	
01225	02692	00955	01862	02059	02798	03810	01185	01217	
01225	02695	00955	01862	02060	02799	03808	01184	01216	
01223	02690	00953	01859	02056	02795	03806	01183	01214	
01223	02689	00954	01860	02056	02796	03804	01184	01214	
01225	02694	00956	01864	02061	02800	03810	01187	01217	
01225	02693	00956	01862	02058	02800	03812	01186	01216	
01225	02692	00957	01862	02059	02800	03813	01186	01216	
01228	02698	00960	01865	02065	02805	03820	01188	01217	
01229	02700	00961	01865	02066	02805	03821	01187	01218	
01228	02697	00960	01863	02062	02803	03818	01186	01215	
01230	02699	00960	01866	02066	02805	03820	01188	01217	
01230	02700	00959	01866	02066	02806	03823	01189	01218	
01228	02696	00957	01862	02060	02803	03820	01187	01216	
01228	02696	00958	01864	02062	02804	03823	01187	01215	
01229	02699	00959	01867	02066	02805	03826	01188	01216	
01228	02697	00959	01865	02063	02803	03823	01187	01215	
01229	02697	00960	01864	02063	02802	03821	01187	01215	
01231	02700	00961	01868	02068	02804	03824	01191	01218	
01229	02699	00959	01867	02066	02803	03824	01190	01217	
01228	02696	00957	01864	02063	02802	03821	01188	01216	
01228	02697	00956	01864	02052	02820	03822	01187	01214	
01227	02695	00955	01863	02051	02819	03820	01186	01212	
01225	02691	00952	01859	02047	02816	03813	01182	01209	
01226	02692	00953	01860	02048	02816	03810	01182	01209	
01226	02694	00953	01861	02049	02817	03810	01182	01210	
01223	02690	00951	01858	02057	02797	03806	01181	01208	
01222	02687	00950	01857	02055	02796	03804	01180	01207	
01221	02690	00951	01859	02058	02797	03808	01181	01208	
01219	02688	00950	01857	02055	02795	03808	01182	01208	
01219	02686	00949	01856	02053	02795	03806	01181	01206	
01222	02689	00951	01859	02057	02797	03809	01184	01208	
01222	02691	00952	01858	02058	02797	03809	01184	01209	
01222	02689	00951	01856	02055	02796	03806	01182	01208	
01224	02691	00953	01857	02058	02798	03807	01181	01208	
01397	02906	01109	02144	02273	03057	03878	01369	01382	
01803	03185	01486	02589	02669	03316	03947	01790	01762	
02285	03466	01943	03038	03079	03576	03997	02286	02225	
02813	03749	02450	03487	03492	03837	04046	02827	02740	
03345	04029	02976	03934	03900	04095	04095	03380	03279	
03711	04095	03367	04095	04095	04095	04095	03758	03662	
03853	04095	03558	04095	04095	04095	04095	03918	03854	
03915	04095	03670	04095	04095	04095	04095	04005	03969	
03927	04095	03734	04095	04095	04095	04095	04048	04032	
03945	04095	03789	04095	04095	04095	04095	04077	04069	
03961	04095	03832	04095	04095	04095	04095	04094	04090	
03959	04095	03854	04095	04095	04095	04095	04095	04095	
03969	04095	03876	04095	04095	04095	04095	04095	04095	
03989	04095	03904	04095	04095	04095	04095	04095	04095	
03991	04095	03917	04095	04095	04095	04095	04095	04095	
03991	04095	03927	04095	04095	04095	04095	04095	04095	
04007	04095	03946	04095	04095	04095	04095	04095	04095	
04013	04095	03958	04095	04095	04095	04095	04095	04095	
04007	04095	03959	04095	04095	04095	04095	04095	04095	
04018	04095	03973	04095	04095	04095	04095	04095	04095	
04024	04095	03982	04095	04095	04095	04095	04095	04095	
04013	04095	03978	04095	04095	04095	04095	04095	04095	
04013	04095	03979	04095	04095	04095	04095	04095	04095	
04022	04095	03988	04095	04095	04095	04095	04095	04095	
04012	04095	03984	04095	04095	04095	04095	04095	04095	
04008	04095	03982	04095	04095	04095	04095	04095	04095	
04020	04095	03993	04095	04095	04095	04095	04095	04095	
04020	04095	03995	04095	04095	04095	04095	04095	04095	
04011	04095	03990	04095	04095	04095	04095	04095	04095	
04022	04095	03998	04095	04095	04095	04095	04095	04095	
04028	04095	04005	04095	04095	04095	04095	04095	04095	
04019	04095	03999	04095	04095	04095	04095	04095	04095	
04024	04095	04002	04095	04095	04095	04095	04095	04095	
04037	04095	04009	04095	04095	04095	04095	04095	04095	
04036	04095	04002	04095	04095	04095	04095	04095	04095	
04042	04095	03996	04095	04095	04095	04095	04095	04095	
04061	04095	04003	04095	04095	04095	04095	04095	04095	
04071	04095	04002	04095	04095	04095	04095	04095	04095	
04075	04095	03996	04095	04095	04095	04095	04095	04095	
04086	04095	04005	04095	04095	04095	04095	04095	04095	
04092	04095	04012	04095	04095	04095	04095	04095	04095	
04092	04095	04006	04095	04095	04095	04095	04095	04095	
04093	04095	04010	04095	04095	04095	04095	04095	04095	
04095	04095	04019	04095	04095	04095	04095	04095	04095	
04095	04095	04013	04095	04095	04095	04095	04095	04095	
04095	04095	04011	04095	04095	04095	04095	04095	04095	
04095	04095	04021	04095	04095	04095	04095	04095	04095	
04095	04095	04017	04095	04095	04095	04095	04095	04095	
04095	04095	04008	04095	04095	04095	04095	04095	04095	
04095	04095	04014	04095	04095	04095	04095	04095	04095	
04095	04095	04014	04095	04095	04095	04095	04095	04095	
04095	04095	04003	04095	04095	04095	04095	04095	04095	
04095	04095	04006	04095	04095	04095	04095	04095	04095	
04095	04095	04011	04095	04095	04095	04095	04095	04095	
04095	04095	04000	04095	04095	04095	04095	04095	04095	
04095	04095	03995	04095	04095	04095	04095	04095	04095	
04095	04095	04000	04095	04095	04095	04095	04095	04095	
03683	03914	03560	03776	03831	03976	04095	03665	03724	
03143	03612	02990	03347	03454	03747	04036	03115	03204	
02582	03289	02405	02904	03058	03498	03960	02544	02652	
02014	02962	01804	02457	02654	03244	03857	01968	02090	
01456	02651	01207	02026	02279	03012	03775	01403	01537	
01300	02507	01044	01901	02141	02878	03698	01257	01341	
01267	02476	01006	01880	02111	02850	03670	01226	01290	
01253	02462	00990	01870	02097	02837	03659	01214	01268	
01245	02455	00982	01866	02093	02832	03654	01208	01255	
01229	02434	00965	01845	02071	02804	03627	01189	01232	
01220	02424	00956	01834	02061	02793	03616	01180	01221	
01217	02421	00953	01832	02058	02791	03617	01179	01217	
01218	02422	00953	01834	02061	02793	03618	01179	01216	
01219	02423	00952	01833	02061	02793	03619	01180	01215	
01218	02421	00952	01833	02060	02792	03619	01181	01215	
01221	02424	00954	01836	02065	02795	03623	01184	01216	
01222	02426	00956	01838	02067	02796	03625	01183	01215	
01221	02425	00955	01836	02064	02794	03625	01182	01213	
01220	02426	00955	01836	02064	02795	03625	01182	01212	
01220	02427	00955	01838	02066	02796	03627	01183	01212	
01219	02424	00953	01835	02062	02793	03624	01182	01211	
01219	02423	00953	01834	02060	02792	03621	01181	01211	
01222	02425	00953	01836	02064	02794	03620	01182	01211	
01221	02423	00953	01835	02062	02791	03617	01182	01210	
01221	02421	00951	01833	02061	02791	03614	01180	01208	
01221	02422	00952	01835	02064	02793	03613	01180	01208	
01221	02421	00951	01834	02063	02791	03613	01180	01207	
01219	02418	00949	01832	02059	02789	03613	01180	01206	
01219	02419	00949	01832	02061	02791	03614	01180	01207	
01219	02419	00947	01832	02048	02809	03615	01181	01207	
01217	02416	00945	01828	02043	02805	03610	01179	01205	
01216	02415	00944	01826	02043	02806	03610	01178	01204	
01216	02417	00944	01828	02044	02807	03610	01178	01204	
01214	02415	00943	01825	02041	02804	03605	01175	01200	
01211	02412	00943	01821	02050	02783	03601	01172	01198	
01210	02411	00943	01821	02050	02782	03604	01171	01197	
01208	02409	00941	01819	02047	02779	03600	01170	01196	
01206	02404	00938	01814	02043	02775	03596	01168	01194	
01207	02404	00937	01816	02045	02775	03597	01169	01194	
01208	02405	00937	01817	02046	02776	03599	01171	01195	
01206	02403	00935	01816	02044	02773	03597	01171	01194	
01206	02403	00935	01816	02044	02773	03599	01171	01195	
01208	02405	00936	01819	02047	02775	03599	01171	01195	
01206	02404	00936	01815	02044	02773	03598	01169	01192	
01204	02401	00935	01814	02042	02771	03597	01168	01192	
01206	02403	00937	01816	02044	02774	03597	01167	01192	
01207	02404	00938	01816	02045	02775	03598	01168	01193	
01208	02404	00939	01817	02044	02776	03602	01170	01195	
01212	02408	00943	01821	02050	02778	03606	01173	01198	
01215	02411	00945	01824	02052	02782	03609	01175	01200	
01215	02412	00946	01823	02051	02781	03612	01176	01201	
01215	02413	00947	01825	02053	02782	03611	01176	01200	
01215	02415	00948	01826	02055	02783	03610	01175	01201	
01212	02411	00947	01823	02051	02782	03607	01174	01199	
01213	02411	00947	01824	02053	02783	03607	01175	01201	
01339	02588	01056	02034	02218	03019	03696	01311	01331	
01737	02924	01419	02487	02618	03281	03785	01722	01702	
02210	03259	01864	02941	03027	03542	03873	02208	02155	
02730	03597	02366	03396	03440	03805	03985	02737	02659	
03263	03933	02892	03849	03837	04066	04095	03286	03190	
03672	04095	03319	04095	04085	04095	04095	03706	03608	
03819	04095	03506	04095	04095	04095	04095	03864	03801	
03893	04095	03625	04095	04095	04095	04095	03959	03923	
03910	04095	03688	04095	04095	04095	04095	04004	03995	
03913	04095	03731	04095	04095	04095	04095	04032	04042	
03925	04095	03773	04095	04095	04095	04095	04060	04073	
03922	04095	03798	04095	04095	04095	04095	04074	04088	
03913	04095	03809	04095	04095	04095	04095	04078	04091	
03928	04095	03832	04095	04095	04095	04095	04088	04095	
03940	04095	03852	04095	04095	04095	04095	04095	04095	
03934	04095	03856	04095	04095	04095	04095	04095	04095	
03942	04095	03869	04095	04095	04095	04095	04095	04095	
03956	04095	03886	04095	04095	04095	04095	04095	04095	
03951	04095	03890	04095	04095	04095	04095	04095	04095	
03950	04095	03894	04095	04095	04095	04095	04095	04095	
03965	04095	03910	04095	04095	04095	04095	04095	04095	
03964	04095	03914	04095	04095	04095	04095	04095	04095	
03957	04095	03912	04095	04095	04095	04095	04095	04095	
03969	04095	03922	04095	04095	04095	04095	04095	04095	
03977	04095	03930	04095	04095	04095	04095	04095	04095	
03970	04095	03928	04095	04095	04095	04095	04095	04095	
03981	04095	03938	04095	04095	04095	04095	04095	04095	
03995	04095	03954	04095	04095	04095	04095	04095	04095	
03989	04095	03956	04095	04095	04095	04095	04095	04095	
03992	04095	03959	04095	04095	04095	04095	04095	04095	
04009	04095	03969	04095	04095	04095	04095	04095	04095	
04010	04095	03967	04095	04095	04095	04095	04095	04095	
04010	04095	03959	04095	04095	04095	04095	04095	04095	
04030	04095	03964	04095	04095	04095	04095	04095	04095	
04040	04095	03965	04095	04095	04095	04095	04095	04095	
04033	04095	03955	04095	04095	04095	04095	04095	04095	
04042	04095	03958	04095	04095	04095	04095	04095	04095	
04053	04095	03965	04095	04095	04095	04095	04095	04095	
04043	04095	03957	04095	04095	04095	04095	04095	04095	
04044	04095	03955	04095	04095	04095	04095	04095	04095	
04059	04095	03965	04095	04095	04095	04095	04095	04095	
04051	04095	03958	04095	04095	04095	04095	04095	04095	
04043	04095	03948	04095	04095	04095	04095	04095	04095	
04054	04095	03952	04095	04095	04095	04095	04095	04095	
04055	04095	03950	04095	04095	04095	04095	04095	04095	
04043	04095	03937	04095	04095	04095	04095	04095	04095	
04055	04095	03943	04095	04095	04095	04095	04095	04095	
04065	04095	03949	04095	04095	04095	04095	04095	04095	
04056	04095	03941	04095	04095	04095	04095	04095	04095	
04059	04095	03942	04095	04095	04095	04095	04095	04095	
03668	03885	03530	03788	03838	03988	04095	03676	03730	
03128	03536	02968	03357	03450	03753	04007	03123	03205	
02568	03167	02382	02910	03045	03501	03912	02551	02651	
02010	02793	01793	02462	02641	03245	03796	01974	02087	
01443	02417	01196	02011	02245	02985	03678	01395	01517	
01282	02260	01026	01878	02098	02846	03586	01242	01320	
01252	02232	00991	01859	02071	02821	03565	01214	01272	
01240	02221	00977	01853	02061	02811	03556	01203	01251	
01234	02215	00970	01848	02052	02805	03551	01197	01240	
01231	02213	00967	01847	02049	02803	03548	01195	01234	
01223	02203	00958	01837	02040	02790	03536	01185	01222	
01222	02202	00957	01836	02040	02789	03537	01185	01219	
01222	02204	00957	01838	02042	02791	03538	01186	01218	
01224	02207	00958	01841	02047	02795	03540	01187	01218	
01223	02205	00957	01840	02046	02795	03539	01186	01216	
01220	02201	00955	01836	02041	02793	03534	01183	01213	
01221	02201	00955	01838	02043	02794	03538	01183	01212	
01220	02201	00955	01838	02042	02794	03541	01183	01212	
01218	02197	00951	01834	02039	02791	03539	01182	01209	
01220	02199	00951	01835	02040	02793	03539	01184	01210	
01221	02201	00952	01837	02043	02795	03543	01185	01211	
01220	02199	00951	01833	02041	02793	03544	01184	01209	
01221	02200	00951	01834	02041	02794	03546	01184	01208	
01223	02202	00953	01837	02044	02795	03547	01186	01210	
01220	02200	00951	01834	02025	02809	03543	01183	01207	
01217	02197	00949	01830	02023	02806	03540	01181	01205	
01216	02196	00947	01830	02023	02805	03539	01181	01205	
01213	02194	00945	01826	02021	02802	03536	01179	01203	
01209	02189	00942	01821	02016	02798	03531	01175	01199	
01210	02190	00944	01822	02031	02782	03530	01175	01198	
01210	02189	00944	01823	02032	02782	03529	01173	01198	
01210	02188	00943	01820	02030	02780	03529	01172	01196	
01210	02186	00943	01821	02030	02780	03529	01171	01194	
01211	02187	00943	01822	02031	02781	03530	01171	01194	
01209	02184	00941	01820	02027	02779	03527	01170	01194	
01208	02185	00940	01820	02026	02777	03528	01170	01193	
01210	02186	00940	01822	02028	02779	03531	01172	01194	
01209	02186	00940	01820	02029	02779	03531	01172	01194	
01208	02185	00939	01819	02027	02777	03529	01172	01195	
01210	02187	00940	01821	02030	02780	03532	01174	01196	
01211	02188	00941	01821	02031	02782	03535	01175	01197	
01211	02187	00941	01820	02031	02781	03536	01176	01198	
01213	02189	00944	01824	02034	02783	03541	01179	01201	
01216	02192	00947	01828	02038	02787	03545	01181	01203	
01217	02192	00948	01828	02038	02786	03546	01182	01204	
01219	02193	00949	01830	02041	02786	03552	01183	01206	
01220	02195	00950	01833	02044	02788	03557	01184	01207	
01220	02194	00949	01832	02041	02787	03556	01183	01205	
01219	02193	00949	01829	02039	02785	03554	01182	01204	
01219	02194	00950	01831	02040	02787	03555	01183	01204	
01583	02575	01274	02284	02428	03049	03655	01562	01541	
02039	02955	01702	02735	02839	03309	03750	02030	01973	
02541	03335	02184	03189	03253	03571	03847	02545	02461	
03070	03716	02704	03643	03668	03833	03970	03088	02983	
03599	04095	03233	04095	04069	04095	04095	03637	03519	
03769	04095	03448	04095	04095	04095	04095	03817	03731	
03858	04095	03577	04095	04095	04095	04095	03920	03861	
03892	04095	03653	04095	04095	04095	04095	03978	03944	
03895	04095	03695	04095	04095	04095	04095	04005	03992	
03908	04095	03737	04095	04095	04095	04095	04036	04033	
03913	04095	03768	04095	04095	04095	04095	04057	04062	
03900	04095	03778	04095	04095	04095	04095	04062	04076	
03905	04095	03795	04095	04095	04095	04095	04072	04084	
03921	04095	03818	04095	04095	04095	04095	04084	04094	
03918	04095	03825	04095	04095	04095	04095	04086	04095	
03922	04095	03833	04095	04095	04095	04095	04089	04095	
03942	04095	03852	04095	04095	04095	04095	04095	04095	
03944	04095	03858	04095	04095	04095	04095	04095	04095	
03941	04095	03857	04095	04095	04095	04095	04095	04095	
03959	04095	03871	04095	04095	04095	04095	04095	04095	
03967	04095	03880	04095	04095	04095	04095	04095	04095	
03961	04095	03876	04095	04095	04095	04095	04095	04095	
03972	04095	03883	04095	04095	04095	04095	04095	04095	
03986	04095	03895	04095	04095	04095	04095	04095	04095	
03979	04095	03892	04095	04095	04095	04095	04095	04095	
03983	04095	03898	04095	04095	04095	04095	04095	04095	
04002	04095	03915	04095	04095	04095	04095	04095	04095	
04004	04095	03918	04095	04095	04095	04095	04095	04095	
04002	04095	03919	04095	04095	04095	04095	04095	04095	
04021	04095	03934	04095	04095	04095	04095	04095	04095	
04029	04095	03940	04095	04095	04095	04095	04095	04095	
04025	04095	03936	04095	04095	04095	04095	04095	04095	
04039	04095	03946	04095	04095	04095	04095	04095	04095	
04055	04095	03958	04095	04095	04095	04095	04095	04095	
04051	04095	03956	04095	04095	04095	04095	04095	04095	
04055	04095	03962	04095	04095	04095	04095	04095	04095	
04070	04095	03979	04095	04095	04095	04095	04095	04095	
04067	04095	03983	04095	04095	04095	04095	04095	04095	
04063	04095	03986	04095	04095	04095	04095	04095	04095	
04073	04095	04003	04095	04095	04095	04095	04095	04095	
04075	04095	04011	04095	04095	04095	04095	04095	04095	
04063	04095	04008	04095	04095	04095	04095	04095	04095	
04067	04095	04016	04095	04095	04095	04095	04095	04095	
04072	04095	04025	04095	04095	04095	04095	04095	04095	
04059	04095	04019	04095	04095	04095	04095	04095	04095	
04055	04095	04019	04095	04095	04095	04095	04095	04095	
04064	04095	04032	04095	04095	04095	04095	04095	04095	
04052	04095	04033	04095	04095	04095	04095	04095	04095	
04041	04095	04033	04095	04095	04095	04095	04095	04095	
04048	04095	04046	04095	04095	04095	04095	04095	04095	
04041	04095	04053	04095	04095	04095	04095	04095	04095	
04024	04095	04051	04095	04095	04095	04095	04095	04095	
04028	04095	04061	04095	04095	04095	04095	04095	04095	
04028	04095	04069	04095	04095	04095	04095	04095	04095	
04007	04095	04066	04095	04095	04095	04095	04095	04095	
04002	04095	04070	04095	04095	04095	04095	04095	04095	
04003	04095	04080	04095	04095	04095	04095	04095	04095	
03982	04095	04081	04095	04095	04095	04095	04095	04095	
03968	04095	04083	04095	04095	04095	04095	04095	04095	
03971	04095	04090	04095	04095	04095	04095	04095	04095	