01713	02526	01291	02160	01911	03339	03478	01477	01840	
01713	02526	01292	02159	01910	03340	03479	01479	01841	
01712	02524	01293	02158	01910	03340	03477	01479	01842	
01717	02529	01296	02163	01915	03344	03484	01482	01847	
01719	02530	01297	02164	01916	03344	03485	01485	01848	
01715	02527	01296	02161	01922	03341	03483	01484	01819	
01718	02529	01297	02163	01924	03343	03486	01484	01820	
01720	02532	01297	02166	01925	03343	03489	01485	01820	
01716	02528	01296	02162	01921	03339	03485	01482	01818	
01715	02527	01295	02162	01920	03338	03483	01481	01819	
01719	02530	01296	02164	01923	03342	03486	01481	01822	
01715	02527	01294	02161	01920	03340	03483	01481	01822	
01713	02525	01292	02158	01919	03339	03479	01481	01821	
01716	02527	01293	02161	01922	03342	03480	01481	01823	
01716	02527	01293	02161	01922	03342	03480	01481	01822	
01713	02522	01291	02157	01918	03339	03477	01480	01818	
01716	02524	01292	02160	01921	03341	03478	01480	01820	
01717	02525	01292	02160	01921	03340	03478	01479	01820	
01712	02520	01288	02154	01916	03335	03473	01476	01816	
01710	02518	01286	02152	01914	03334	03471	01475	01815	
01711	02520	01286	02155	01916	03334	03472	01475	01816	
01706	02517	01283	02149	01910	03330	03469	01472	01811	
01704	02514	01282	02147	01908	03329	03468	01472	01809	
01708	02517	01285	02153	01913	03332	03471	01474	01812	
01707	02517	01285	02153	01912	03332	03471	01475	01812	
01704	02513	01283	02149	01910	03329	03468	01474	01811	
01708	02515	01284	02152	01914	03332	03469	01476	01815	
01710	02519	01285	02154	01916	03332	03470	01476	01816	
01706	02515	01284	02148	01911	03330	03465	01473	01812	
01708	02516	01283	02149	01913	03331	03466	01473	01812	
01712	02521	01285	02153	01916	03335	03470	01474	01814	
01709	02518	01284	02150	01912	03332	03468	01472	01811	
01706	02515	01283	02150	01911	03330	03469	01472	01812	
01711	02520	01285	02154	01914	03333	03471	01474	01816	
01712	02520	01286	02154	01916	03335	03473	01475	01819	
01710	02518	01286	02153	01914	03334	03472	01476	01818	
01714	02523	01290	02159	01919	03339	03479	01479	01822	
01717	02527	01293	02162	01922	03342	03481	01481	01823	
01713	02524	01292	02159	01920	03341	03480	01481	01821	
01714	02525	01292	02160	01921	03341	03481	01482	01822	
01718	02529	01294	02163	01923	03345	03484	01482	01824	
01715	02527	01292	02158	01920	03342	03481	01481	01822	
01716	02526	01291	02157	01920	03342	03482	01481	01823	
01719	02530	01294	02163	01923	03345	03487	01484	01825	
01718	02529	01294	02161	01921	03343	03487	01483	01822	
01714	02525	01293	02158	01919	03341	03485	01481	01819	
01717	02527	01294	02162	01922	03343	03485	01483	01822	
01718	02528	01294	02162	01922	03343	03484	01482	01822	
01713	02524	01291	02156	01919	03340	03479	01480	01819	
01716	02526	01291	02158	01920	03342	03480	01480	01822	
01717	02528	01292	02161	01908	03361	03482	01482	01822	
01712	02524	01289	02155	01903	03357	03480	01479	01818	
01710	02521	01289	02154	01901	03356	03479	01477	01815	
01754	02580	01331	02227	01962	03432	03551	01526	01861	
01918	02786	01494	02463	02163	03581	03686	01714	02039	
02242	03099	01857	02849	02577	03713	03821	02126	02370	
02625	03416	02288	03239	03017	03865	03936	02611	02760	
03019	03732	02753	03628	03457	04018	04051	03125	03177	
03369	03989	03190	03945	03835	04095	04095	03600	03561	
03612	04095	03528	04095	04070	04095	04095	03934	03825	
03697	04095	03679	04095	04095	04095	04095	04044	03948	
03711	04095	03761	04095	04095	04095	04095	04084	04013	
03715	04095	03815	04095	04095	04095	04095	04095	04052	
03726	04095	03866	04095	04095	04095	04095	04095	04079	
03712	04095	03896	04095	04095	04095	04095	04095	04091	
03694	04095	03912	04095	04095	04095	04095	04095	04092	
03703	04095	03939	04095	04095	04095	04095	04095	04095	
03711	04095	03961	04095	04095	04095	04095	04095	04095	
03701	04095	03968	04095	04095	04095	04095	04095	04095	
03714	04095	03985	04095	04095	04095	04095	04095	04095	
03731	04095	04008	04095	04095	04095	04095	04095	04095	
03725	04095	04016	04095	04095	04095	04095	04095	04095	
03727	04095	04024	04095	04095	04095	04095	04095	04095	
03749	04095	04041	04095	04095	04095	04095	04095	04095	
03752	04095	04046	04095	04095	04095	04095	04095	04095	
03754	04095	04046	04095	04095	04095	04095	04095	04095	
03781	04095	04057	04095	04095	04095	04095	04095	04095	
03798	04095	04065	04095	04095	04095	04095	04095	04095	
03795	04095	04060	04095	04095	04095	04095	04095	04095	
03810	04095	04064	04095	04095	04095	04095	04095	04095	
03827	04095	04070	04095	04095	04095	04095	04095	04095	
03817	04095	04065	04095	04095	04095	04095	04095	04095	
03816	04095	04062	04095	04095	04095	04095	04095	04095	
03831	04095	04071	04095	04095	04095	04095	04095	04095	
03821	04095	04068	04095	04095	04095	04095	04095	04095	
03807	04095	04061	04095	04095	04095	04095	04095	04095	
03818	04095	04066	04095	04095	04095	04095	04095	04095	
03817	04095	04066	04095	04095	04095	04095	04095	04095	
03800	04095	04056	04095	04095	04095	04095	04095	04095	
03811	04095	04060	04095	04095	04095	04095	04095	04095	
03823	04095	04065	04095	04095	04095	04095	04095	04095	
03811	04095	04061	04095	04095	04095	04095	04095	04095	
03816	04095	04062	04095	04095	04095	04095	04095	04095	
03839	04095	04073	04095	04095	04095	04095	04095	04095	
03837	04095	04076	04095	04095	04095	04095	04095	04095	
03835	04095	04078	04095	04095	04095	04095	04095	04095	
03858	04095	04087	04095	04095	04095	04095	04095	04095	
03866	04095	04093	04095	04095	04095	04095	04095	04095	
03859	04095	04092	04095	04095	04095	04095	04095	04095	
03875	04095	04093	04095	04095	04095	04095	04095	04095	
03891	04095	04094	04095	04095	04095	04095	04095	04095	
03884	04095	04094	04095	04095	04095	04095	04095	04095	
03890	04095	04094	04095	04095	04095	04095	04095	04095	
03911	04095	04095	04095	04095	04095	04095	04095	04095	
03907	04095	04095	04095	04095	04095	04095	04095	04095	
03903	04095	04095	04095	04095	04095	04095	04095	04095	
03919	04095	04095	04095	04095	04095	04095	04095	04095	
03921	04095	04095	04095	04095	04095	04095	04095	04095	
03907	04095	04095	04095	04095	04095	04095	04095	04095	
03918	04095	04095	04095	04095	04095	04095	04095	04095	
03927	04095	04095	04095	04095	04095	04095	04095	04095	
03875	04095	04066	04095	04095	04095	04095	04095	04095	
03533	03862	03611	03790	03748	03997	04051	03619	03760	
03138	03588	03079	03450	03363	03867	03986	03082	03355	
02707	03292	02520	03092	02956	03721	03881	02529	02918	
02275	02990	01952	02729	02554	03571	03772	01973	02471	
01891	02687	01414	02368	02141	03423	03686	01415	02021	
01797	02612	01294	02304	02069	03367	03638	01328	01898	
01762	02577	01251	02275	02037	03340	03612	01299	01841	
01751	02571	01232	02271	02031	03333	03604	01287	01814	
01742	02570	01223	02272	02028	03328	03599	01278	01795	
01729	02564	01216	02270	02020	03319	03591	01270	01777	
01727	02568	01214	02277	02022	03318	03591	01268	01767	
01727	02572	01214	02282	02024	03318	03592	01267	01761	
01720	02564	01208	02275	02017	03314	03590	01264	01755	
01719	02558	01203	02267	02014	03312	03588	01262	01751	
01724	02559	01199	02265	02018	03315	03591	01262	01753	
01723	02556	01196	02260	02015	03315	03592	01262	01752	
01720	02553	01194	02258	02013	03313	03589	01262	01749	
01725	02563	01199	02269	02021	03318	03594	01265	01751	
01727	02570	01204	02277	02024	03321	03598	01267	01751	
01724	02571	01206	02279	02022	03321	03599	01269	01748	
01727	02575	01208	02283	02027	03324	03600	01270	01750	
01733	02579	01212	02288	02033	03330	03607	01273	01754	
01734	02577	01212	02285	02032	03333	03609	01276	01757	
01738	02578	01214	02288	02037	03338	03614	01280	01761	
01745	02587	01219	02299	02047	03347	03624	01283	01767	
01746	02592	01222	02302	02048	03350	03629	01286	01767	
01744	02593	01223	02304	02047	03349	03630	01288	01766	
01746	02595	01224	02308	02049	03349	03631	01287	01765	
01745	02595	01223	02304	02046	03347	03630	01285	01763	
01739	02586	01217	02295	02040	03341	03622	01284	01760	
01740	02584	01216	02293	02041	03340	03619	01283	01760	
01742	02584	01216	02293	02043	03340	03618	01281	01760	
01736	02579	01214	02288	02037	03336	03612	01280	01757	
01733	02577	01214	02288	02034	03332	03609	01278	01755	
01736	02583	01216	02293	02036	03334	03612	01278	01754	
01731	02579	01215	02289	02031	03330	03609	01275	01750	
01727	02574	01212	02283	02026	03327	03605	01275	01748	
01731	02574	01210	02284	02028	03329	03609	01274	01749	
01730	02571	01206	02280	02014	03347	03607	01273	01746	
01724	02562	01200	02272	02007	03341	03601	01269	01743	
01726	02564	01199	02274	02008	03342	03603	01269	01743	
01726	02567	01200	02277	02009	03342	03604	01270	01742	
01720	02564	01199	02273	02004	03338	03599	01268	01739	
01720	02565	01201	02275	02018	03318	03598	01268	01739	
01724	02570	01204	02280	02023	03322	03603	01269	01741	
01722	02566	01202	02273	02020	03319	03599	01267	01739	
01720	02561	01199	02268	02017	03317	03595	01265	01738	
01725	02564	01201	02272	02021	03320	03597	01266	01740	
01723	02563	01200	02270	02018	03319	03596	01264	01739	
01718	02561	01198	02267	02015	03314	03591	01262	01736	
01720	02564	01201	02271	02018	03315	03591	01263	01737	
01721	02566	01201	02274	02018	03315	03594	01263	01737	
01717	02561	01198	02267	02015	03311	03589	01261	01734	
01719	02560	01196	02266	02016	03312	03588	01260	01733	
01723	02562	01196	02268	02019	03314	03590	01261	01735	
01722	02562	01196	02267	02018	03315	03590	01263	01736	
01722	02561	01198	02269	02019	03317	03592	01266	01738	
01727	02569	01204	02277	02025	03322	03599	01271	01742	
01729	02572	01208	02282	02027	03324	03603	01273	01744	
01725	02568	01207	02279	02023	03322	03600	01274	01744	
01727	02567	01206	02279	02023	03321	03600	01273	01743	
01728	02567	01205	02277	02022	03320	03601	01270	01742	
01722	02560	01201	02269	02017	03315	03595	01267	01738	
01720	02558	01199	02268	02015	03312	03592	01265	01735	
01723	02565	01201	02274	02021	03315	03596	01266	01736	
01718	02565	01201	02272	02017	03313	03595	01265	01734	
01714	02564	01201	02271	02016	03312	03593	01265	01732	
01718	02568	01202	02275	02021	03314	03595	01265	01735	
01718	02565	01201	02273	02020	03313	03594	01264	01734	
01715	02559	01198	02266	02015	03311	03592	01262	01731	
01719	02559	01198	02268	02018	03312	03591	01261	01732	
01721	02560	01198	02271	02020	03313	03591	01260	01733	
01715	02556	01195	02266	02014	03308	03586	01257	01729	
01714	02557	01195	02267	02014	03307	03584	01256	01727	
01716	02562	01195	02270	02017	03308	03583	01255	01727	
01712	02558	01192	02265	02013	03305	03579	01255	01725	
01709	02553	01189	02260	02010	03303	03577	01255	01723	
01839	02710	01304	02422	02148	03462	03695	01382	01859	
02168	03016	01670	02786	02536	03621	03812	01811	02198	
02532	03322	02104	03151	02953	03778	03905	02316	02593	
02917	03632	02583	03520	03374	03936	04001	02864	03023	
03307	03943	03087	03888	03794	04095	04095	03430	03467	
03564	04095	03488	04095	04077	04095	04095	03871	03784	
03629	04095	03654	04095	04095	04095	04095	04011	03910	
03666	04095	03759	04095	04095	04095	04095	04074	03987	
03676	04095	03820	04095	04095	04095	04095	04095	04031	
03683	04095	03862	04095	04095	04095	04095	04095	04059	
03707	04095	03904	04095	04095	04095	04095	04095	04081	
03717	04095	03932	04095	04095	04095	04095	04095	04093	
03715	04095	03950	04095	04095	04095	04095	04095	04094	
03733	04095	03976	04095	04095	04095	04095	04095	04095	
03749	04095	04001	04095	04095	04095	04095	04095	04095	
03744	04095	04012	04095	04095	04095	04095	04095	04095	
03755	04095	04027	04095	04095	04095	04095	04095	04095	
03777	04095	04048	04095	04095	04095	04095	04095	04095	
03780	04095	04055	04095	04095	04095	04095	04095	04095	
03786	04095	04059	04095	04095	04095	04095	04095	04095	
03815	04095	04072	04095	04095	04095	04095	04095	04095	
03827	04095	04078	04095	04095	04095	04095	04095	04095	
03825	04095	04075	04095	04095	04095	04095	04095	04095	
03844	04095	04082	04095	04095	04095	04095	04095	04095	
03859	04095	04089	04095	04095	04095	04095	04095	04095	
03850	04095	04089	04095	04095	04095	04095	04095	04095	
03856	04095	04090	04095	04095	04095	04095	04095	04095	
03873	04095	04094	04095	04095	04095	04095	04095	04095	
03861	04095	04093	04095	04095	04095	04095	04095	04095	
03853	04095	04090	04095	04095	04095	04095	04095	04095	
03868	04095	04091	04095	04095	04095	04095	04095	04095	
03867	04095	04091	04095	04095	04095	04095	04095	04095	
03859	04095	04091	04095	04095	04095	04095	04095	04095	
03878	04095	04092	04095	04095	04095	04095	04095	04095	
03895	04095	04095	04095	04095	04095	04095	04095	04095	
03891	04095	04095	04095	04095	04095	04095	04095	04095	
03906	04095	04095	04095	04095	04095	04095	04095	04095	
03929	04095	04095	04095	04095	04095	04095	04095	04095	
03928	04095	04095	04095	04095	04095	04095	04095	04095	
03929	04095	04095	04095	04095	04095	04095	04095	04095	
03951	04095	04095	04095	04095	04095	04095	04095	04095	
03953	04095	04095	04095	04095	04095	04095	04095	04095	
03944	04095	04095	04095	04095	04095	04095	04095	04095	
03958	04095	04095	04095	04095	04095	04095	04095	04095	
03967	04095	04095	04095	04095	04095	04095	04095	04095	
03956	04095	04095	04095	04095	04095	04095	04095	04095	
03963	04095	04095	04095	04095	04095	04095	04095	04095	
03980	04095	04095	04095	04095	04095	04095	04095	04095	
03973	04095	04095	04095	04095	04095	04095	04095	04095	
03971	04095	04095	04095	04095	04095	04095	04095	04095	
03988	04095	04095	04095	04095	04095	04095	04095	04095	
03987	04095	04095	04095	04095	04095	04095	04095	04095	
03974	04095	04095	04095	04095	04095	04095	04095	04095	
03985	04095	04095	04095	04095	04095	04095	04095	04095	
03990	04095	04095	04095	04095	04095	04095	04095	04095	
03945	04095	04080	04095	04095	04095	04095	04095	04095	
03543	03854	03553	03743	03754	03898	04023	03551	03686	
03120	03600	02994	03376	03381	03682	03963	02985	03232	
02674	03339	02425	03001	03002	03460	03892	02411	02758	
02236	03085	01859	02631	02629	03250	03825	01840	02285	
01828	02824	01296	02254	02251	03032	03729	01262	01802	
01782	02798	01240	02223	02206	03022	03702	01226	01718	
01758	02782	01216	02208	02191	03008	03684	01208	01678	
01749	02775	01203	02206	02186	03002	03683	01200	01659	
01734	02757	01185	02197	02173	02988	03674	01187	01640	
01724	02744	01177	02193	02164	02981	03669	01181	01631	
01722	02740	01173	02195	02176	02960	03670	01178	01629	
01723	02742	01171	02196	02178	02960	03670	01177	01624	
01717	02738	01166	02188	02172	02956	03663	01175	01616	
01715	02739	01164	02183	02171	02954	03659	01174	01609	
01716	02744	01163	02183	02173	02954	03659	01174	01604	
01713	02743	01161	02179	02170	02952	03657	01172	01600	
01709	02735	01159	02178	02166	02951	03658	01173	01599	
01711	02735	01161	02184	02170	02955	03660	01173	01603	
01711	02733	01161	02185	02169	02954	03662	01173	01605	
01707	02727	01158	02181	02166	02952	03659	01173	01603	
01708	02730	01158	02181	02168	02950	03659	01174	01600	
01711	02736	01158	02181	02171	02950	03658	01174	01598	
01709	02735	01158	02178	02168	02950	03656	01175	01596	
01711	02736	01160	02181	02171	02953	03657	01177	01598	
01716	02742	01164	02188	02177	02957	03665	01179	01603	
01716	02739	01164	02190	02176	02959	03668	01180	01607	
01715	02736	01165	02191	02175	02961	03670	01180	01608	
01717	02740	01166	02193	02179	02963	03672	01181	01609	
01717	02743	01166	02191	02179	02962	03672	01181	01605	
01713	02740	01164	02185	02174	02959	03666	01180	01600	
01715	02744	01166	02185	02177	02960	03667	01181	01599	
01716	02746	01166	02188	02179	02963	03670	01182	01601	
01714	02740	01166	02186	02175	02963	03668	01180	01602	
01714	02738	01166	02188	02175	02965	03670	01181	01605	
01718	02744	01167	02192	02180	02967	03673	01182	01608	
01715	02742	01165	02188	02177	02966	03670	01182	01606	
01713	02741	01165	02184	02175	02965	03665	01181	01603	
01715	02748	01166	02185	02178	02966	03667	01182	01601	
01715	02749	01167	02185	02179	02965	03665	01183	01599	
01709	02740	01163	02179	02171	02960	03661	01180	01595	
01710	02739	01163	02182	02173	02961	03663	01180	01596	
01711	02738	01163	02184	02174	02962	03665	01179	01598	
01707	02731	01161	02181	02169	02959	03660	01177	01597	
01706	02729	01158	02178	02166	02956	03657	01175	01595	
01711	02738	01160	02182	02172	02958	03659	01176	01596	
01710	02737	01159	02178	02169	02956	03656	01176	01593	
01708	02734	01158	02176	02166	02955	03653	01175	01593	
01713	02738	01159	02182	02171	02958	03655	01175	01595	
01713	02738	01159	02183	02172	02959	03658	01176	01598	
01709	02733	01159	02181	02167	02958	03657	01175	01597	
01743	02783	01196	02235	02210	03024	03713	01208	01635	
01909	02986	01348	02472	02414	03252	03792	01386	01810	
02240	03257	01717	02851	02776	03476	03871	01821	02164	
02624	03529	02163	03234	03163	03702	03948	02336	02586	
03039	03801	02658	03618	03552	03930	04049	02895	03051	
03419	04023	03138	03948	03886	04095	04095	03440	03499	
03668	04095	03514	04095	04072	04095	04095	03848	03820	
03763	04095	03689	04095	04095	04095	04095	03996	03963	
03806	04095	03795	04095	04095	04095	04095	04064	04039	
03817	04095	03859	04095	04095	04095	04095	04090	04075	
03843	04095	03912	04095	04095	04095	04095	04095	04091	
03870	04095	03956	04095	04095	04095	04095	04095	04095	
03873	04095	03980	04095	04095	04095	04095	04095	04095	
03884	04095	04003	04095	04095	04095	04095	04095	04095	
03909	04095	04031	04095	04095	04095	04095	04095	04095	
03910	04095	04046	04095	04095	04095	04095	04095	04095	
03907	04095	04055	04095	04095	04095	04095	04095	04095	
03925	04095	04071	04095	04095	04095	04095	04095	04095	
03933	04095	04082	04095	04095	04095	04095	04095	04095	
03923	04095	04084	04095	04095	04095	04095	04095	04095	
03933	04095	04088	04095	04095	04095	04095	04095	04095	
03947	04095	04094	04095	04095	04095	04095	04095	04095	
03934	04095	04093	04095	04095	04095	04095	04095	04095	
03931	04095	04093	04095	04095	04095	04095	04095	04095	
03945	04095	04094	04095	04095	04095	04095	04095	04095	
03939	04095	04094	04095	04095	04095	04095	04095	04095	
03928	04095	04093	04095	04095	04095	04095	04095	04095	
03942	04095	04094	04095	04095	04095	04095	04095	04095	
03946	04095	04094	04095	04095	04095	04095	04095	04095	
03932	04095	04094	04095	04095	04095	04095	04095	04095	
03941	04095	04094	04095	04095	04095	04095	04095	04095	
03955	04095	04095	04095	04095	04095	04095	04095	04095	
03949	04095	04095	04095	04095	04095	04095	04095	04095	
03955	04095	04095	04095	04095	04095	04095	04095	04095	
03979	04095	04095	04095	04095	04095	04095	04095	04095	
03979	04095	04095	04095	04095	04095	04095	04095	04095	
03979	04095	04095	04095	04095	04095	04095	04095	04095	
03998	04095	04095	04095	04095	04095	04095	04095	04095	
04005	04095	04095	04095	04095	04095	04095	04095	04095	
04000	04095	04095	04095	04095	04095	04095	04095	04095	
04014	04095	04095	04095	04095	04095	04095	04095	04095	
04029	04095	04095	04095	04095	04095	04095	04095	04095	
04021	04095	04095	04095	04095	04095	04095	04095	04095	
04024	04095	04095	04095	04095	04095	04095	04095	04095	
04039	04095	04095	04095	04095	04095	04095	04095	04095	
04033	04095	04095	04095	04095	04095	04095	04095	04095	
04024	04095	04095	04095	04095	04095	04095	04095	04095	
04038	04095	04095	04095	04095	04095	04095	04095	04095	
03659	03895	03551	03756	03769	03890	04076	03580	03666	
03212	03659	02949	03384	03401	03648	04013	03019	03172	
02766	03419	02333	03010	03042	03398	03947	02448	02661	
02316	03174	01716	02632	02665	03145	03900	01872	02142	
01850	02928	01097	02256	02287	02894	03855	01297	01614	
01770	02876	01018	02215	02232	02842	03820	01233	01507	
01747	02860	00995	02206	02221	02828	03808	01214	01466	
01730	02841	00980	02196	02194	02835	03793	01203	01441	
01719	02825	00970	02188	02186	02827	03782	01194	01423	
01713	02814	00962	02183	02181	02819	03771	01185	01410	
01709	02810	00957	02178	02177	02815	03766	01180	01401	
01700	02804	00951	02171	02169	02809	03762	01176	01394	
01700	02811	00951	02172	02184	02791	03767	01175	01391	
01699	02817	00950	02172	02185	02791	03769	01174	01387	
01695	02815	00948	02167	02180	02788	03767	01174	01385	
01693	02813	00947	02167	02179	02787	03766	01174	01384	
01696	02814	00948	02171	02183	02788	03765	01176	01384	
01693	02809	00947	02167	02180	02786	03759	01175	01383	
01692	02803	00946	02166	02178	02785	03755	01174	01382	
01695	02806	00947	02170	02182	02786	03758	01176	01383	
01695	02807	00947	02171	02182	02787	03761	01175	01383	
01692	02805	00945	02167	02177	02785	03759	01174	01382	
01695	02809	00945	02168	02181	02786	03763	01176	01383	
01696	02812	00945	02169	02183	02787	03766	01175	01382	
01693	02807	00944	02166	02180	02786	03763	01174	01381	
01694	02806	00946	02168	02182	02787	03761	01175	01383	
01699	02810	00948	02172	02186	02789	03764	01176	01385	
01697	02806	00948	02172	02184	02788	03763	01176	01384	
01697	02807	00950	02173	02183	02789	03765	01177	01383	
01700	02812	00951	02176	02187	02790	03767	01177	01383	
01699	02813	00949	02174	02186	02789	03768	01178	01383	
01696	02809	00949	02171	02183	02789	03767	01178	01382	
01697	02811	00951	02173	02186	02790	03767	01180	01383	
01699	02811	00951	02175	02188	02791	03768	01181	01385	
01696	02806	00951	02173	02185	02790	03766	01181	01385	
01697	02806	00952	02174	02185	02790	03768	01182	01385	
01700	02813	00953	02178	02189	02793	03772	01182	01387	
01699	02812	00952	02175	02186	02792	03772	01180	01384	
01698	02810	00951	02174	02184	02792	03771	01180	01383	
01702	02815	00952	02177	02189	02794	03774	01182	01385	
01701	02813	00951	02175	02189	02795	03770	01180	01385	
01695	02803	00948	02169	02184	02791	03762	01179	01384	
01696	02804	00947	02170	02185	02790	03761	01177	01384	
01695	02804	00945	02169	02183	02787	03760	01175	01381	
01688	02798	00942	02162	02175	02783	03752	01171	01377	
01688	02798	00940	02161	02174	02781	03753	01169	01374	
01690	02803	00941	02163	02177	02782	03756	01169	01373	
01687	02800	00940	02160	02174	02780	03754	01169	01372	
01686	02797	00941	02159	02174	02781	03750	01169	01374	
01690	02802	00943	02163	02179	02783	03755	01171	01376	
01690	02802	00943	02163	02177	02784	03755	01173	01378	
01975	03058	01238	02543	02497	03045	03835	01519	01679	
02358	03318	01678	02931	02872	03309	03918	02000	02102	
02773	03579	02175	03318	03259	03571	03979	02535	02581	
03189	03836	02700	03703	03643	03833	04036	03092	03090	
03621	04095	03251	04089	04030	04095	04095	03668	03621	
03781	04095	03530	04095	04095	04095	04095	03907	03862	
03837	04095	03673	04095	04095	04095	04095	04010	03983	
03862	04095	03764	04095	04095	04095	04095	04060	04048	
03895	04095	03841	04095	04095	04095	04095	04087	04083	
03907	04095	03895	04095	04095	04095	04095	04095	04095	
03903	04095	03928	04095	04095	04095	04095	04095	04095	
03918	04095	03965	04095	04095	04095	04095	04095	04095	
03933	04095	03995	04095	04095	04095	04095	04095	04095	
03927	04095	04009	04095	04095	04095	04095	04095	04095	
03935	04095	04023	04095	04095	04095	04095	04095	04095	
03959	04095	04046	04095	04095	04095	04095	04095	04095	
03962	04095	04055	04095	04095	04095	04095	04095	04095	
03964	04095	04061	04095	04095	04095	04095	04095	04095	
03986	04095	04075	04095	04095	04095	04095	04095	04095	
03995	04095	04084	04095	04095	04095	04095	04095	04095	
03987	04095	04085	04095	04095	04095	04095	04095	04095	
03998	04095	04089	04095	04095	04095	04095	04095	04095	
04009	04095	04094	04095	04095	04095	04095	04095	04095	
03995	04095	04092	04095	04095	04095	04095	04095	04095	
03993	04095	04092	04095	04095	04095	04095	04095	04095	
04004	04095	04092	04095	04095	04095	04095	04095	04095	
03995	04095	04092	04095	04095	04095	04095	04095	04095	
03985	04095	04092	04095	04095	04095	04095	04095	04095	
04001	04095	04095	04095	04095	04095	04095	04095	04095	
04006	04095	04095	04095	04095	04095	04095	04095	04095	
04000	04095	04094	04095	04095	04095	04095	04095	04095	
04015	04095	04094	04095	04095	04095	04095	04095	04095	
04032	04095	04094	04095	04095	04095	04095	04095	04095	
04029	04095	04091	04095	04095	04095	04095	04095	04095	
04037	04095	04091	04095	04095	04095	04095	04095	04095	
04055	04095	04091	04095	04095	04095	04095	04095	04095	
04055	04095	04091	04095	04095	04095	04095	04095	04095	
04052	04095	04088	04095	04095	04095	04095	04095	04095	
04067	04095	04091	04095	04095	04095	04095	04095	04095	
04069	04095	04091	04095	04095	04095	04095	04095	04095	
04063	04095	04091	04095	04095	04095	04095	04095	04095	
04073	04095	04091	04095	04095	04095	04095	04095	04095	
04083	04095	04095	04095	04095	04095	04095	04095	04095	
04076	04095	04095	04095	04095	04095	04095	04095	04095	
04081	04095	04095	04095	04095	04095	04095	04095	04095	
04087	04095	04095	04095	04095	04095	04095	04095	04095	
03744	03962	03675	03850	03872	03986	04093	03694	03753	
03254	03738	03099	03502	03529	03771	04070	03154	03248	
02742	03489	02491	03131	03160	03523	04022	02585	02701	
02214	03230	01874	02753	02784	03269	03967	02010	02142	
01682	02967	01251	02372	02406	03013	03887	01432	01577	
01492	02837	01045	02237	02264	02864	03810	01253	01350	
01447	02795	00997	02205	02228	02821	03774	01213	01286	
01430	02775	00979	02194	02215	02809	03761	01200	01260	
01422	02763	00970	02190	02210	02803	03757	01193	01247	
01417	02760	00965	02189	02208	02801	03756	01189	01237	
01410	02753	00958	02182	02186	02812	03750	01184	01229	
01405	02751	00954	02176	02180	02808	03745	01179	01221	
01404	02755	00952	02175	02180	02806	03746	01177	01216	
01401	02754	00949	02170	02175	02802	03744	01175	01211	
01396	02747	00946	02165	02170	02798	03738	01173	01208	
01398	02745	00945	02168	02187	02782	03740	01174	01208	
01399	02744	00946	02171	02188	02782	03742	01174	01208	
01396	02736	00943	02167	02183	02779	03737	01172	01207	
01395	02736	00943	02167	02184	02779	03735	01172	01206	
01396	02742	00942	02168	02186	02779	03738	01171	01204	
01392	02742	00941	02163	02182	02777	03735	01169	01201	
01391	02742	00940	02160	02180	02776	03732	01168	01200	
01393	02745	00940	02162	02184	02777	03733	01167	01200	
01391	02742	00939	02161	02182	02777	03734	01167	01200	
01390	02737	00939	02159	02180	02776	03732	01167	01200	
01393	02742	00940	02162	02184	02779	03733	01169	01201	
01394	02744	00940	02162	02185	02780	03735	01170	01201	
01393	02743	00942	02161	02183	02780	03735	01171	01202	
01395	02746	00943	02163	02187	02781	03735	01172	01203	
01397	02752	00945	02167	02191	02784	03740	01173	01204	
01397	02748	00945	02166	02189	02783	03739	01173	01204	
01397	02745	00947	02168	02189	02784	03738	01173	01205	
01399	02746	00948	02172	02194	02786	03744	01175	01207	
01400	02746	00948	02173	02193	02787	03747	01177	01207	
01399	02744	00946	02169	02190	02787	03745	01177	01207	
01402	02749	00947	02172	02193	02789	03749	01178	01208	
01402	02753	00947	02173	02194	02789	03751	01178	01207	
01400	02748	00945	02168	02189	02787	03748	01176	01205	
01400	02747	00945	02169	02191	02787	03746	01175	01206	
01401	02748	00947	02174	02195	02788	03748	01176	01206	
01398	02743	00947	02172	02191	02785	03744	01176	01205	
01399	02742	00947	02172	02191	02785	03744	01177	01205	
01401	02748	00949	02176	02196	02787	03748	01180	01207	
01401	02750	00950	02175	02195	02787	03749	01180	01208	
01670	03018	01201	02525	02488	03047	03831	01477	01478	
02086	03288	01621	02910	02861	03311	03915	01940	01902	
02546	03558	02104	03294	03245	03573	03976	02460	02393	
03019	03825	02618	03677	03625	03833	04034	03004	02921	
03510	04095	03159	04061	04008	04095	04095	03570	03475	
03742	04095	03473	04095	04095	04095	04095	03856	03778	
03817	04095	03625	04095	04095	04095	04095	03976	03932	
03849	04095	03718	04095	04095	04095	04095	04039	04019	
03878	04095	03793	04095	04095	04095	04095	04077	04068	
03884	04095	03842	04095	04095	04095	04095	04094	04090	
03878	04095	03872	04095	04095	04095	04095	04095	04095	
03896	04095	03906	04095	04095	04095	04095	04095	04095	
03912	04095	03934	04095	04095	04095	04095	04095	04095	
03911	04095	03947	04095	04095	04095	04095	04095	04095	
03926	04095	03964	04095	04095	04095	04095	04095	04095	
03951	04095	03984	04095	04095	04095	04095	04095	04095	
03957	04095	03994	04095	04095	04095	04095	04095	04095	
03968	04095	04003	04095	04095	04095	04095	04095	04095	
03996	04095	04026	04095	04095	04095	04095	04095	04095	
04009	04095	04039	04095	04095	04095	04095	04095	04095	
04011	04095	04044	04095	04095	04095	04095	04095	04095	
04032	04095	04059	04095	04095	04095	04095	04095	04095	
04046	04095	04071	04095	04095	04095	04095	04095	04095	
04040	04095	04068	04095	04095	04095	04095	04095	04095	
04047	04095	04074	04095	04095	04095	04095	04095	04095	
04063	04095	04082	04095	04095	04095	04095	04095	04095	
04057	04095	04083	04095	04095	04095	04095	04095	04095	
04053	04095	04083	04095	04095	04095	04095	04095	04095	
04067	04095	04090	04095	04095	04095	04095	04095	04095	
04068	04095	04092	04095	04095	04095	04095	04095	04095	
04059	04095	04092	04095	04095	04095	04095	04095	04095	
04069	04095	04092	04095	04095	04095	04095	04095	04095	
04079	04095	04094	04095	04095	04095	04095	04095	04095	
04070	04095	04088	04095	04095	04095	04095	04095	04095	
04075	04095	04084	04095	04095	04095	04095	04095	04095	
04085	04095	04084	04095	04095	04095	04095	04095	04095	
04077	04095	04080	04095	04095	04095	04095	04095	04095	
04072	04095	04072	04095	04095	04095	04095	04095	04095	
04080	04095	04076	04095	04095	04095	04095	04095	04095	
04080	04095	04073	04095	04095	04095	04095	04095	04095	
04074	04095	04065	04095	04095	04095	04095	04095	04095	
04081	04095	04068	04095	04095	04095	04095	04095	04095	
04087	04095	04073	04095	04095	04095	04095	04095	04095	
04081	04095	04066	04095	04095	04095	04095	04095	04095	
04083	04095	04067	04095	04095	04095	04095	04095	04095	
04089	04095	04075	04095	04095	04095	04095	04095	04095	
04087	04095	04072	04095	04095	04095	04095	04095	04095	
04087	04095	04068	04095	04095	04095	04095	04095	04095	
04092	04095	04076	04095	04095	04095	04095	04095	04095	
04092	04095	04075	04095	04095	04095	04095	04095	04095	
04092	04095	04072	04095	04095	04095	04095	04095	04095	
04094	04095	04076	04095	04095	04095	04095	04095	04095	
04095	04095	04083	04095	04095	04095	04095	04095	04095	
03611	03903	03574	03726	03832	03901	04092	03604	03653	
03061	03639	02986	03292	03486	03660	04049	03047	03123	
02498	03368	02377	02851	03124	03411	03977	02476	02572	
01929	03090	01757	02408	02767	03156	03898	01901	02012	
01358	02803	01136	01962	02396	02900	03842	01323	01447	
01271	02705	01025	01884	02288	02838	03790	01236	01320	
01248	02674	00995	01870	02261	02821	03774	01213	01280	
01238	02656	00981	01863	02249	02812	03765	01203	01259	
01234	02651	00975	01861	02246	02808	03763	01198	01246	
01231	02651	00971	01858	02242	02805	03761	01194	01238	
01227	02650	00967	01854	02236	02800	03755	01189	01231	
01226	02654	00964	01853	02235	02799	03753	01188	01228	
01225	02654	00962	01853	02234	02798	03754	01189	01227	
01220	02644	00956	01847	02214	02810	03749	01185	01222	
01218	02634	00952	01843	02212	02808	03744	01182	01218	
01216	02632	00951	01843	02212	02807	03744	01181	01215	
01214	02628	00949	01841	02207	02803	03741	01179	01211	
01211	02627	00948	01838	02203	02800	03737	01176	01207	
01213	02632	00948	01838	02219	02784	03739	01177	01208	
01213	02635	00948	01837	02218	02783	03738	01176	01206	
01211	02632	00945	01833	02213	02780	03735	01174	01204	
01210	02630	00944	01833	02214	02781	03735	01174	01203	
01210	02628	00944	01834	02216	02781	03736	01174	01204	
01209	02621	00942	01831	02212	02779	03733	01174	01203	
01208	02620	00942	01832	02212	02780	03736	01175	01204	
01209	02626	00943	01835	02216	02781	03740	01176	01205	
01209	02629	00944	01834	02214	02780	03741	01175	01204	
01208	02629	00944	01833	02212	02779	03739	01174	01203	
01209	02631	00945	01834	02215	02780	03741	01173	01202	
01209	02628	00946	01834	02215	02779	03739	01173	01201	
01210	02624	00947	01834	02214	02780	03737	01174	01202	
01213	02626	00949	01837	02217	02782	03740	01175	01204	
01214	02629	00950	01838	02220	02786	03744	01177	01205	
01213	02630	00950	01838	02218	02785	03744	01178	01206	
01215	02636	00951	01839	02220	02787	03746	01179	01208	
01217	02641	00951	01842	02223	02787	03751	01180	01209	
01215	02640	00950	01840	02221	02786	03750	01181	01209	
01214	02634	00949	01838	02218	02784	03747	01179	01207	
01215	02634	00950	01840	02223	02786	03750	01180	01208	
01215	02634	00950	01840	02222	02787	03752	01180	01207	
01239	02665	00972	01872	02246	02828	03785	01203	01229	
01243	02673	00976	01877	02253	02834	03792	01207	01233	
01590	02968	01290	02329	02602	03096	03876	01571	01558	
02041	03259	01728	02780	02964	03357	03958	02045	01999	
02539	03551	02217	03232	03341	03618	04017	02567	02499	
03044	03810	02723	03648	03692	03838	04041	03096	03013	
03568	04095	03264	04095	04065	04095	04095	03656	03564	
03747	04095	03508	04095	04095	04095	04095	03863	03806	
03833	04095	03646	04095	04095	04095	04095	03972	03942	
03868	04095	03731	04095	04095	04095	04095	04033	04020	
03866	04095	03780	04095	04095	04095	04095	04063	04061	
03877	04095	03823	04095	04095	04095	04095	04082	04083	
03896	04095	03863	04095	04095	04095	04095	04095	04095	
03895	04095	03881	04095	04095	04095	04095	04095	04095	
03902	04095	03900	04095	04095	04095	04095	04095	04095	
03925	04095	03928	04095	04095	04095	04095	04095	04095	
03931	04095	03940	04095	04095	04095	04095	04095	04095	
03935	04095	03947	04095	04095	04095	04095	04095	04095	
03959	04095	03965	04095	04095	04095	04095	04095	04095	
03977	04095	03978	04095	04095	04095	04095	04095	04095	
03977	04095	03978	04095	04095	04095	04095	04095	04095	
03994	04095	03988	04095	04095	04095	04095	04095	04095	
04013	04095	04002	04095	04095	04095	04095	04095	04095	
04012	04095	04004	04095	04095	04095	04095	04095	04095	
04019	04095	04011	04095	04095	04095	04095	04095	04095	
04041	04095	04029	04095	04095	04095	04095	04095	04095	
04045	04095	04037	04095	04095	04095	04095	04095	04095	
04046	04095	04039	04095	04095	04095	04095	04095	04095	
04063	04095	04053	04095	04095	04095	04095	04095	04095	
04072	04095	04060	04095	04095	04095	04095	04095	04095	
04068	04095	04056	04095	04095	04095	04095	04095	04095	
04077	04095	04060	04095	04095	04095	04095	04095	04095	
04086	04095	04069	04095	04095	04095	04095	04095	04095	
04083	04095	04062	04095	04095	04095	04095	04095	04095	
04084	04095	04058	04095	04095	04095	04095	04095	04095	
04091	04095	04062	04095	04095	04095	04095	04095	04095	
04091	04095	04057	04095	04095	04095	04095	04095	04095	
04089	04095	04046	04095	04095	04095	04095	04095	04095	
04093	04095	04047	04095	04095	04095	04095	04095	04095	
04093	04095	04045	04095	04095	04095	04095	04095	04095	
04085	04095	04032	04095	04095	04095	04095	04095	04095	
04085	04095	04031	04095	04095	04095	04095	04095	04095	
04087	04095	04033	04095	04095	04095	04095	04095	04095	
04081	04095	04022	04095	04095	04095	04095	04095	04095	
04081	04095	04017	04095	04095	04095	04095	04095	04095	
04071	04095	04002	04095	04095	04095	04095	04095	04095	
03550	03806	03445	03671	03757	03872	04061	03556	03600	
02991	03482	02848	03228	03392	03624	03986	02988	03055	
02431	03142	02247	02782	03033	03370	03906	02413	02496	
01861	02797	01643	02333	02654	03112	03844	01834	01930	
01305	02457	01052	01880	02275	02852	03782	01253	01360	
01253	02410	00996	01852	02235	02815	03752	01210	01283	
01237	02395	00976	01843	02221	02802	03742	01196	01253	
01226	02385	00964	01835	02209	02792	03733	01187	01237	
01221	02382	00958	01831	02206	02788	03727	01183	01228	
01219	02380	00955	01831	02207	02786	03726	01181	01222	
01215	02374	00952	01828	02203	02782	03721	01177	01217	
01215	02372	00951	01827	02203	02782	03719	01177	01215	
01217	02377	00953	01830	02209	02785	03723	01178	01214	
01216	02380	00954	01830	02210	02785	03724	01178	01212	
01215	02378	00953	01828	02208	02782	03723	01177	01211	
01217	02380	00954	01832	02210	02785	03726	01180	01211	
01217	02379	00954	01832	02209	02785	03728	01180	01210	
01215	02376	00951	01829	02205	02782	03725	01178	01208	
01215	02378	00951	01829	02206	02782	03727	01179	01208	
01216	02381	00952	01831	02209	02785	03730	01180	01209	
01214	02378	00951	01828	02206	02783	03730	01179	01207	
01213	02375	00950	01828	02205	02781	03729	01178	01207	
01214	02377	00951	01830	02208	02783	03732	01178	01207	
01214	02378	00950	01828	02206	02781	03731	01177	01206	
01213	02375	00948	01826	02202	02779	03727	01176	01204	
01213	02377	00950	01827	02205	02781	03727	01176	01205	
01214	02378	00949	01827	02206	02782	03727	01176	01205	
01210	02375	00946	01823	02188	02795	03723	01173	01201	
01208	02374	00944	01821	02187	02795	03719	01172	01200	
01208	02374	00944	01822	02189	02795	03719	01172	01199	
01205	02368	00941	01818	02183	02791	03717	01170	01196	
01203	02365	00940	01816	02179	02789	03715	01169	01194	
01208	02373	00944	01823	02199	02779	03723	01173	01198	
01240	02415	00974	01864	02238	02827	03764	01205	01230	
01555	02757	01258	02299	02566	03090	03830	01540	01537	
02010	03103	01685	02756	02949	03356	03896	02010	01972	
02511	03451	02174	03211	03334	03620	03985	02530	02466	
03021	03792	02686	03662	03699	03879	04068	03067	02988	
03517	04095	03191	04077	04043	04095	04095	03591	03501	
03738	04095	03460	04095	04095	04095	04095	03827	03755	
03811	04095	03591	04095	04095	04095	04095	03931	03890	
03841	04095	03670	04095	04095	04095	04095	03991	03972	
03870	04095	03737	04095	04095	04095	04095	04036	04028	
03877	04095	03781	04095	04095	04095	04095	04064	04062	
03874	04095	03809	04095	04095	04095	04095	04077	04080	
03894	04095	03845	04095	04095	04095	04095	04088	04090	
03912	04095	03876	04095	04095	04095	04095	04095	04095	
03912	04095	03890	04095	04095	04095	04095	04095	04095	
03921	04095	03906	04095	04095	04095	04095	04095	04095	
03937	04095	03925	04095	04095	04095	04095	04095	04095	
03931	04095	03928	04095	04095	04095	04095	04095	04095	
03925	04095	03930	04095	04095	04095	04095	04095	04095	
03937	04095	03944	04095	04095	04095	04095	04095	04095	
03939	04095	03951	04095	04095	04095	04095	04095	04095	
03932	04095	03950	04095	04095	04095	04095	04095	04095	
03945	04095	03961	04095	04095	04095	04095	04095	04095	
03957	04095	03971	04095	04095	04095	04095	04095	04095	
03954	04095	03967	04095	04095	04095	04095	04095	04095	
03967	04095	03972	04095	04095	04095	04095	04095	04095	
03990	04095	03985	04095	04095	04095	04095	04095	04095	
03995	04095	03985	04095	04095	04095	04095	04095	04095	
03999	04095	03982	04095	04095	04095	04095	04095	04095	
04020	04095	03990	04095	04095	04095	04095	04095	04095	
04022	04095	03990	04095	04095	04095	04095	04095	04095	
04015	04095	03980	04095	04095	04095	04095	04095	04095	
04026	04095	03984	04095	04095	04095	04095	04095	04095	
04037	04095	03989	04095	04095	04095	04095	04095	04095	
04029	04095	03983	04095	04095	04095	04095	04095	04095	
04037	04095	03985	04095	04095	04095	04095	04095	04095	
04052	04095	03994	04095	04095	04095	04095	04095	04095	
04047	04095	03989	04095	04095	04095	04095	04095	04095	
04045	04095	03985	04095	04095	04095	04095	04095	04095	
04059	04095	03994	04095	04095	04095	04095	04095	04095	
04056	04095	03996	04095	04095	04095	04095	04095	04095	
04045	04095	03988	04095	04095	04095	04095	04095	04095	
04053	04095	03992	04095	04095	04095	04095	04095	04095	
04056	04095	03993	04095	04095	04095	04095	04095	04095	
04043	04095	03981	04095	04095	04095	04095	04095	04095	
04049	04095	03981	04095	04095	04095	04095	04095	04095	
04062	04095	03990	04095	04095	04095	04095	04095	04095	
04055	04095	03986	04095	04095	04095	04095	04095	04095	
04053	04095	03985	04095	04095	04095	04095	04095	04095	
03681	03896	03581	03799	03873	03979	04073	03687	03737	
03139	03541	03009	03362	03495	03737	03979	03131	03211	
02576	03171	02413	02916	03099	03484	03873	02559	02657	
02021	02798	01820	02470	02699	03229	03764	01983	02094	
01459	02423	01218	02020	02296	02970	03629	01404	01526	
01269	02243	01020	01863	02124	02824	03512	01229	01312	
01242	02220	00988	01849	02099	02806	03490	01204	01266	
01231	02211	00974	01843	02089	02798	03481	01192	01244	
01222	02201	00964	01835	02080	02790	03473	01184	01230	
01218	02195	00957	01832	02075	02786	03468	01181	01222	
01217	02195	00955	01831	02075	02786	03468	01180	01217	
01215	02192	00952	01828	02071	02783	03465	01178	01213	
01212	02188	00948	01825	02067	02779	03459	01176	01210	
01211	02188	00947	01825	02067	02779	03457	01176	01208	
01209	02186	00944	01821	02064	02776	03455	01174	01205	
01205	02182	00941	01818	02059	02772	03450	01170	01201	
01204	02181	00938	01817	02059	02771	03448	01169	01198	
01202	02181	00938	01816	02059	02770	03447	01168	01196	
01200	02178	00937	01813	02055	02766	03444	01165	01193	
01200	02178	00937	01813	02055	02767	03443	01164	01192	
01200	02179	00937	01815	02057	02767	03444	01165	01192	
01199	02178	00936	01812	02053	02764	03444	01163	01191	
01199	02177	00936	01812	02052	02764	03444	01164	01191	
01200	02179	00937	01815	02054	02767	03448	01166	01193	
01200	02179	00937	01813	02054	02768	03448	01166	01193	
01200	02177	00936	01812	02052	02766	03446	01165	01191	
01200	02177	00937	01815	02055	02767	03446	01166	01193	
01200	02177	00937	01815	02055	02768	03448	01166	01192	
01199	02175	00936	01813	02053	02765	03443	01164	01192	
01200	02177	00938	01814	02055	02766	03447	01166	01193	
01202	02179	00940	01817	02057	02769	03451	01167	01194	
01203	02181	00941	01816	02057	02770	03452	01166	01194	
01203	02181	00941	01817	02058	02770	03452	01167	01194	
01206	02185	00943	01821	02061	02774	03458	01169	01196	
01206	02184	00943	01820	02061	02774	03457	01170	01196	
01206	02183	00942	01819	02061	02773	03455	01170	01197	
01208	02184	00943	01821	02063	02775	03460	01173	01198	
01208	02185	00943	01821	02063	02776	03460	01174	01199	
01207	02184	00943	01819	02061	02773	03458	01173	01198	
01208	02185	00944	01820	02061	02774	03459	01172	01197	
01207	02185	00944	01821	02062	02775	03460	01173	01197	
01206	02184	00943	01817	02059	02772	03457	01171	01195	
01205	02183	00942	01817	02059	02772	03457	01170	01195	
01206	02183	00942	01818	02061	02773	03459	01170	01195	
01206	02182	00940	01817	02060	02772	03459	01169	01194	
01204	02179	00937	01813	02044	02788	03456	01167	01191	
01204	02178	00936	01813	02044	02789	03456	01167	01191	
01203	02178	00936	01813	02043	02788	03456	01167	01190	
01497	02532	01198	02234	02374	03052	03573	01479	01472	
01934	02914	01612	02690	02784	03316	03714	01933	01888	
02428	03299	02092	03149	03196	03564	03857	02445	02370	
02933	03682	02596	03605	03607	03829	03976	02976	02880	
03441	04066	03118	04062	04017	04095	04095	03520	03410	
03669	04095	03398	04095	04095	04095	04095	03770	03676	
03753	04095	03538	04095	04095	04095	04095	03885	03818	
03778	04095	03618	04095	04095	04095	04095	03943	03900	
03804	04095	03681	04095	04095	04095	04095	03992	03964	
03828	04095	03732	04095	04095	04095	04095	04030	04012	
03831	04095	03758	04095	04095	04095	04095	04044	04039	
03841	04095	03783	04095	04095	04095	04095	04060	04063	
03864	04095	03812	04095	04095	04095	04095	04076	04081	
03865	04095	03826	04095	04095	04095	04095	04083	04088	
03867	04095	03837	04095	04095	04095	04095	04086	04091	
03889	04095	03860	04095	04095	04095	04095	04094	04095	
03898	04095	03876	04095	04095	04095	04095	04095	04095	
03894	04095	03881	04095	04095	04095	04095	04095	04095	
03908	04095	03898	04095	04095	04095	04095	04095	04095	
03920	04095	03914	04095	04095	04095	04095	04095	04095	
03912	04095	03915	04095	04095	04095	04095	04095	04095	
03916	04095	03920	04095	04095	04095	04095	04095	04095	
03932	04095	03936	04095	04095	04095	04095	04095	04095	
03929	04095	03936	04095	04095	04095	04095	04095	04095	
03928	04095	03934	04095	04095	04095	04095	04095	04095	
03947	04095	03946	04095	04095	04095	04095	04095	04095	
03956	04095	03952	04095	04095	04095	04095	04095	04095	
03953	04095	03948	04095	04095	04095	04095	04095	04095	
03971	04095	03956	04095	04095	04095	04095	04095	04095	
03989	04095	03966	04095	04095	04095	04095	04095	04095	
03987	04095	03962	04095	04095	04095	04095	04095	04095	
03997	04095	03961	04095	04095	04095	04095	04095	04095	
04019	04095	03970	04095	04095	04095	04095	04095	04095	
04021	04095	03966	04095	04095	04095	04095	04095	04095	
04022	04095	03962	04095	04095	04095	04095	04095	04095	
04041	04095	03972	04095	04095	04095	04095	04095	04095	
04048	04095	03979	04095	04095	04095	04095	04095	04095	
04041	04095	03978	04095	04095	04095	04095	04095	04095	
04051	04095	03992	04095	04095	04095	04095	04095	04095	
04059	04095	04006	04095	04095	04095	04095	04095	04095	
04049	04095	04007	04095	04095	04095	04095	04095	04095	
04050	04095	04013	04095	04095	04095	04095	04095	04095	
04060	04095	04028	04095	04095	04095	04095	04095	04095	
04048	04095	04031	04095	04095	04095	04095	04095	04095	
04037	04095	04033	04095	04095	04095	04095	04095	04095	
04042	04095	04049	04095	04095	04095	04095	04095	04095	
04032	04095	04058	04095	04095	04095	04095	04095	04095	
04014	04095	04060	04095	04095	04095	04095	04095	04095	
04019	04095	04072	04095	04095	04095	04095	04095	04095	
04024	04095	04083	04095	04095	04095	04095	04095	04095	
04011	04095	04086	04095	04095	04095	04095	04095	04095	
04013	04095	04090	04095	04095	04095	04095	04095	04095	
04025	04095	04094	04095	04095	04095	04095	04095	04095	
04013	04095	04094	04095	04095	04095	04095	04095	04095	
04003	04095	04094	04095	04095	04095	04095	04095	04095	
04011	04095	04095	04095	04095	04095	04095	04095	04095	
04003	04095	04095	04095	04095	04095	04095	04095	04095	
