03836	04095	04095	04095	04095	04095	04095	04095	04095	
03847	04095	04095	04095	04095	04095	04095	04095	04095	
03832	04095	04095	04095	04095	04095	04095	04095	04095	
03826	04095	04095	04095	04095	04095	04095	04095	04095	
03840	04095	04095	04095	04095	04095	04095	04095	04095	
03832	04095	04095	04095	04095	04095	04095	04095	04095	
03819	04095	04095	04095	04095	04095	04095	04095	04095	
03830	04095	04095	04095	04095	04095	04095	04095	04095	
03830	04095	04095	04095	04095	04095	04095	04095	04095	
03812	04095	04095	04095	04095	04095	04095	04095	04095	
03814	04095	04095	04095	04095	04095	04095	04095	04095	
03823	04095	04095	04095	04095	04095	04095	04095	04095	
03807	04095	04095	04095	04095	04095	04095	04095	04095	
03804	04095	04095	04095	04095	04095	04095	04095	04095	
03820	04095	04095	04095	04095	04095	04095	04095	04095	
03816	04095	04095	04095	04095	04095	04095	04095	04095	
03805	04095	04095	04095	04095	04095	04095	04095	04095	
03821	04095	04095	04095	04095	04095	04095	04095	04095	
03825	04095	04095	04095	04095	04095	04095	04095	04095	
03809	04095	04095	04095	04095	04095	04095	04095	04095	
03815	04095	04095	04095	04095	04095	04095	04095	04095	
03828	04095	04095	04095	04095	04095	04095	04095	04095	
03813	04095	04095	04095	04095	04095	04095	04095	04095	
03811	04095	04095	04095	04095	04095	04095	04095	04095	
03827	04095	04095	04095	04095	04095	04095	04095	04095	
03820	04095	04095	04095	04095	04095	04095	04095	04095	
03809	04095	04095	04095	04095	04095	04095	04095	04095	
03825	04095	04095	04095	04095	04095	04095	04095	04095	
03831	04095	04095	04095	04095	04095	04095	04095	04095	
03818	04095	04095	04095	04095	04095	04095	04095	04095	
03831	04095	04095	04095	04095	04095	04095	04095	04095	
03846	04095	04095	04095	04095	04095	04095	04095	04095	
03836	04095	04095	04095	04095	04095	04095	04095	04095	
03837	04095	04095	04095	04095	04095	04095	04095	04095	
03857	04095	04095	04095	04095	04095	04095	04095	04095	
03853	04095	04095	04095	04095	04095	04095	04095	04095	
03846	04095	04095	04095	04095	04095	04095	04095	04095	
03863	04095	04095	04095	04095	04095	04095	04095	04095	
03866	04095	04095	04095	04095	04095	04095	04095	04095	
03850	04095	04095	04095	04095	04095	04095	04095	04095	
03856	04095	04095	04095	04095	04095	04095	04095	04095	
03865	04095	04095	04095	04095	04095	04095	04095	04095	
03849	04095	04095	04095	04095	04095	04095	04095	04095	
03846	04095	04095	04095	04095	04095	04095	04095	04095	
03858	04095	04095	04095	04095	04095	04095	04095	04095	
03848	04095	04095	04095	04095	04095	04095	04095	04095	
03837	04095	04095	04095	04095	04095	04095	04095	04095	
03851	04095	04095	04095	04095	04095	04095	04095	04095	
03852	04095	04095	04095	04095	04095	04095	04095	04095	
03839	04095	04095	04095	04095	04095	04095	04095	04095	
03852	04095	04095	04095	04095	04095	04095	04095	04095	
03864	04095	04095	04095	04095	04095	04095	04095	04095	
03851	04095	04095	04095	04095	04095	04095	04095	04095	
03820	04095	04067	04095	04095	04095	04095	04095	04095	
03459	03827	03594	03775	03691	03987	03990	03638	03723	
03048	03531	03073	03433	03274	03857	03866	03140	03299	
02629	03228	02540	03087	02839	03723	03758	02632	02858	
02218	02927	02002	02743	02404	03589	03650	02120	02411	
01832	02623	01488	02397	01967	03453	03541	01605	01959	
01776	02581	01412	02365	01930	03423	03511	01544	01871	
01764	02576	01389	02364	01915	03419	03508	01528	01865	
01757	02574	01376	02364	01913	03417	03509	01519	01847	
01749	02567	01366	02359	01908	03412	03505	01513	01832	
01746	02564	01359	02357	01907	03410	03505	01509	01822	
01747	02568	01357	02361	01910	03413	03507	01508	01818	
01739	02561	01348	02352	01913	03405	03499	01500	01781	
01735	02556	01343	02347	01910	03401	03494	01495	01774	
01736	02558	01340	02349	01911	03402	03497	01494	01772	
01733	02556	01337	02347	01909	03400	03495	01492	01767	
01729	02553	01334	02342	01906	03395	03492	01488	01762	
01731	02555	01334	02345	01909	03398	03494	01488	01761	
01733	02557	01334	02346	01909	03400	03495	01488	01760	
01728	02552	01330	02340	01904	03395	03491	01487	01755	
01728	02551	01330	02340	01904	03395	03491	01485	01753	
01729	02553	01329	02342	01906	03396	03492	01486	01754	
01725	02549	01327	02338	01902	03391	03489	01485	01752	
01724	02547	01327	02337	01903	03389	03485	01484	01751	
01727	02549	01327	02340	01907	03391	03484	01483	01753	
01724	02547	01323	02336	01905	03388	03479	01481	01750	
01718	02540	01319	02330	01900	03383	03474	01479	01745	
01719	02541	01319	02332	01901	03383	03474	01477	01744	
01718	02539	01316	02330	01898	03381	03475	01476	01742	
01713	02536	01314	02324	01893	03377	03473	01476	01738	
01714	02537	01315	02327	01895	03377	03474	01475	01739	
01717	02541	01317	02330	01898	03381	03479	01476	01740	
01714	02539	01314	02325	01894	03379	03477	01475	01737	
01713	02537	01314	02324	01894	03378	03475	01473	01735	
01717	02540	01314	02328	01898	03381	03475	01474	01737	
01715	02538	01313	02325	01894	03379	03476	01473	01735	
01711	02535	01311	02321	01891	03375	03471	01473	01733	
01715	02538	01313	02325	01895	03379	03475	01474	01736	
01715	02540	01313	02327	01895	03380	03475	01475	01738	
01711	02535	01311	02320	01891	03377	03472	01473	01734	
01713	02536	01312	02322	01894	03378	03472	01474	01734	
01718	02542	01316	02328	01898	03382	03477	01475	01737	
01717	02541	01316	02326	01897	03381	03474	01475	01736	
01718	02541	01318	02327	01899	03382	03475	01477	01737	
01724	02548	01321	02334	01904	03387	03481	01480	01741	
01723	02548	01320	02333	01903	03387	03483	01480	01742	
01719	02542	01317	02329	01900	03384	03480	01479	01739	
01722	02545	01318	02332	01903	03386	03482	01480	01741	
01721	02546	01318	02333	01904	03386	03484	01480	01741	
01717	02542	01318	02330	01901	03382	03480	01479	01739	
01719	02544	01320	02333	01905	03384	03479	01481	01742	
01723	02548	01322	02337	01907	03386	03482	01484	01744	
01720	02545	01320	02332	01903	03382	03478	01482	01741	
01719	02543	01319	02331	01902	03380	03476	01481	01740	
01723	02546	01320	02334	01904	03382	03480	01482	01742	
01721	02544	01318	02332	01901	03380	03480	01480	01740	
01718	02541	01317	02328	01899	03378	03478	01480	01738	
01719	02543	01317	02331	01888	03399	03480	01482	01740	
01719	02543	01315	02330	01887	03399	03478	01482	01739	
01713	02538	01312	02324	01884	03395	03472	01479	01735	
01714	02538	01312	02325	01885	03396	03471	01479	01736	
01717	02541	01314	02328	01887	03398	03473	01478	01736	
01713	02538	01314	02324	01897	03377	03471	01477	01733	
01713	02537	01314	02324	01897	03376	03474	01477	01733	
01718	02542	01317	02329	01900	03380	03478	01479	01735	
01716	02541	01316	02327	01897	03378	03478	01477	01733	
01712	02537	01314	02322	01894	03375	03474	01476	01731	
01716	02541	01315	02326	01897	03377	03476	01476	01733	
01716	02541	01314	02326	01897	03377	03473	01475	01734	
01711	02536	01311	02320	01893	03373	03469	01475	01732	
01712	02536	01311	02321	01894	03373	03468	01475	01732	
01714	02538	01311	02324	01895	03375	03470	01477	01734	
01710	02533	01309	02320	01892	03372	03466	01476	01731	
01709	02531	01310	02320	01892	03372	03466	01476	01731	
01715	02537	01313	02326	01897	03380	03471	01478	01735	
01714	02537	01315	02327	01898	03381	03474	01478	01736	
01715	02537	01317	02326	01899	03381	03475	01477	01736	
01721	02545	01322	02332	01904	03387	03481	01480	01741	
01723	02549	01324	02336	01906	03390	03486	01482	01743	
01720	02545	01322	02331	01904	03386	03485	01482	01741	
01722	02547	01323	02334	01906	03389	03486	01483	01743	
01725	02550	01323	02337	01907	03391	03489	01483	01743	
01721	02545	01321	02332	01903	03387	03485	01481	01740	
01721	02544	01321	02331	01902	03386	03484	01481	01739	
01725	02549	01323	02335	01904	03390	03487	01481	01741	
01724	02548	01321	02331	01902	03389	03486	01481	01739	
01720	02545	01319	02328	01900	03385	03483	01481	01739	
01724	02548	01320	02333	01904	03388	03486	01482	01740	
01724	02548	01319	02333	01904	03388	03485	01481	01740	
01721	02543	01318	02329	01901	03383	03479	01481	01739	
01722	02543	01319	02332	01903	03384	03478	01483	01741	
01723	02544	01319	02333	01902	03384	03478	01482	01741	
01718	02537	01316	02326	01897	03380	03473	01480	01737	
01964	02828	01562	02657	02210	03522	03587	01782	01986	
02315	03140	01947	03011	02642	03666	03704	02225	02344	
02688	03450	02381	03363	03081	03807	03818	02715	02743	
03072	03761	02848	03716	03524	03950	03956	03234	03170	
03482	04075	03341	04073	03955	04095	04095	03758	03621	
03640	04095	03593	04095	04084	04095	04095	03979	03830	
03684	04095	03710	04095	04095	04095	04095	04059	03930	
03717	04095	03789	04095	04095	04095	04095	04089	03998	
03745	04095	03848	04095	04095	04095	04095	04095	04043	
03738	04095	03882	04095	04095	04095	04095	04095	04066	
03739	04095	03909	04095	04095	04095	04095	04095	04080	
03759	04095	03942	04095	04095	04095	04095	04095	04092	
03756	04095	03960	04095	04095	04095	04095	04095	04095	
03744	04095	03969	04095	04095	04095	04095	04095	04095	
03759	04095	03990	04095	04095	04095	04095	04095	04095	
03765	04095	04007	04095	04095	04095	04095	04095	04095	
03751	04095	04013	04095	04095	04095	04095	04095	04095	
03758	04095	04028	04095	04095	04095	04095	04095	04095	
03771	04095	04047	04095	04095	04095	04095	04095	04095	
03761	04095	04051	04095	04095	04095	04095	04095	04095	
03758	04095	04057	04095	04095	04095	04095	04095	04095	
03776	04095	04071	04095	04095	04095	04095	04095	04095	
03774	04095	04076	04095	04095	04095	04095	04095	04095	
03769	04095	04074	04095	04095	04095	04095	04095	04095	
03787	04095	04082	04095	04095	04095	04095	04095	04095	
03796	04095	04087	04095	04095	04095	04095	04095	04095	
03788	04095	04084	04095	04095	04095	04095	04095	04095	
03799	04095	04086	04095	04095	04095	04095	04095	04095	
03817	04095	04091	04095	04095	04095	04095	04095	04095	
03810	04095	04091	04095	04095	04095	04095	04095	04095	
03813	04095	04091	04095	04095	04095	04095	04095	04095	
03829	04095	04094	04095	04095	04095	04095	04095	04095	
03824	04095	04092	04095	04095	04095	04095	04095	04095	
03811	04095	04088	04095	04095	04095	04095	04095	04095	
03821	04095	04089	04095	04095	04095	04095	04095	04095	
03822	04095	04089	04095	04095	04095	04095	04095	04095	
03808	04095	04085	04095	04095	04095	04095	04095	04095	
03817	04095	04087	04095	04095	04095	04095	04095	04095	
03833	04095	04091	04095	04095	04095	04095	04095	04095	
03825	04095	04091	04095	04095	04095	04095	04095	04095	
03826	04095	04091	04095	04095	04095	04095	04095	04095	
03848	04095	04095	04095	04095	04095	04095	04095	04095	
03849	04095	04095	04095	04095	04095	04095	04095	04095	
03844	04095	04095	04095	04095	04095	04095	04095	04095	
03863	04095	04095	04095	04095	04095	04095	04095	04095	
03872	04095	04095	04095	04095	04095	04095	04095	04095	
03859	04095	04095	04095	04095	04095	04095	04095	04095	
03867	04095	04095	04095	04095	04095	04095	04095	04095	
03885	04095	04095	04095	04095	04095	04095	04095	04095	
03877	04095	04095	04095	04095	04095	04095	04095	04095	
03878	04095	04095	04095	04095	04095	04095	04095	04095	
03899	04095	04095	04095	04095	04095	04095	04095	04095	
03898	04095	04095	04095	04095	04095	04095	04095	04095	
03888	04095	04095	04095	04095	04095	04095	04095	04095	
03643	03955	03786	03882	03855	04046	04095	03757	03869	
03259	03694	03290	03554	03474	03891	04048	03244	03496	
02842	03416	02766	03215	03080	03724	03990	02712	03092	
02432	03142	02233	02878	02684	03554	03935	02171	02672	
02018	02871	01692	02536	02285	03380	03855	01626	02240	
01845	02735	01455	02404	02134	03249	03768	01418	02023	
01810	02722	01408	02388	02112	03227	03749	01390	01950	
01797	02726	01389	02385	02105	03216	03741	01380	01909	
01784	02723	01376	02377	02097	03208	03732	01375	01882	
01775	02714	01366	02371	02091	03202	03724	01370	01867	
01774	02708	01357	02372	02077	03220	03727	01364	01863	
01771	02699	01349	02368	02073	03217	03725	01355	01863	
01765	02687	01341	02361	02066	03211	03720	01347	01860	
01764	02685	01338	02361	02065	03209	03719	01342	01857	
01764	02688	01336	02361	02064	03207	03717	01340	01849	
01759	02688	01335	02354	02073	03184	03710	01341	01840	
01758	02690	01336	02354	02072	03182	03709	01342	01834	
01760	02696	01337	02358	02075	03184	03713	01343	01833	
01758	02691	01333	02354	02072	03182	03711	01340	01832	
01754	02683	01330	02350	02071	03181	03710	01337	01834	
01758	02683	01330	02355	02074	03184	03715	01338	01839	
01756	02681	01327	02352	02073	03183	03712	01337	01838	
01751	02677	01324	02346	02067	03177	03707	01336	01830	
01752	02682	01326	02348	02069	03177	03707	01338	01826	
01755	02689	01328	02351	02071	03178	03708	01339	01822	
01752	02685	01326	02346	02067	03176	03704	01338	01819	
01751	02681	01325	02347	02067	03177	03705	01336	01821	
01756	02685	01328	02353	02074	03183	03713	01337	01829	
01756	02683	01328	02352	02073	03184	03714	01338	01833	
01755	02679	01327	02351	02072	03184	03712	01342	01833	
01758	02686	01330	02357	02075	03186	03714	01348	01831	
01759	02693	01332	02358	02076	03186	03716	01352	01828	
01755	02691	01331	02353	02071	03182	03709	01351	01822	
01757	02693	01331	02355	02074	03184	03712	01351	01823	
01759	02694	01332	02357	02076	03186	03715	01349	01827	
01756	02687	01330	02353	02073	03184	03714	01345	01829	
01757	02683	01330	02353	02074	03185	03714	01343	01833	
01761	02688	01331	02358	02078	03187	03719	01344	01834	
01758	02688	01330	02354	02074	03184	03717	01345	01829	
01755	02687	01330	02351	02071	03182	03711	01346	01822	
01759	02693	01331	02355	02076	03184	03713	01350	01823	
01760	02693	01331	02355	02076	03185	03713	01350	01823	
01756	02685	01328	02350	02072	03183	03709	01348	01824	
01759	02684	01330	02354	02076	03184	03709	01348	01829	
01759	02685	01329	02354	02077	03184	03709	01349	01830	
01754	02681	01327	02348	02071	03179	03702	01348	01824	
01751	02682	01325	02345	02069	03177	03700	01348	01818	
01751	02686	01326	02348	02070	03178	03702	01348	01814	
01746	02683	01323	02342	02065	03175	03700	01346	01810	
01744	02679	01322	02340	02063	03174	03699	01344	01811	
01748	02679	01322	02345	02067	03177	03705	01344	01817	
01749	02677	01322	02345	02065	03176	03705	01340	01820	
01747	02674	01321	02342	02062	03174	03704	01338	01820	
01750	02677	01322	02345	02066	03176	03704	01338	01821	
01752	02681	01322	02347	02067	03177	03705	01338	01820	
01748	02678	01321	02342	02063	03173	03702	01335	01815	
01749	02678	01320	02343	02064	03172	03702	01335	01815	
01752	02679	01320	02347	02068	03175	03706	01333	01819	
01749	02673	01318	02344	02064	03174	03706	01330	01820	
01745	02665	01314	02338	02060	03171	03703	01326	01820	
01749	02669	01316	02343	02054	03174	03705	01327	01849	
01998	02952	01567	02680	02356	03359	03776	01635	02096	
02332	03234	01952	03027	02744	03541	03841	02094	02442	
02713	03522	02397	03379	03155	03725	03910	02615	02839	
03116	03810	02880	03733	03566	03911	04004	03167	03265	
03509	04092	03376	04081	03970	04095	04095	03719	03676	
03663	04095	03632	04095	04076	04095	04095	03964	03877	
03739	04095	03768	04095	04095	04095	04095	04060	03984	
03755	04095	03849	04095	04095	04095	04095	04093	04041	
03748	04095	03901	04095	04095	04095	04095	04095	04071	
03759	04095	03947	04095	04095	04095	04095	04095	04088	
03755	04095	03982	04095	04095	04095	04095	04095	04095	
03735	04095	03999	04095	04095	04095	04095	04095	04095	
03741	04095	04022	04095	04095	04095	04095	04095	04095	
03755	04095	04045	04095	04095	04095	04095	04095	04095	
03746	04095	04053	04095	04095	04095	04095	04095	04095	
03745	04095	04064	04095	04095	04095	04095	04095	04095	
03764	04095	04079	04095	04095	04095	04095	04095	04095	
03764	04095	04082	04095	04095	04095	04095	04095	04095	
03761	04095	04080	04095	04095	04095	04095	04095	04095	
03785	04095	04085	04095	04095	04095	04095	04095	04095	
03804	04095	04087	04095	04095	04095	04095	04095	04095	
03806	04095	04085	04095	04095	04095	04095	04095	04095	
03826	04095	04089	04095	04095	04095	04095	04095	04095	
03850	04095	04093	04095	04095	04095	04095	04095	04095	
03846	04095	04093	04095	04095	04095	04095	04095	04095	
03846	04095	04093	04095	04095	04095	04095	04095	04095	
03865	04095	04095	04095	04095	04095	04095	04095	04095	
03863	04095	04095	04095	04095	04095	04095	04095	04095	
03850	04095	04095	04095	04095	04095	04095	04095	04095	
03863	04095	04095	04095	04095	04095	04095	04095	04095	
03870	04095	04095	04095	04095	04095	04095	04095	04095	
03854	04095	04095	04095	04095	04095	04095	04095	04095	
03860	04095	04095	04095	04095	04095	04095	04095	04095	
03876	04095	04095	04095	04095	04095	04095	04095	04095	
03868	04095	04095	04095	04095	04095	04095	04095	04095	
03870	04095	04095	04095	04095	04095	04095	04095	04095	
03895	04095	04095	04095	04095	04095	04095	04095	04095	
03903	04095	04095	04095	04095	04095	04095	04095	04095	
03899	04095	04095	04095	04095	04095	04095	04095	04095	
03920	04095	04095	04095	04095	04095	04095	04095	04095	
03932	04095	04095	04095	04095	04095	04095	04095	04095	
03924	04095	04095	04095	04095	04095	04095	04095	04095	
03932	04095	04095	04095	04095	04095	04095	04095	04095	
03949	04095	04095	04095	04095	04095	04095	04095	04095	
03940	04095	04095	04095	04095	04095	04095	04095	04095	
03935	04095	04095	04095	04095	04095	04095	04095	04095	
03951	04095	04095	04095	04095	04095	04095	04095	04095	
03949	04095	04095	04095	04095	04095	04095	04095	04095	
03937	04095	04095	04095	04095	04095	04095	04095	04095	
03947	04095	04095	04095	04095	04095	04095	04095	04095	
03949	04095	04095	04095	04095	04095	04095	04095	04095	
03929	04095	04095	04095	04095	04095	04095	04095	04095	
03929	04095	04095	04095	04095	04095	04095	04095	04095	
03939	04095	04095	04095	04095	04095	04095	04095	04095	
03927	04095	04095	04095	04095	04095	04095	04095	04095	
03922	04095	04095	04095	04095	04095	04095	04095	04095	
03937	04095	04095	04095	04095	04095	04095	04095	04095	
03935	04095	04095	04095	04095	04095	04095	04095	04095	
03922	04095	04095	04095	04095	04095	04095	04095	04095	
03685	03974	03770	03899	03869	04030	04095	03738	03851	
03302	03738	03244	03584	03500	03839	04068	03202	03430	
02875	03474	02679	03243	03104	03616	04017	02638	02963	
02450	03206	02104	02901	02705	03391	03961	02066	02482	
02026	02938	01522	02557	02305	03165	03884	01491	01995	
01833	02785	01260	02405	02138	03000	03802	01271	01745	
01785	02747	01201	02373	02102	02960	03768	01229	01669	
01772	02741	01182	02370	02097	02952	03764	01217	01641	
01762	02736	01172	02366	02091	02948	03761	01210	01622	
01754	02729	01165	02362	02085	02943	03756	01206	01609	
01756	02732	01161	02364	02087	02945	03759	01204	01602	
01755	02734	01159	02365	02086	02945	03764	01204	01597	
01750	02728	01154	02359	02080	02941	03760	01202	01590	
01749	02728	01152	02360	02081	02941	03762	01203	01588	
01751	02731	01149	02362	02084	02942	03765	01203	01587	
01746	02728	01148	02358	02080	02939	03763	01202	01583	
01744	02725	01147	02356	02079	02937	03759	01201	01581	
01748	02729	01147	02360	02083	02939	03761	01201	01580	
01747	02727	01147	02358	02081	02938	03757	01199	01577	
01743	02722	01146	02354	02078	02935	03752	01198	01574	
01745	02724	01146	02358	02081	02935	03753	01197	01574	
01745	02726	01146	02359	02082	02935	03756	01198	01573	
01739	02721	01144	02354	02076	02932	03753	01197	01571	
01739	02721	01144	02354	02077	02934	03752	01196	01571	
01741	02722	01143	02355	02078	02934	03755	01195	01569	
01735	02716	01139	02348	02072	02930	03749	01191	01565	
01733	02711	01137	02344	02068	02926	03744	01189	01562	
01734	02713	01136	02346	02070	02927	03746	01187	01560	
01731	02709	01132	02342	02066	02923	03743	01185	01557	
01727	02705	01131	02338	02062	02921	03739	01183	01555	
01730	02709	01131	02341	02067	02923	03742	01186	01557	
01732	02712	01131	02342	02068	02924	03744	01187	01557	
01730	02709	01131	02338	02064	02923	03743	01187	01556	
01732	02710	01131	02339	02065	02924	03745	01189	01556	
01735	02715	01132	02343	02069	02926	03749	01190	01557	
01733	02712	01132	02340	02065	02923	03747	01188	01556	
01731	02708	01132	02339	02063	02922	03745	01188	01554	
01735	02712	01133	02343	02068	02924	03746	01187	01555	
01734	02711	01133	02343	02067	02924	03745	01186	01556	
01730	02707	01132	02340	02063	02920	03741	01186	01554	
01734	02710	01134	02344	02057	02922	03744	01189	01583	
01736	02713	01136	02347	02061	02924	03747	01190	01586	
01732	02710	01136	02343	02059	02923	03745	01191	01586	
01733	02712	01138	02345	02061	02925	03748	01192	01586	
01738	02717	01139	02350	02066	02928	03752	01194	01589	
01735	02716	01138	02347	02074	02927	03750	01192	01560	
01733	02713	01138	02346	02073	02927	03746	01191	01559	
01738	02717	01139	02350	02075	02929	03751	01191	01559	
01738	02717	01139	02349	02073	02929	03751	01190	01558	
01734	02713	01138	02345	02070	02928	03748	01190	01557	
01736	02715	01138	02347	02072	02930	03750	01191	01559	
01739	02719	01138	02349	02074	02931	03755	01193	01561	
01735	02715	01136	02344	02070	02929	03751	01194	01559	
01737	02717	01137	02345	02072	02930	03754	01195	01561	
01741	02721	01138	02349	02077	02932	03758	01197	01563	
01739	02719	01138	02347	02074	02931	03756	01196	01561	
01737	02715	01139	02346	02072	02929	03752	01195	01560	
01739	02717	01139	02350	02075	02930	03751	01194	01560	
01824	02827	01210	02459	02179	03060	03809	01278	01650	
02137	03100	01566	02807	02544	03292	03889	01692	01989	
02514	03376	02014	03157	02939	03527	03972	02202	02407	
02913	03654	02505	03508	03347	03761	04034	02756	02865	
03312	03930	03018	03856	03754	03994	04095	03331	03344	
03637	04095	03478	04095	04055	04095	04095	03826	03747	
03745	04095	03674	04095	04095	04095	04095	03991	03914	
03781	04095	03785	04095	04095	04095	04095	04062	04004	
03790	04095	03854	04095	04095	04095	04095	04088	04053	
03807	04095	03913	04095	04095	04095	04095	04095	04082	
03807	04095	03956	04095	04095	04095	04095	04095	04095	
03788	04095	03981	04095	04095	04095	04095	04095	04095	
03790	04095	04008	04095	04095	04095	04095	04095	04095	
03798	04095	04035	04095	04095	04095	04095	04095	04095	
03788	04095	04047	04095	04095	04095	04095	04095	04095	
03791	04095	04058	04095	04095	04095	04095	04095	04095	
03817	04095	04073	04095	04095	04095	04095	04095	04095	
03824	04095	04082	04095	04095	04095	04095	04095	04095	
03827	04095	04085	04095	04095	04095	04095	04095	04095	
03854	04095	04091	04095	04095	04095	04095	04095	04095	
03873	04095	04095	04095	04095	04095	04095	04095	04095	
03869	04095	04095	04095	04095	04095	04095	04095	04095	
03886	04095	04095	04095	04095	04095	04095	04095	04095	
03909	04095	04095	04095	04095	04095	04095	04095	04095	
03907	04095	04095	04095	04095	04095	04095	04095	04095	
03911	04095	04095	04095	04095	04095	04095	04095	04095	
03932	04095	04095	04095	04095	04095	04095	04095	04095	
03931	04095	04095	04095	04095	04095	04095	04095	04095	
03923	04095	04095	04095	04095	04095	04095	04095	04095	
03936	04095	04095	04095	04095	04095	04095	04095	04095	
03944	04095	04095	04095	04095	04095	04095	04095	04095	
03935	04095	04095	04095	04095	04095	04095	04095	04095	
03944	04095	04095	04095	04095	04095	04095	04095	04095	
03960	04095	04095	04095	04095	04095	04095	04095	04095	
03952	04095	04095	04095	04095	04095	04095	04095	04095	
03951	04095	04095	04095	04095	04095	04095	04095	04095	
03967	04095	04095	04095	04095	04095	04095	04095	04095	
03968	04095	04095	04095	04095	04095	04095	04095	04095	
03960	04095	04095	04095	04095	04095	04095	04095	04095	
03973	04095	04095	04095	04095	04095	04095	04095	04095	
03980	04095	04095	04095	04095	04095	04095	04095	04095	
03968	04095	04095	04095	04095	04095	04095	04095	04095	
03973	04095	04095	04095	04095	04095	04095	04095	04095	
03987	04095	04095	04095	04095	04095	04095	04095	04095	
03979	04095	04095	04095	04095	04095	04095	04095	04095	
03975	04095	04095	04095	04095	04095	04095	04095	04095	
03989	04095	04095	04095	04095	04095	04095	04095	04095	
03987	04095	04095	04095	04095	04095	04095	04095	04095	
03974	04095	04095	04095	04095	04095	04095	04095	04095	
03594	03895	03579	03810	03792	03910	04085	03605	03710	
03145	03647	02990	03484	03434	03677	04047	03052	03235	
02666	03386	02382	03147	03064	03434	03979	02486	02727	
02191	03123	01767	02809	02706	03186	03907	01915	02206	
01761	02895	01186	02503	02372	02969	03878	01375	01727	
01671	02830	01088	02447	02306	02905	03838	01294	01597	
01644	02811	01061	02432	02289	02887	03824	01272	01550	
01635	02806	01047	02427	02287	02878	03819	01262	01526	
01627	02799	01038	02421	02281	02871	03813	01256	01512	
01579	02755	00998	02383	02237	02834	03787	01220	01462	
01574	02751	00990	02381	02230	02830	03782	01213	01447	
01570	02750	00985	02380	02227	02827	03779	01210	01440	
01564	02743	00981	02374	02220	02824	03773	01206	01435	
01563	02742	00979	02375	02219	02824	03773	01205	01433	
01563	02745	00978	02377	02221	02823	03775	01204	01430	
01558	02740	00976	02373	02216	02820	03774	01203	01427	
01556	02736	00975	02370	02213	02818	03772	01203	01423	
01557	02737	00974	02372	02214	02817	03771	01202	01421	
01554	02734	00971	02367	02209	02814	03767	01199	01418	
01549	02726	00967	02360	02202	02809	03761	01196	01414	
01549	02727	00966	02360	02203	02809	03760	01193	01410	
01547	02727	00963	02358	02202	02806	03760	01190	01406	
01543	02722	00962	02354	02197	02804	03757	01188	01402	
01542	02722	00961	02353	02198	02803	03756	01188	01402	
01544	02725	00962	02356	02201	02804	03759	01188	01402	
01541	02722	00961	02354	02197	02802	03755	01188	01401	
01540	02719	00961	02352	02195	02800	03753	01187	01400	
01542	02722	00961	02355	02199	02803	03757	01188	01401	
01542	02723	00961	02354	02198	02803	03757	01187	01401	
01539	02718	00960	02350	02193	02801	03752	01187	01400	
01541	02720	00960	02353	02197	02803	03755	01186	01400	
01543	02722	00960	02354	02200	02804	03755	01188	01401	
01541	02719	00959	02351	02196	02802	03752	01188	01400	
01542	02718	00960	02352	02187	02803	03754	01190	01430	
01547	02725	00963	02358	02192	02807	03759	01192	01432	
01546	02725	00964	02357	02191	02807	03759	01193	01431	
01547	02724	00966	02358	02191	02809	03761	01193	01432	
01552	02731	00969	02363	02197	02813	03767	01196	01435	
01551	02733	00970	02364	02209	02813	03768	01196	01409	
01549	02730	00969	02360	02206	02811	03766	01195	01407	
01551	02732	00970	02363	02209	02813	03767	01196	01407	
01552	02735	00970	02364	02212	02814	03767	01196	01407	
01548	02731	00970	02360	02208	02812	03763	01197	01408	
01549	02731	00971	02361	02208	02813	03763	01197	01408	
01551	02735	00970	02364	02212	02815	03766	01199	01410	
01550	02734	00970	02363	02210	02813	03766	01199	01410	
01548	02731	00969	02360	02206	02811	03766	01200	01410	
01551	02735	00970	02364	02211	02815	03770	01200	01411	
01550	02736	00969	02363	02210	02814	03769	01200	01411	
01548	02732	00970	02361	02206	02812	03766	01200	01409	
01549	02732	00967	02360	02206	02811	03763	01198	01408	
01549	02734	00966	02361	02207	02811	03763	01198	01408	
01545	02727	00964	02356	02200	02806	03758	01195	01406	
01543	02724	00963	02355	02198	02804	03757	01195	01404	
01544	02727	00962	02356	02201	02805	03759	01194	01403	
01542	02725	00962	02355	02198	02804	03761	01193	01401	
01541	02723	00963	02353	02196	02803	03756	01192	01399	
01545	02726	00963	02357	02201	02805	03758	01194	01401	
01789	02989	01197	02675	02479	03064	03839	01470	01647	
02156	03261	01605	03021	02850	03321	03896	01925	02039	
02577	03536	02090	03370	03233	03580	03954	02448	02500	
03021	03811	02618	03719	03616	03839	04015	03009	02997	
03458	04083	03170	04065	03995	04095	04095	03582	03509	
03655	04095	03506	04095	04087	04095	04095	03885	03792	
03739	04095	03682	04095	04095	04095	04095	04011	03938	
03768	04095	03789	04095	04095	04095	04095	04068	04018	
03773	04095	03856	04095	04095	04095	04095	04089	04061	
03801	04095	03916	04095	04095	04095	04095	04095	04085	
03830	04095	03965	04095	04095	04095	04095	04095	04095	
03839	04095	03996	04095	04095	04095	04095	04095	04095	
03862	04095	04025	04095	04095	04095	04095	04095	04095	
03896	04095	04055	04095	04095	04095	04095	04095	04095	
03903	04095	04070	04095	04095	04095	04095	04095	04095	
03908	04095	04079	04095	04095	04095	04095	04095	04095	
03933	04095	04090	04095	04095	04095	04095	04095	04095	
03944	04095	04095	04095	04095	04095	04095	04095	04095	
03938	04095	04095	04095	04095	04095	04095	04095	04095	
03953	04095	04095	04095	04095	04095	04095	04095	04095	
03968	04095	04095	04095	04095	04095	04095	04095	04095	
03958	04095	04095	04095	04095	04095	04095	04095	04095	
03958	04095	04095	04095	04095	04095	04095	04095	04095	
03972	04095	04095	04095	04095	04095	04095	04095	04095	
03966	04095	04095	04095	04095	04095	04095	04095	04095	
03955	04095	04095	04095	04095	04095	04095	04095	04095	
03966	04095	04095	04095	04095	04095	04095	04095	04095	
03967	04095	04095	04095	04095	04095	04095	04095	04095	
03953	04095	04095	04095	04095	04095	04095	04095	04095	
03956	04095	04095	04095	04095	04095	04095	04095	04095	
03966	04095	04095	04095	04095	04095	04095	04095	04095	
03956	04095	04095	04095	04095	04095	04095	04095	04095	
03955	04095	04095	04095	04095	04095	04095	04095	04095	
03972	04095	04095	04095	04095	04095	04095	04095	04095	
03973	04095	04095	04095	04095	04095	04095	04095	04095	
03969	04095	04095	04095	04095	04095	04095	04095	04095	
03988	04095	04095	04095	04095	04095	04095	04095	04095	
04000	04095	04095	04095	04095	04095	04095	04095	04095	
03995	04095	04095	04095	04095	04095	04095	04095	04095	
04006	04095	04095	04095	04095	04095	04095	04095	04095	
04023	04095	04095	04095	04095	04095	04095	04095	04095	
04015	04095	04095	04095	04095	04095	04095	04095	04095	
04016	04095	04095	04095	04095	04095	04095	04095	04095	
04035	04095	04095	04095	04095	04095	04095	04095	04095	
04038	04095	04095	04095	04095	04095	04095	04095	04095	
04030	04095	04095	04095	04095	04095	04095	04095	04095	
04047	04095	04095	04095	04095	04095	04095	04095	04095	
04053	04095	04095	04095	04095	04095	04095	04095	04095	
04039	04095	04095	04095	04095	04095	04095	04095	04095	
04041	04095	04095	04095	04095	04095	04095	04095	04095	
04055	04095	04095	04095	04095	04095	04095	04095	04095	
04047	04095	04095	04095	04095	04095	04095	04095	04095	
04044	04095	04095	04095	04095	04095	04095	04095	04095	
04021	04095	04078	04095	04095	04095	04095	04095	04095	
03566	03866	03515	03750	03770	03877	04044	03564	03606	
03067	03613	02915	03388	03433	03638	03979	03005	03072	
02574	03352	02306	03022	03078	03392	03931	02436	02522	
02080	03090	01692	02656	02721	03143	03881	01863	01963	
01607	02821	01090	02283	02357	02890	03826	01288	01400	
01552	02779	01029	02254	02315	02854	03799	01242	01322	
01534	02764	01005	02242	02294	02837	03788	01222	01286	
01522	02753	00991	02231	02275	02827	03780	01211	01265	
01512	02742	00980	02222	02259	02818	03773	01204	01252	
01510	02741	00976	02220	02255	02815	03772	01201	01243	
01506	02738	00972	02216	02252	02812	03771	01197	01236	
01500	02731	00967	02211	02251	02807	03766	01195	01232	
01499	02731	00966	02212	02256	02807	03764	01193	01229	
01498	02731	00964	02211	02259	02806	03762	01191	01226	
01492	02726	00961	02205	02252	02801	03758	01188	01223	
01493	02725	00960	02205	02252	02801	03756	01186	01222	
01495	02728	00960	02207	02254	02801	03756	01185	01220	
01492	02724	00958	02203	02249	02798	03754	01184	01218	
01490	02722	00959	02201	02248	02797	03752	01184	01217	
01491	02724	00959	02204	02254	02799	03756	01186	01217	
01489	02724	00959	02203	02254	02799	03758	01187	01217	
01489	02721	00960	02202	02241	02799	03757	01188	01245	
01494	02725	00962	02206	02244	02802	03762	01190	01246	
01496	02730	00963	02210	02245	02806	03767	01193	01248	
01495	02729	00964	02208	02242	02806	03767	01194	01249	
01497	02730	00965	02209	02242	02806	03768	01195	01250	
01499	02735	00965	02212	02256	02808	03771	01195	01223	
01498	02732	00964	02210	02254	02806	03770	01194	01222	
01495	02728	00963	02208	02253	02804	03767	01192	01221	
01496	02730	00963	02210	02256	02805	03768	01190	01220	
01496	02730	00963	02210	02257	02805	03768	01190	01220	
01495	02727	00963	02207	02256	02803	03765	01189	01218	
01497	02730	00964	02208	02256	02804	03765	01191	01218	
01498	02733	00965	02211	02259	02806	03770	01193	01220	
01497	02731	00966	02209	02257	02804	03768	01194	01220	
01498	02729	00966	02209	02257	02803	03768	01194	01219	
01500	02733	00966	02213	02258	02805	03772	01196	01220	
01500	02731	00966	02211	02258	02805	03771	01195	01221	
01496	02727	00962	02205	02253	02801	03764	01192	01218	
01496	02726	00960	02204	02251	02801	03762	01191	01217	
01496	02726	00959	02202	02247	02800	03760	01189	01216	
01492	02719	00956	02197	02242	02796	03753	01185	01212	
01490	02717	00954	02195	02243	02794	03751	01183	01209	
01490	02720	00954	02196	02246	02796	03753	01183	01210	
01488	02718	00953	02194	02246	02795	03750	01183	01209	
01487	02716	00953	02193	02246	02794	03748	01183	01209	
01490	02719	00954	02197	02247	02796	03751	01185	01212	
01491	02719	00954	02196	02247	02796	03749	01186	01213	
01490	02715	00954	02194	02243	02794	03748	01186	01212	
01491	02718	00954	02196	02248	02796	03750	01187	01213	
01493	02720	00954	02197	02250	02797	03754	01188	01214	
01490	02716	00953	02194	02248	02795	03751	01186	01212	
01489	02715	00953	02194	02247	02794	03750	01185	01210	
01491	02719	00954	02197	02246	02796	03750	01184	01210	
01489	02716	00954	02194	02243	02794	03748	01183	01209	
01492	02717	00956	02194	02243	02795	03746	01183	01210	
01496	02724	00959	02200	02247	02799	03752	01187	01214	
01753	02999	01202	02553	02535	03059	03814	01479	01476	
02141	03273	01615	02932	02909	03319	03873	01937	01893	
02586	03551	02103	03314	03281	03579	03935	02462	02382	
03052	03824	02633	03693	03653	03837	04017	03018	02913	
03517	04094	03182	04069	04009	04095	04095	03586	03466	
03738	04095	03508	04095	04095	04095	04095	03877	03778	
03842	04095	03679	04095	04095	04095	04095	04002	03938	
03886	04095	03780	04095	04095	04095	04095	04059	04025	
03905	04095	03845	04095	04095	04095	04095	04083	04070	
03936	04095	03904	04095	04095	04095	04095	04095	04091	
03954	04095	03945	04095	04095	04095	04095	04095	04095	
03953	04095	03971	04095	04095	04095	04095	04095	04095	
03967	04095	03998	04095	04095	04095	04095	04095	04095	
03987	04095	04025	04095	04095	04095	04095	04095	04095	
03982	04095	04035	04095	04095	04095	04095	04095	04095	
03982	04095	04044	04095	04095	04095	04095	04095	04095	
03999	04095	04059	04095	04095	04095	04095	04095	04095	
03999	04095	04065	04095	04095	04095	04095	04095	04095	
03988	04095	04063	04095	04095	04095	04095	04095	04095	
04001	04095	04073	04095	04095	04095	04095	04095	04095	
04008	04095	04081	04095	04095	04095	04095	04095	04095	
03996	04095	04080	04095	04095	04095	04095	04095	04095	
03999	04095	04085	04095	04095	04095	04095	04095	04095	
04013	04095	04091	04095	04095	04095	04095	04095	04095	
04005	04095	04091	04095	04095	04095	04095	04095	04095	
04001	04095	04091	04095	04095	04095	04095	04095	04095	
04018	04095	04095	04095	04095	04095	04095	04095	04095	
04021	04095	04095	04095	04095	04095	04095	04095	04095	
04013	04095	04095	04095	04095	04095	04095	04095	04095	
04027	04095	04095	04095	04095	04095	04095	04095	04095	
04039	04095	04095	04095	04095	04095	04095	04095	04095	
04033	04095	04095	04095	04095	04095	04095	04095	04095	
04041	04095	04095	04095	04095	04095	04095	04095	04095	
04059	04095	04095	04095	04095	04095	04095	04095	04095	
04058	04095	04095	04095	04095	04095	04095	04095	04095	
04056	04095	04095	04095	04095	04095	04095	04095	04095	
04070	04095	04095	04095	04095	04095	04095	04095	04095	
04073	04095	04095	04095	04095	04095	04095	04095	04095	
04065	04095	04095	04095	04095	04095	04095	04095	04095	
04073	04095	04095	04095	04095	04095	04095	04095	04095	
03630	03894	03606	03741	03823	03928	04088	03628	03684	
03084	03613	03017	03313	03473	03693	04036	03074	03160	
02749	03574	02620	03220	03369	03693	04036	02756	02851	
02207	03293	02020	02791	03027	03454	03957	02197	02312	
01641	02995	01402	02349	02674	03200	03863	01624	01753	
01524	02894	01272	02258	02573	03113	03798	01514	01598	
01506	02882	01247	02252	02562	03105	03796	01499	01563	
01281	02630	01030	01913	02306	02865	03748	01250	01312	
01257	02604	01005	01895	02275	02846	03739	01228	01280	
01250	02596	00995	01891	02266	02840	03743	01221	01265	
01245	02592	00988	01886	02262	02835	03746	01215	01256	
01233	02575	00976	01872	02246	02818	03724	01203	01242	
01223	02558	00963	01857	02231	02800	03699	01190	01227	
01223	02559	00963	01858	02234	02801	03693	01190	01224	
01221	02558	00961	01856	02234	02799	03683	01189	01222	
01219	02554	00959	01854	02233	02797	03677	01188	01221	
01220	02557	00961	01856	02235	02799	03683	01188	01219	
01218	02556	00960	01853	02232	02797	03689	01186	01217	
01215	02551	00957	01849	02224	02794	03692	01185	01215	
01216	02552	00956	01849	02223	02795	03698	01185	01215	
01217	02554	00958	01852	02225	02796	03701	01186	01216	
01216	02551	00956	01851	02224	02794	03695	01186	01215	
01216	02551	00956	01851	02227	02794	03689	01186	01216	
01219	02554	00955	01851	02233	02796	03686	01186	01215	
01217	02551	00955	01851	02221	02795	03684	01186	01243	
01217	02550	00956	01851	02219	02795	03689	01188	01242	
01220	02555	00960	01855	02222	02798	03697	01190	01244	
01223	02558	00962	01857	02223	02800	03704	01191	01245	
01224	02557	00964	01858	02221	02800	03704	01193	01247	
01224	02560	00965	01859	02236	02803	03703	01195	01220	
01225	02563	00965	01859	02241	02804	03698	01195	01221	
01223	02560	00963	01857	02238	02801	03692	01193	01219	
01222	02558	00963	01855	02237	02801	03690	01192	01218	
01223	02562	00964	01857	02240	02803	03695	01193	01218	
01222	02560	00964	01856	02236	02802	03697	01191	01218	
01222	02557	00964	01855	02232	02800	03699	01191	01216	
01223	02560	00964	01857	02235	02803	03702	01193	01218	
01224	02561	00964	01858	02239	02804	03699	01194	01219	
01222	02557	00961	01855	02237	02801	03692	01194	01218	
01223	02557	00962	01856	02240	02802	03690	01194	01218	
01224	02560	00962	01857	02243	02804	03692	01194	01219	
01220	02556	00960	01852	02236	02800	03689	01190	01216	
01219	02553	00959	01850	02230	02798	03689	01189	01214	
01220	02554	00959	01851	02231	02799	03694	01188	01213	
01217	02552	00957	01848	02228	02797	03691	01187	01213	
01213	02548	00955	01846	02224	02793	03687	01185	01210	
01215	02550	00957	01849	02231	02795	03687	01186	01210	
01216	02552	00957	01850	02233	02795	03687	01186	01211	
01214	02549	00956	01847	02228	02793	03684	01186	01210	
01216	02551	00957	01847	02228	02794	03687	01185	01209	
01217	02554	00958	01849	02231	02797	03692	01187	01212	
01215	02552	00956	01846	02226	02796	03691	01187	01212	
01214	02549	00955	01845	02224	02795	03687	01186	01211	
01231	02575	00971	01871	02248	02828	03716	01201	01227	
01605	02882	01318	02321	02611	03088	03809	01602	01586	
02059	03190	01766	02769	02986	03346	03879	02089	02041	
02561	03501	02270	03219	03363	03607	03952	02625	02553	
03085	03812	02805	03669	03740	03868	04028	03186	03097	
03597	04095	03344	04095	04095	04095	04095	03740	03646	
03763	04095	03567	04095	04095	04095	04095	03921	03865	
03863	04095	03701	04095	04095	04095	04095	04015	03985	
03910	04095	03783	04095	04095	04095	04095	04061	04051	
03937	04095	03839	04095	04095	04095	04095	04083	04083	
03972	04095	03889	04095	04095	04095	04095	04095	04095	
03993	04095	03925	04095	04095	04095	04095	04095	04095	
03994	04095	03945	04095	04095	04095	04095	04095	04095	
04009	04095	03968	04095	04095	04095	04095	04095	04095	
04029	04095	03993	04095	04095	04095	04095	04095	04095	
04024	04095	04003	04095	04095	04095	04095	04095	04095	
04025	04095	04014	04095	04095	04095	04095	04095	04095	
04041	04095	04033	04095	04095	04095	04095	04095	04095	
04040	04095	04042	04095	04095	04095	04095	04095	04095	
04030	04095	04044	04095	04095	04095	04095	04095	04095	
04041	04095	04056	04095	04095	04095	04095	04095	04095	
04043	04095	04065	04095	04095	04095	04095	04095	04095	
04025	04095	04060	04095	04095	04095	04095	04095	04095	
04022	04095	04063	04095	04095	04095	04095	04095	04095	
04027	04095	04070	04095	04095	04095	04095	04095	04095	
04014	04095	04066	04095	04095	04095	04095	04095	04095	
04007	04095	04062	04095	04095	04095	04095	04095	04095	
04023	04095	04071	04095	04095	04095	04095	04095	04095	
04025	04095	04074	04095	04095	04095	04095	04095	04095	
04018	04095	04070	04095	04095	04095	04095	04095	04095	
04032	04095	04077	04095	04095	04095	04095	04095	04095	
04044	04095	04081	04095	04095	04095	04095	04095	04095	
04036	04095	04073	04095	04095	04095	04095	04095	04095	
04041	04095	04069	04095	04095	04095	04095	04095	04095	
04055	04095	04073	04095	04095	04095	04095	04095	04095	
04049	04095	04064	04095	04095	04095	04095	04095	04095	
04042	04095	04055	04095	04095	04095	04095	04095	04095	
04055	04095	04057	04095	04095	04095	04095	04095	04095	
04058	04095	04059	04095	04095	04095	04095	04095	04095	
04050	04095	04053	04095	04095	04095	04095	04095	04095	
04062	04095	04060	04095	04095	04095	04095	04095	04095	
04074	04095	04069	04095	04095	04095	04095	04095	04095	
04067	04095	04067	04095	04095	04095	04095	04095	04095	
04070	04095	04068	04095	04095	04095	04095	04095	04095	
04081	04095	04077	04095	04095	04095	04095	04095	04095	
04077	04095	04075	04095	04095	04095	04095	04095	04095	
04070	04095	04071	04095	04095	04095	04095	04095	04095	
04079	04095	04078	04095	04095	04095	04095	04095	04095	
04080	04095	04081	04095	04095	04095	04095	04095	04095	
04032	04095	04038	04095	04095	04095	04095	04089	04095	
03513	03807	03476	03677	03768	03874	04016	03555	03602	
02964	03490	02877	03241	03421	03630	03919	02992	03062	
02400	03156	02265	02800	03049	03380	03839	02421	02507	
01835	02818	01651	02357	02679	03128	03755	01847	01946	
01316	02484	01078	01915	02307	02878	03673	01279	01384	
01267	02435	01021	01885	02258	02842	03641	01235	01307	
01249	02411	00998	01872	02240	02828	03626	01218	01276	
01242	02400	00988	01869	02235	02823	03621	01211	01261	
01235	02393	00981	01864	02227	02816	03616	01206	01250	
01227	02386	00972	01857	02220	02808	03609	01199	01239	
01226	02387	00970	01857	02220	02807	03608	01198	01236	
01225	02387	00968	01856	02219	02806	03608	01196	01231	
01221	02384	00964	01851	02216	02803	03602	01194	01228	
01221	02383	00963	01850	02215	02803	03600	01193	01226	
01221	02385	00964	01852	02217	02805	03601	01194	01226	
01220	02382	00961	01851	02215	02803	03601	01194	01225	
01219	02380	00960	01850	02214	02803	03599	01194	01224	
01221	02384	00962	01851	02217	02805	03602	01194	01224	
01220	02387	00962	01851	02217	02805	03604	01193	01223	
01218	02385	00960	01849	02214	02802	03602	01192	01221	
01219	02385	00961	01850	02217	02803	03602	01192	01221	
01221	02385	00962	01853	02208	02805	03606	01195	01251	
01219	02382	00961	01852	02206	02802	03604	01195	01251	
01221	02384	00963	01853	02207	02804	03603	01196	01252	
01223	02389	00965	01856	02211	02806	03608	01198	01253	
01223	02390	00965	01855	02210	02806	03609	01198	01253	
01222	02387	00964	01853	02218	02804	03606	01197	01223	
01222	02388	00965	01853	02220	02805	03606	01196	01222	
01222	02386	00964	01854	02220	02804	03608	01195	01221	
01221	02380	00963	01851	02215	02802	03603	01194	01220	
01222	02374	00964	01852	02213	02803	03604	01194	01220	
01223	02372	00965	01854	02212	02805	03606	01195	01221	
01221	02368	00964	01852	02207	02804	03607	01194	01221	
01221	02365	00964	01852	02206	02804	03607	01196	01221	
01223	02367	00964	01854	02209	02806	03611	01197	01221	
01221	02366	00963	01851	02207	02802	03610	01195	01219	
01219	02364	00961	01847	02204	02799	03606	01193	01217	
01219	02366	00962	01849	02207	02799	03605	01193	01218	
01217	02365	00960	01845	02203	02796	03601	01189	01215	
01214	02360	00957	01841	02197	02791	03594	01186	01212	
01213	02359	00956	01841	02198	02792	03593	01185	01211	
01214	02363	00956	01842	02201	02793	03595	01186	01211	
01212	02363	00953	01839	02200	02790	03592	01184	01209	
01213	02364	00952	01839	02201	02791	03590	01184	01209	
01213	02365	00953	01841	02203	02792	03594	01185	01209	
01213	02360	00953	01839	02199	02789	03593	01184	01208	
01210	02354	00951	01836	02194	02786	03588	01182	01207	
01211	02354	00952	01837	02195	02788	03590	01184	01208	
01211	02355	00953	01838	02196	02788	03590	01184	01208	
01210	02354	00952	01834	02194	02787	03588	01182	01207	
01210	02356	00952	01835	02198	02787	03587	01183	01207	
01212	02361	00953	01837	02202	02789	03590	01183	01207	
01211	02361	00952	01836	02201	02787	03590	01182	01206	
01211	02359	00951	01835	02198	02786	03589	01181	01205	
01213	02359	00953	01838	02201	02789	03589	01182	01207	
01452	02653	01174	02217	02479	03050	03704	01444	01445	
01868	03000	01574	02668	02847	03311	03818	01886	01850	
02354	03347	02048	03120	03229	03573	03909	02398	02333	
02870	03694	02564	03572	03612	03835	04002	02943	02858	
03391	04040	03097	04021	03992	04095	04095	03501	03405	
03688	04095	03432	04095	04095	04095	04095	03809	03735	
03823	04095	03604	04095	04095	04095	04095	03951	03907	
03883	04095	03704	04095	04095	04095	04095	04021	04002	
03914	04095	03766	04095	04095	04095	04095	04058	04055	
03955	04095	03822	04095	04095	04095	04095	04082	04084	
03979	04095	03862	04095	04095	04095	04095	04095	04095	
03981	04095	03884	04095	04095	04095	04095	04095	04095	
03999	04095	03908	04095	04095	04095	04095	04095	04095	
04019	04095	03934	04095	04095	04095	04095	04095	04095	
04015	04095	03945	04095	04095	04095	04095	04095	04095	
04017	04095	03955	04095	04095	04095	04095	04095	04095	
04033	04095	03974	04095	04095	04095	04095	04095	04095	
04031	04095	03980	04095	04095	04095	04095	04095	04095	
04022	04095	03978	04095	04095	04095	04095	04095	04095	
04033	04095	03988	04095	04095	04095	04095	04095	04095	
04038	04095	03995	04095	04095	04095	04095	04095	04095	
04026	04095	03990	04095	04095	04095	04095	04095	04095	
04029	04095	03996	04095	04095	04095	04095	04095	04095	
04041	04095	04007	04095	04095	04095	04095	04095	04095	
04031	04095	04006	04095	04095	04095	04095	04095	04095	
04027	04095	04005	04095	04095	04095	04095	04095	04095	
04041	04095	04017	04095	04095	04095	04095	04095	04095	
04041	04095	04021	04095	04095	04095	04095	04095	04095	
04031	04095	04015	04095	04095	04095	04095	04095	04095	
04042	04095	04020	04095	04095	04095	04095	04095	04095	
04049	04095	04023	04095	04095	04095	04095	04095	04095	
04035	04095	04011	04095	04095	04095	04095	04095	04095	
04036	04095	04008	04095	04095	04095	04095	04095	04095	
04050	04095	04016	04095	04095	04095	04095	04095	04095	
04043	04095	04013	04095	04095	04095	04095	04095	04095	
04035	04095	04011	04095	04095	04095	04095	04095	04095	
04049	04095	04023	04095	04095	04095	04095	04095	04095	
04051	04095	04027	04095	04095	04095	04095	04095	04095	
04039	04095	04021	04095	04095	04095	04095	04095	04095	
04049	04095	04027	04095	04095	04095	04095	04095	04095	
04061	04095	04035	04095	04095	04095	04095	04095	04095	
04052	04095	04027	04095	04095	04095	04095	04095	04095	
04055	04095	04027	04095	04095	04095	04095	04095	04095	
04032	04095	04000	04095	04095	04095	04095	04092	04095	
03532	03786	03467	03705	03764	03893	04036	03578	03625	
03084	03569	02973	03416	03517	03824	04036	03128	03206	
02942	03569	02779	03416	03517	03824	04036	02992	03066	
02465	03286	02259	03049	03210	03643	03989	02492	02599	
01945	02924	01697	02610	02826	03397	03889	01930	02053	
01884	02864	01627	02560	02768	03349	03844	01873	01966	
01764	02708	01510	02404	02620	03164	03710	01747	01819	
01345	02332	01094	01955	02233	02905	03567	01304	01389	
01256	02239	01005	01875	02140	02829	03497	01226	01285	
01242	02227	00988	01868	02126	02820	03484	01212	01260	
01232	02218	00978	01860	02114	02811	03474	01203	01244	
01228	02213	00973	01856	02109	02807	03469	01197	01235	
01227	02214	00971	01858	02110	02808	03470	01197	01232	
01225	02212	00969	01856	02109	02806	03467	01196	01228	
01222	02208	00965	01850	02104	02802	03461	01193	01224	
01221	02208	00964	01850	02105	02802	03462	01192	01223	
01221	02209	00963	01851	02105	02802	03463	01193	01222	
01220	02207	00962	01848	02102	02800	03463	01191	01220	
01219	02206	00961	01847	02101	02799	03463	01190	01218	
01219	02207	00962	01849	02103	02801	03464	01191	01217	
01218	02205	00960	01848	02101	02800	03461	01191	01217	
01217	02202	00958	01845	02098	02797	03457	01189	01216	
01218	02203	00958	01848	02089	02799	03458	01191	01245	
01219	02205	00960	01849	02091	02800	03460	01192	01245	
01221	02206	00961	01849	02090	02799	03462	01192	01245	
01223	02208	00963	01851	02093	02803	03465	01193	01247	
01225	02210	00964	01853	02096	02805	03468	01195	01247	
01223	02210	00964	01851	02105	02804	03467	01194	01219	
01223	02209	00963	01851	02105	02804	03466	01195	01220	
01224	02211	00963	01852	02107	02806	03468	01196	01221	
01222	02210	00963	01851	02104	02804	03464	01194	01219	
01221	02208	00963	01850	02104	02802	03461	01195	01220	
01223	02210	00965	01853	02106	02804	03464	01196	01220	
01223	02211	00965	01853	02105	02804	03466	01196	01219	
01221	02208	00964	01851	02104	02801	03462	01195	01218	
01222	02210	00965	01853	02106	02803	03463	01196	01220	
01224	02212	00966	01855	02109	02806	03466	01197	01220	
01223	02211	00964	01852	02107	02804	03463	01196	01219	
01222	02210	00965	01852	02107	02804	03462	01195	01219	
01223	02211	00965	01853	02107	02805	03463	01196	01218	
01220	02207	00961	01849	02104	02802	03460	01194	01217	
01217	02202	00958	01845	02099	02797	03454	01191	01214	
01218	02202	00958	01845	02100	02798	03454	01190	01215	
01217	02202	00956	01844	02099	02797	03453	01188	01213	
01216	02199	00954	01841	02097	02795	03451	01188	01212	
01216	02199	00955	01842	02097	02795	03450	01186	01211	
01217	02202	00957	01842	02098	02798	03453	01188	01212	
01216	02201	00956	01841	02096	02796	03452	01188	01211	
01215	02201	00955	01839	02095	02795	03452	01187	01210	
01217	02203	00957	01842	02098	02797	03456	01188	01212	
01217	02204	00957	01843	02098	02797	03458	01189	01212	
01215	02202	00957	01842	02096	02795	03457	01189	01211	
01216	02203	00957	01844	02098	02796	03458	01189	01211	
01218	02203	00959	01846	02099	02797	03459	01191	01211	
01217	02201	00957	01843	02097	02796	03457	01189	01210	
01217	02200	00958	01843	02098	02797	03455	01189	01211	
01220	02204	00961	01847	02102	02801	03459	01191	01213	
01221	02206	00962	01847	02102	02802	03461	01192	01215	
01503	02550	01218	02265	02429	03061	03579	01499	01491	
01942	02930	01636	02716	02831	03320	03697	01960	01911	
02429	03309	02111	03167	03233	03580	03816	02470	02392	
02928	03684	02616	03614	03632	03836	03955	02999	02904	
03451	04060	03149	04063	04020	04095	04095	03551	03442	
03702	04095	03440	04095	04095	04095	04095	03810	03723	
03793	04095	03577	04095	04095	04095	04095	03917	03870	
03844	04095	03662	04095	04095	04095	04095	03983	03964	
03889	04095	03731	04095	04095	04095	04095	04033	04027	
03903	04095	03774	04095	04095	04095	04095	04062	04064	
03904	04095	03801	04095	04095	04095	04095	04076	04083	
03924	04095	03835	04095	04095	04095	04095	04090	04094	
03935	04095	03861	04095	04095	04095	04095	04095	04095	
03931	04095	03871	04095	04095	04095	04095	04095	04095	
03943	04095	03887	04095	04095	04095	04095	04095	04095	
03962	04095	03905	04095	04095	04095	04095	04095	04095	
03957	04095	03907	04095	04095	04095	04095	04095	04095	
03959	04095	03909	04095	04095	04095	04095	04095	04095	
03979	04095	03924	04095	04095	04095	04095	04095	04095	
03981	04095	03927	04095	04095	04095	04095	04095	04095	
03977	04095	03925	04095	04095	04095	04095	04095	04095	
03990	04095	03936	04095	04095	04095	04095	04095	04095	
03995	04095	03945	04095	04095	04095	04095	04095	04095	
03980	04095	03941	04095	04095	04095	04095	04095	04095	
03980	04095	03945	04095	04095	04095	04095	04095	04095	
03985	04095	03956	04095	04095	04095	04095	04095	04095	
03973	04095	03954	04095	04095	04095	04095	04095	04095	
03967	04095	03954	04095	04095	04095	04095	04095	04095	
03985	04095	03967	04095	04095	04095	04095	04095	04095	
03989	04095	03974	04095	04095	04095	04095	04095	04095	
03988	04095	03973	04095	04095	04095	04095	04095	04095	
04011	04095	03990	04095	04095	04095	04095	04095	04095	
04031	04095	04007	04095	04095	04095	04095	04095	04095	
04029	04095	04012	04095	04095	04095	04095	04095	04095	
04038	04095	04025	04095	04095	04095	04095	04095	04095	
04058	04095	04046	04095	04095	04095	04095	04095	04095	
04053	04095	04052	04095	04095	04095	04095	04095	04095	
04049	04095	04057	04095	04095	04095	04095	04095	04095	
04063	04095	04071	04095	04095	04095	04095	04095	04095	
04065	04095	04079	04095	04095	04095	04095	04095	04095	
04054	04095	04082	04095	04095	04095	04095	04095	04095	
04062	04095	04089	04095	04095	04095	04095	04095	04095	
04067	04095	04094	04095	04095	04095	04095	04095	04095	
04053	04095	04094	04095	04095	04095	04095	04095	04095	
04050	04095	04094	04095	04095	04095	04095	04095	04095	
04060	04095	04095	04095	04095	04095	04095	04095	04095	
04050	04095	04095	04095	04095	04095	04095	04095	04095	
04041	04095	04095	04095	04095	04095	04095	04095	04095	
04049	04095	04095	04095	04095	04095	04095	04095	04095	
04045	04095	04095	04095	04095	04095	04095	04095	04095	
04026	04095	04095	04095	04095	04095	04095	04095	04095	
04027	04095	04095	04095	04095	04095	04095	04095	04095	
04030	04095	04095	04095	04095	04095	04095	04095	04095	
04013	04095	04095	04095	04095	04095	04095	04095	04095	
04006	04095	04095	04095	04095	04095	04095	04095	04095	
04014	04095	04095	04095	04095	04095	04095	04095	04095	
04003	04095	04095	04095	04095	04095	04095	04095	04095	
03987	04095	04095	04095	04095	04095	04095	04095	04095	
03995	04095	04095	04095	04095	04095	04095	04095	04095	
03994	04095	04095	04095	04095	04095	04095	04095	04095	
03975	04095	04095	04095	04095	04095	04095	04095	04095	
03975	04095	04095	04095	04095	04095	04095	04095	04095	
03979	04095	04095	04095	04095	04095	04095	04095	04095	
03960	04095	04095	04095	04095	04095	04095	04095	04095	
03951	04095	04095	04095	04095	04095	04095	04095	04095	
03964	04095	04095	04095	04095	04095	04095	04095	04095	
03957	04095	04095	04095	04095	04095	04095	04095	04095	
03910	04095	04080	04095	04095	04095	04095	04095	04095	
03540	03864	03611	03781	03732	03948	04037	03583	03735	
03127	03603	03092	03445	03352	03778	03958	03045	03326	
02690	03331	02561	03103	02952	03603	03891	02508	02898	
02263	03054	02024	02762	02552	03430	03817	01972	02466	
01871	02768	01497	02419	02149	03263	03733	01436	02029	
01808	02702	01420	02385	02100	03250	03669	01417	01946	
01784	02659	01391	02373	02069	03270	03619	01431	01909	
01772	02627	01376	02370	02040	03304	03575	01446	01887	
01758	02594	01364	02361	01996	03336	03537	01463	01865	
01747	02567	01356	02355	01952	03364	03505	01480	01844	
01744	02557	01350	02354	01922	03387	03490	01492	01828	
