01544	02537	01388	02379	01869	03169	03445	01466	01768	
01544	02540	01387	02379	01870	03170	03446	01465	01769	
01548	02548	01390	02386	01876	03175	03453	01466	01772	
01548	02549	01388	02385	01878	03174	03455	01466	01772	
01546	02550	01387	02382	01877	03171	03459	01466	01770	
01552	02557	01390	02390	01883	03173	03465	01467	01773	
01554	02561	01390	02391	01885	03174	03470	01467	01773	
01554	02560	01387	02388	01886	03172	03468	01466	01772	
01560	02564	01390	02394	01890	03177	03468	01467	01776	
01564	02566	01389	02397	01890	03179	03467	01467	01778	
01562	02563	01387	02393	01886	03177	03463	01465	01776	
01564	02562	01388	02393	01885	03177	03460	01464	01776	
01565	02563	01387	02396	01883	03177	03460	01464	01777	
01562	02562	01385	02391	01878	03174	03459	01462	01774	
01560	02561	01385	02388	01877	03174	03458	01462	01774	
01561	02563	01386	02391	01879	03176	03460	01463	01774	
01560	02563	01385	02391	01879	03176	03460	01463	01774	
01557	02561	01384	02387	01878	03174	03460	01462	01772	
01557	02561	01385	02389	01879	03174	03459	01462	01773	
01557	02562	01386	02391	01880	03176	03461	01463	01774	
01554	02558	01384	02386	01880	03173	03458	01463	01773	
01554	02558	01383	02385	01880	03173	03458	01462	01771	
01556	02560	01383	02387	01881	03174	03458	01462	01772	
01553	02557	01381	02384	01880	03172	03457	01462	01771	
01552	02554	01379	02380	01880	03168	03455	01460	01767	
01553	02555	01381	02383	01882	03169	03455	01460	01768	
01553	02555	01383	02385	01883	03169	03456	01464	01771	
01550	02551	01385	02382	01881	03166	03455	01464	01769	
01551	02552	01388	02385	01882	03168	03456	01467	01771	
01552	02554	01390	02388	01883	03170	03456	01469	01774	
01548	02550	01389	02383	01880	03168	03453	01469	01773	
01546	02546	01388	02381	01877	03167	03450	01469	01771	
01549	02550	01391	02387	01879	03174	03452	01471	01775	
01550	02550	01394	02388	01879	03179	03453	01474	01778	
01548	02545	01395	02385	01874	03178	03450	01473	01776	
01551	02547	01397	02390	01874	03180	03453	01474	01778	
01550	02545	01397	02390	01872	03180	03452	01474	01778	
01545	02538	01394	02383	01865	03173	03444	01472	01774	
01542	02533	01389	02380	01861	03168	03437	01467	01770	
01542	02535	01389	02382	01860	03170	03437	01468	01770	
01540	02530	01387	02378	01857	03168	03432	01467	01769	
01538	02529	01387	02378	01855	03167	03431	01466	01768	
01540	02532	01387	02380	01842	03187	03431	01465	01769	
01538	02530	01386	02377	01839	03184	03433	01465	01766	
01535	02526	01383	02372	01836	03179	03429	01462	01762	
01537	02529	01383	02375	01837	03181	03432	01461	01762	
01536	02529	01382	02373	01836	03181	03431	01461	01762	
01532	02525	01380	02368	01845	03159	03427	01459	01758	
01533	02525	01381	02370	01847	03159	03427	01459	01760	
01535	02527	01382	02373	01848	03160	03426	01459	01761	
01531	02522	01380	02368	01845	03156	03420	01458	01759	
01531	02519	01379	02367	01845	03155	03420	01458	01758	
01534	02522	01380	02371	01848	03158	03423	01459	01761	
01532	02521	01379	02368	01846	03158	03420	01459	01759	
01530	02518	01377	02365	01844	03158	03420	01458	01758	
01533	02520	01378	02368	01845	03160	03422	01459	01760	
01534	02522	01380	02370	01846	03160	03422	01459	01760	
01531	02517	01379	02366	01844	03155	03418	01458	01758	
01532	02518	01381	02369	01848	03156	03419	01458	01759	
01538	02526	01385	02376	01853	03162	03424	01462	01764	
01537	02525	01385	02375	01852	03164	03427	01463	01763	
01538	02527	01386	02376	01854	03167	03429	01464	01764	
01543	02534	01389	02382	01859	03174	03435	01468	01770	
01543	02535	01390	02381	01857	03173	03438	01468	01769	
01540	02529	01388	02376	01854	03168	03433	01467	01766	
01543	02531	01390	02381	01855	03168	03435	01468	01767	
01543	02533	01390	02381	01856	03168	03435	01468	01768	
01539	02527	01388	02376	01853	03164	03432	01466	01765	
01541	02528	01389	02378	01854	03166	03433	01466	01765	
01543	02532	01390	02382	01856	03170	03437	01467	01767	
01541	02530	01389	02378	01854	03168	03435	01465	01765	
01539	02527	01389	02377	01853	03165	03434	01466	01764	
01543	02533	01392	02382	01857	03168	03437	01466	01766	
01541	02531	01391	02380	01855	03166	03434	01465	01765	
01538	02527	01389	02377	01851	03163	03429	01464	01764	
01541	02530	01391	02380	01854	03166	03431	01466	01766	
01539	02527	01387	02377	01852	03164	03427	01463	01763	
01532	02518	01382	02367	01845	03156	03418	01458	01756	
01530	02515	01379	02364	01842	03152	03415	01455	01753	
01530	02514	01377	02363	01840	03150	03413	01452	01751	
01524	02507	01372	02354	01832	03144	03408	01446	01744	
01522	02504	01371	02352	01829	03142	03404	01446	01744	
01525	02509	01372	02357	01830	03147	03409	01449	01747	
01524	02508	01372	02357	01828	03148	03409	01449	01747	
01521	02505	01371	02354	01825	03147	03410	01449	01745	
01523	02507	01372	02358	01829	03150	03411	01451	01750	
01525	02511	01373	02361	01831	03151	03414	01451	01751	
01523	02507	01372	02356	01829	03148	03412	01451	01750	
01525	02510	01374	02358	01831	03150	03414	01453	01752	
01529	02515	01376	02364	01836	03155	03418	01456	01758	
01528	02514	01375	02361	01835	03154	03417	01455	01757	
01527	02514	01374	02360	01836	03155	03417	01456	01757	
01532	02519	01378	02368	01831	03160	03422	01459	01787	
01532	02519	01379	02369	01832	03159	03423	01460	01788	
01530	02516	01379	02366	01830	03155	03419	01459	01785	
01534	02520	01382	02371	01834	03157	03423	01461	01788	
01536	02522	01384	02374	01836	03160	03424	01461	01790	
01531	02518	01381	02368	01842	03156	03420	01460	01761	
01531	02518	01381	02368	01841	03156	03418	01459	01760	
01534	02523	01382	02372	01844	03160	03423	01460	01762	
01531	02519	01380	02368	01841	03156	03422	01457	01759	
01529	02516	01379	02366	01839	03153	03421	01457	01757	
01533	02520	01381	02372	01844	03156	03424	01458	01760	
01532	02520	01382	02371	01842	03155	03424	01457	01759	
01529	02515	01381	02367	01839	03151	03421	01456	01756	
01533	02518	01382	02370	01842	03154	03420	01458	01758	
01535	02521	01383	02373	01844	03157	03422	01458	01759	
01531	02517	01381	02368	01840	03154	03419	01456	01756	
01532	02517	01381	02369	01842	03156	03419	01457	01758	
01534	02520	01381	02371	01844	03158	03419	01455	01759	
01529	02517	01378	02365	01841	03154	03416	01454	01756	
01527	02513	01375	02361	01838	03151	03413	01452	01754	
01530	02516	01375	02364	01841	03154	03415	01452	01755	
01528	02515	01374	02362	01841	03153	03415	01451	01754	
01525	02512	01372	02358	01837	03150	03412	01451	01753	
01528	02515	01374	02362	01841	03154	03415	01453	01756	
01531	02520	01377	02367	01845	03158	03418	01455	01759	
01529	02519	01378	02364	01842	03157	03418	01457	01759	
01531	02521	01379	02366	01845	03160	03418	01458	01761	
01536	02526	01382	02372	01849	03165	03424	01461	01765	
01534	02524	01381	02370	01848	03163	03423	01461	01765	
01531	02520	01378	02366	01845	03158	03418	01458	01763	
01534	02523	01379	02370	01848	03159	03419	01458	01764	
01533	02522	01378	02370	01847	03156	03418	01458	01762	
01529	02518	01377	02366	01843	03152	03415	01457	01759	
01531	02519	01379	02368	01845	03152	03416	01457	01759	
01534	02523	01381	02371	01848	03156	03422	01458	01759	
01530	02519	01380	02367	01845	03153	03419	01458	01758	
01531	02519	01380	02368	01847	03154	03423	01459	01759	
01534	02523	01380	02371	01851	03158	03424	01460	01762	
01532	02522	01379	02369	01848	03157	03426	01460	01761	
01531	02518	01377	02366	01845	03154	03422	01460	01760	
01534	02522	01378	02370	01847	03157	03423	01460	01762	
01533	02521	01378	02368	01845	03157	03422	01458	01761	
01530	02517	01376	02365	01842	03153	03421	01456	01758	
01532	02518	01377	02367	01844	03155	03421	01456	01760	
01533	02522	01379	02370	01845	03157	03424	01455	01759	
01530	02518	01378	02365	01842	03154	03422	01455	01757	
01531	02518	01379	02366	01845	03155	03420	01455	01758	
01534	02523	01381	02371	01848	03160	03422	01456	01761	
01532	02521	01380	02367	01845	03159	03418	01456	01760	
01530	02517	01379	02365	01844	03158	03417	01455	01760	
01532	02519	01378	02368	01833	03179	03418	01456	01761	
01531	02518	01378	02366	01829	03177	03416	01454	01760	
01526	02513	01375	02360	01825	03171	03412	01453	01756	
01528	02516	01375	02363	01826	03172	03413	01452	01757	
01528	02517	01374	02363	01826	03173	03413	01452	01757	
01525	02514	01373	02358	01836	03152	03411	01450	01755	
01525	02515	01372	02360	01837	03153	03412	01451	01755	
01528	02518	01373	02364	01841	03158	03417	01453	01758	
01527	02515	01372	02360	01839	03156	03415	01452	01756	
01525	02512	01370	02357	01838	03154	03414	01452	01755	
01528	02515	01371	02362	01840	03156	03417	01453	01757	
01528	02515	01371	02360	01840	03155	03416	01451	01755	
01524	02510	01369	02355	01835	03151	03412	01449	01752	
01525	02513	01370	02358	01836	03153	03413	01449	01754	
01526	02515	01371	02360	01837	03154	03414	01449	01754	
01523	02511	01370	02355	01835	03151	03411	01447	01752	
01524	02512	01372	02356	01836	03153	03411	01449	01753	
01529	02520	01377	02365	01844	03160	03417	01455	01761	
01530	02520	01380	02366	01845	03162	03419	01458	01762	
01691	02720	01537	02579	02033	03349	03568	01638	01934	
02029	03037	01882	02929	02440	03539	03720	02029	02258	
02422	03353	02300	03276	02893	03727	03847	02507	02646	
02829	03664	02752	03616	03342	03909	03970	03015	03059	
03260	03979	03231	03961	03794	04095	04095	03540	03499	
03540	04095	03576	04095	04059	04095	04095	03889	03785	
03632	04095	03743	04095	04095	04095	04095	04027	03925	
03673	04095	03840	04095	04095	04095	04095	04077	04005	
03705	04095	03911	04095	04095	04095	04095	04095	04054	
03705	04095	03955	04095	04095	04095	04095	04095	04079	
03696	04095	03984	04095	04095	04095	04095	04095	04089	
03711	04095	04015	04095	04095	04095	04095	04095	04095	
03715	04095	04039	04095	04095	04095	04095	04095	04095	
03701	04095	04049	04095	04095	04095	04095	04095	04095	
03710	04095	04066	04095	04095	04095	04095	04095	04095	
03721	04095	04080	04095	04095	04095	04095	04095	04095	
03707	04095	04082	04095	04095	04095	04095	04095	04095	
03705	04095	04084	04095	04095	04095	04095	04095	04095	
03720	04095	04091	04095	04095	04095	04095	04095	04095	
03713	04095	04091	04095	04095	04095	04095	04095	04095	
03705	04095	04090	04095	04095	04095	04095	04095	04095	
03720	04095	04093	04095	04095	04095	04095	04095	04095	
03723	04095	04094	04095	04095	04095	04095	04095	04095	
03709	04095	04094	04095	04095	04095	04095	04095	04095	
03715	04095	04094	04095	04095	04095	04095	04095	04095	
03727	04095	04095	04095	04095	04095	04095	04095	04095	
03714	04095	04095	04095	04095	04095	04095	04095	04095	
03712	04095	04095	04095	04095	04095	04095	04095	04095	
03728	04095	04095	04095	04095	04095	04095	04095	04095	
03722	04095	04095	04095	04095	04095	04095	04095	04095	
03712	04095	04095	04095	04095	04095	04095	04095	04095	
03729	04095	04095	04095	04095	04095	04095	04095	04095	
03736	04095	04095	04095	04095	04095	04095	04095	04095	
03725	04095	04095	04095	04095	04095	04095	04095	04095	
03737	04095	04095	04095	04095	04095	04095	04095	04095	
03752	04095	04095	04095	04095	04095	04095	04095	04095	
03741	04095	04095	04095	04095	04095	04095	04095	04095	
03740	04095	04095	04095	04095	04095	04095	04095	04095	
03757	04095	04095	04095	04095	04095	04095	04095	04095	
03755	04095	04095	04095	04095	04095	04095	04095	04095	
03746	04095	04095	04095	04095	04095	04095	04095	04095	
03765	04095	04095	04095	04095	04095	04095	04095	04095	
03775	04095	04095	04095	04095	04095	04095	04095	04095	
03773	04095	04095	04095	04095	04095	04095	04095	04095	
03794	04095	04095	04095	04095	04095	04095	04095	04095	
03823	04095	04095	04095	04095	04095	04095	04095	04095	
03826	04095	04095	04095	04095	04095	04095	04095	04095	
03838	04095	04095	04095	04095	04095	04095	04095	04095	
03861	04095	04095	04095	04095	04095	04095	04095	04095	
03857	04095	04095	04095	04095	04095	04095	04095	04095	
03848	04095	04095	04095	04095	04095	04095	04095	04095	
03861	04095	04095	04095	04095	04095	04095	04095	04095	
03865	04095	04095	04095	04095	04095	04095	04095	04095	
03851	04095	04095	04095	04095	04095	04095	04095	04095	
03859	04095	04095	04095	04095	04095	04095	04095	04095	
03871	04095	04095	04095	04095	04095	04095	04095	04095	
03858	04095	04095	04095	04095	04095	04095	04095	04095	
03855	04095	04095	04095	04095	04095	04095	04095	04095	
03871	04095	04095	04095	04095	04095	04095	04095	04095	
03867	04095	04095	04095	04095	04095	04095	04095	04095	
03856	04095	04095	04095	04095	04095	04095	04095	04095	
03872	04095	04095	04095	04095	04095	04095	04095	04095	
03877	04095	04095	04095	04095	04095	04095	04095	04095	
03864	04095	04095	04095	04095	04095	04095	04095	04095	
03870	04095	04095	04095	04095	04095	04095	04095	04095	
03887	04095	04095	04095	04095	04095	04095	04095	04095	
03855	04095	04095	04095	04095	04095	04095	04095	04095	
03467	03869	03638	03803	03745	03941	04048	03606	03726	
03037	03607	03112	03480	03357	03751	03969	03065	03291	
02581	03333	02565	03146	02956	03552	03881	02513	02832	
02112	03049	02008	02809	02551	03351	03767	01958	02361	
01679	02762	01447	02476	02160	03149	03654	01399	01880	
01605	02695	01342	02430	02103	03099	03608	01324	01761	
01577	02662	01304	02414	02082	03083	03592	01300	01705	
01567	02648	01287	02412	02076	03076	03588	01289	01676	
01562	02647	01278	02411	02074	03073	03587	01283	01660	
01555	02647	01269	02404	02068	03066	03581	01278	01653	
01551	02654	01265	02403	02065	03061	03579	01278	01653	
01553	02663	01262	02405	02067	03061	03582	01278	01654	
01550	02659	01258	02402	02064	03059	03580	01276	01649	
01547	02648	01253	02398	02060	03057	03576	01274	01640	
01547	02643	01250	02399	02048	03077	03575	01271	01631	
01544	02636	01247	02395	02046	03075	03572	01267	01623	
01538	02630	01242	02387	02041	03069	03565	01264	01618	
01537	02634	01240	02387	02041	03067	03563	01262	01618	
01537	02642	01239	02388	02041	03064	03561	01261	01621	
01534	02643	01237	02383	02049	03042	03559	01259	01622	
01534	02642	01237	02383	02049	03043	03559	01260	01621	
01538	02643	01238	02388	02053	03048	03563	01261	01620	
01536	02634	01236	02385	02050	03047	03559	01259	01613	
01534	02627	01235	02381	02047	03046	03558	01257	01605	
01535	02629	01235	02385	02051	03047	03559	01256	01604	
01534	02631	01234	02384	02050	03045	03558	01256	01605	
01530	02631	01233	02379	02046	03041	03553	01255	01604	
01532	02637	01234	02383	02048	03042	03557	01257	01607	
01535	02640	01235	02387	02052	03044	03559	01258	01610	
01533	02633	01234	02382	02048	03043	03558	01259	01607	
01533	02627	01234	02382	02048	03044	03558	01259	01604	
01538	02630	01236	02387	02054	03049	03563	01261	01605	
01537	02630	01237	02385	02053	03050	03563	01261	01605	
01536	02632	01238	02384	02052	03049	03563	01262	01606	
01541	02644	01240	02390	02057	03052	03567	01264	01612	
01542	02650	01242	02393	02058	03052	03571	01266	01616	
01539	02645	01241	02390	02054	03050	03570	01267	01615	
01541	02643	01242	02393	02057	03052	03573	01268	01615	
01543	02643	01242	02395	02060	03055	03575	01268	01614	
01539	02635	01241	02391	02056	03052	03571	01266	01609	
01539	02634	01240	02389	02055	03051	03568	01266	01607	
01541	02640	01241	02393	02058	03052	03568	01266	01610	
01539	02641	01239	02390	02057	03049	03563	01265	01612	
01537	02640	01239	02387	02053	03045	03559	01265	01612	
01541	02643	01241	02392	02057	03049	03563	01266	01614	
01541	02641	01241	02393	02058	03050	03565	01267	01613	
01539	02632	01239	02388	02054	03047	03562	01266	01609	
01540	02632	01240	02390	02055	03049	03564	01266	01607	
01540	02633	01238	02391	02055	03049	03565	01265	01606	
01535	02631	01236	02384	02050	03044	03560	01262	01605	
01533	02631	01234	02382	02047	03041	03556	01261	01605	
01535	02636	01234	02385	02050	03043	03559	01259	01606	
01532	02631	01231	02380	02046	03041	03556	01257	01602	
01530	02624	01229	02376	02044	03039	03554	01257	01600	
01663	02786	01354	02555	02208	03242	03677	01397	01739	
02011	03079	01723	02898	02595	03453	03776	01826	02083	
02400	03371	02164	03239	03005	03662	03872	02332	02492	
02823	03668	02652	03584	03419	03873	03973	02881	02942	
03265	03965	03170	03929	03831	04084	04095	03448	03419	
03563	04095	03574	04095	04069	04095	04095	03877	03767	
03645	04095	03743	04095	04095	04095	04095	04015	03918	
03695	04095	03851	04095	04095	04095	04095	04076	04007	
03705	04095	03920	04095	04095	04095	04095	04095	04057	
03694	04095	03964	04095	04095	04095	04095	04095	04081	
03709	04095	04008	04095	04095	04095	04095	04095	04093	
03721	04095	04042	04095	04095	04095	04095	04095	04095	
03714	04095	04062	04095	04095	04095	04095	04095	04095	
03726	04095	04079	04095	04095	04095	04095	04095	04095	
03748	04095	04092	04095	04095	04095	04095	04095	04095	
03743	04095	04095	04095	04095	04095	04095	04095	04095	
03741	04095	04095	04095	04095	04095	04095	04095	04095	
03760	04095	04095	04095	04095	04095	04095	04095	04095	
03760	04095	04095	04095	04095	04095	04095	04095	04095	
03749	04095	04095	04095	04095	04095	04095	04095	04095	
03763	04095	04095	04095	04095	04095	04095	04095	04095	
03771	04095	04095	04095	04095	04095	04095	04095	04095	
03756	04095	04095	04095	04095	04095	04095	04095	04095	
03758	04095	04095	04095	04095	04095	04095	04095	04095	
03772	04095	04095	04095	04095	04095	04095	04095	04095	
03762	04095	04095	04095	04095	04095	04095	04095	04095	
03759	04095	04095	04095	04095	04095	04095	04095	04095	
03775	04095	04095	04095	04095	04095	04095	04095	04095	
03776	04095	04095	04095	04095	04095	04095	04095	04095	
03766	04095	04095	04095	04095	04095	04095	04095	04095	
03779	04095	04095	04095	04095	04095	04095	04095	04095	
03788	04095	04095	04095	04095	04095	04095	04095	04095	
03780	04095	04095	04095	04095	04095	04095	04095	04095	
03791	04095	04095	04095	04095	04095	04095	04095	04095	
03815	04095	04095	04095	04095	04095	04095	04095	04095	
03817	04095	04095	04095	04095	04095	04095	04095	04095	
03821	04095	04095	04095	04095	04095	04095	04095	04095	
03848	04095	04095	04095	04095	04095	04095	04095	04095	
03857	04095	04095	04095	04095	04095	04095	04095	04095	
03850	04095	04095	04095	04095	04095	04095	04095	04095	
03867	04095	04095	04095	04095	04095	04095	04095	04095	
03880	04095	04095	04095	04095	04095	04095	04095	04095	
03868	04095	04095	04095	04095	04095	04095	04095	04095	
03872	04095	04095	04095	04095	04095	04095	04095	04095	
03891	04095	04095	04095	04095	04095	04095	04095	04095	
03885	04095	04095	04095	04095	04095	04095	04095	04095	
03883	04095	04095	04095	04095	04095	04095	04095	04095	
03905	04095	04095	04095	04095	04095	04095	04095	04095	
03908	04095	04095	04095	04095	04095	04095	04095	04095	
03897	04095	04095	04095	04095	04095	04095	04095	04095	
03911	04095	04095	04095	04095	04095	04095	04095	04095	
03921	04095	04095	04095	04095	04095	04095	04095	04095	
03907	04095	04095	04095	04095	04095	04095	04095	04095	
03910	04095	04095	04095	04095	04095	04095	04095	04095	
03926	04095	04095	04095	04095	04095	04095	04095	04095	
03917	04095	04095	04095	04095	04095	04095	04095	04095	
03910	04095	04095	04095	04095	04095	04095	04095	04095	
03529	03887	03649	03814	03762	03926	04052	03599	03733	
03072	03631	03113	03491	03377	03710	03974	03041	03287	
02597	03371	02552	03165	02987	03490	03870	02476	02821	
02125	03104	01978	02831	02588	03277	03758	01900	02335	
01652	02832	01408	02494	02184	03045	03665	01321	01844	
01562	02763	01283	02434	02109	02980	03611	01235	01710	
01539	02744	01243	02418	02088	02962	03596	01212	01658	
01522	02731	01218	02406	02073	02946	03583	01194	01624	
01512	02721	01205	02397	02078	02920	03574	01185	01605	
01503	02714	01194	02392	02074	02915	03571	01181	01593	
01500	02714	01187	02394	02075	02914	03573	01179	01587	
01494	02710	01181	02391	02074	02911	03568	01177	01582	
01489	02704	01175	02386	02070	02908	03564	01175	01576	
01489	02705	01173	02388	02071	02908	03566	01174	01574	
01491	02707	01173	02388	02071	02908	03565	01174	01572	
01487	02703	01170	02383	02067	02904	03559	01172	01568	
01488	02703	01168	02383	02067	02904	03560	01171	01566	
01489	02707	01169	02386	02070	02906	03561	01171	01565	
01485	02703	01168	02383	02066	02904	03558	01171	01562	
01482	02698	01167	02381	02065	02902	03554	01170	01562	
01486	02704	01170	02388	02070	02906	03561	01173	01564	
01487	02706	01171	02388	02070	02907	03563	01174	01564	
01488	02704	01173	02386	02069	02907	03562	01175	01564	
01493	02710	01178	02391	02073	02912	03567	01177	01567	
01497	02715	01181	02394	02074	02915	03571	01178	01567	
01493	02710	01179	02390	02070	02912	03570	01177	01565	
01492	02710	01177	02392	02073	02913	03572	01177	01565	
01492	02713	01177	02396	02077	02915	03576	01178	01566	
01489	02710	01174	02393	02074	02914	03574	01178	01564	
01489	02709	01173	02391	02074	02913	03575	01178	01564	
01493	02715	01173	02396	02078	02916	03578	01179	01565	
01494	02715	01173	02395	02076	02916	03579	01179	01564	
01491	02711	01173	02392	02073	02914	03576	01179	01563	
01493	02714	01174	02395	02078	02916	03579	01180	01565	
01491	02715	01171	02398	02080	02916	03581	01180	01566	
01485	02709	01167	02394	02077	02912	03576	01180	01565	
01485	02710	01168	02394	02079	02913	03576	01179	01565	
01490	02715	01168	02396	02080	02915	03577	01178	01564	
01489	02710	01168	02390	02073	02912	03573	01176	01560	
01490	02708	01169	02385	02069	02910	03567	01175	01558	
01492	02711	01171	02387	02071	02912	03569	01173	01557	
01490	02708	01169	02384	02068	02910	03566	01173	01556	
01485	02703	01169	02380	02065	02907	03562	01172	01555	
01488	02704	01170	02383	02069	02909	03563	01173	01557	
01489	02707	01169	02385	02070	02909	03565	01173	01557	
01488	02703	01167	02381	02065	02905	03561	01174	01556	
01490	02704	01169	02381	02065	02906	03561	01173	01556	
01495	02708	01171	02384	02068	02909	03564	01172	01557	
01491	02705	01170	02380	02064	02906	03561	01171	01555	
01489	02701	01168	02378	02063	02904	03560	01171	01554	
01491	02704	01169	02382	02068	02907	03561	01172	01556	
01490	02704	01170	02382	02067	02907	03563	01171	01556	
01488	02700	01171	02379	02062	02904	03559	01170	01554	
01493	02705	01173	02383	02055	02909	03563	01173	01583	
01497	02711	01175	02387	02059	02913	03566	01174	01586	
01495	02710	01176	02385	02057	02913	03567	01175	01586	
01496	02711	01177	02388	02060	02914	03567	01176	01588	
01498	02717	01179	02394	02068	02919	03572	01179	01591	
01494	02716	01178	02392	02077	02918	03572	01178	01565	
01492	02712	01177	02391	02076	02916	03571	01178	01563	
01496	02717	01178	02394	02079	02919	03574	01179	01564	
01498	02717	01179	02394	02078	02920	03575	01179	01562	
01498	02713	01180	02390	02076	02918	03572	01179	01561	
01692	02941	01367	02664	02314	03153	03690	01398	01759	
02061	03219	01759	03005	02712	03390	03786	01850	02124	
02466	03492	02225	03343	03116	03624	03879	02374	02550	
02900	03768	02731	03684	03523	03859	03974	02939	03015	
03357	04046	03268	04026	03930	04095	04095	03523	03507	
03616	04095	03632	04095	04086	04095	04095	03887	03812	
03695	04095	03801	04095	04095	04095	04095	04018	03954	
03745	04095	03909	04095	04095	04095	04095	04077	04034	
03759	04095	03981	04095	04095	04095	04095	04095	04076	
03743	04095	04024	04095	04095	04095	04095	04095	04091	
03743	04095	04056	04095	04095	04095	04095	04095	04095	
03750	04095	04077	04095	04095	04095	04095	04095	04095	
03738	04095	04087	04095	04095	04095	04095	04095	04095	
03738	04095	04092	04095	04095	04095	04095	04095	04095	
03757	04095	04095	04095	04095	04095	04095	04095	04095	
03757	04095	04095	04095	04095	04095	04095	04095	04095	
03751	04095	04095	04095	04095	04095	04095	04095	04095	
03768	04095	04095	04095	04095	04095	04095	04095	04095	
03776	04095	04095	04095	04095	04095	04095	04095	04095	
03765	04095	04095	04095	04095	04095	04095	04095	04095	
03775	04095	04095	04095	04095	04095	04095	04095	04095	
03790	04095	04095	04095	04095	04095	04095	04095	04095	
03782	04095	04095	04095	04095	04095	04095	04095	04095	
03783	04095	04095	04095	04095	04095	04095	04095	04095	
03808	04095	04095	04095	04095	04095	04095	04095	04095	
03816	04095	04095	04095	04095	04095	04095	04095	04095	
03818	04095	04095	04095	04095	04095	04095	04095	04095	
03845	04095	04095	04095	04095	04095	04095	04095	04095	
03866	04095	04095	04095	04095	04095	04095	04095	04095	
03864	04095	04095	04095	04095	04095	04095	04095	04095	
03879	04095	04095	04095	04095	04095	04095	04095	04095	
03902	04095	04095	04095	04095	04095	04095	04095	04095	
03897	04095	04095	04095	04095	04095	04095	04095	04095	
03899	04095	04095	04095	04095	04095	04095	04095	04095	
03919	04095	04095	04095	04095	04095	04095	04095	04095	
03920	04095	04095	04095	04095	04095	04095	04095	04095	
03911	04095	04095	04095	04095	04095	04095	04095	04095	
03925	04095	04095	04095	04095	04095	04095	04095	04095	
03934	04095	04095	04095	04095	04095	04095	04095	04095	
03922	04095	04095	04095	04095	04095	04095	04095	04095	
03926	04095	04095	04095	04095	04095	04095	04095	04095	
03940	04095	04095	04095	04095	04095	04095	04095	04095	
03928	04095	04095	04095	04095	04095	04095	04095	04095	
03921	04095	04095	04095	04095	04095	04095	04095	04095	
03934	04095	04095	04095	04095	04095	04095	04095	04095	
03933	04095	04095	04095	04095	04095	04095	04095	04095	
03922	04095	04095	04095	04095	04095	04095	04095	04095	
03511	03885	03571	03810	03784	03891	04048	03592	03696	
03035	03630	02975	03485	03424	03644	03968	03032	03208	
02531	03362	02360	03152	03054	03390	03859	02459	02692	
02033	03091	01740	02818	02696	03132	03749	01883	02169	
01539	02817	01119	02483	02324	02873	03661	01303	01644	
01454	02748	01019	02431	02260	02815	03617	01224	01513	
01432	02726	00990	02417	02246	02801	03605	01205	01468	
01424	02721	00977	02414	02245	02795	03601	01197	01448	
01416	02717	00968	02409	02237	02789	03595	01190	01434	
01410	02713	00962	02403	02228	02783	03587	01187	01425	
01411	02720	00960	02405	02227	02784	03588	01187	01420	
01410	02723	00959	02406	02227	02784	03587	01185	01417	
01407	02718	00958	02402	02224	02781	03584	01183	01413	
01408	02716	00959	02404	02229	02782	03586	01184	01414	
01411	02717	00959	02408	02236	02785	03591	01186	01414	
01406	02710	00957	02404	02232	02781	03586	01183	01410	
01405	02708	00957	02402	02230	02779	03583	01182	01407	
01408	02714	00957	02406	02231	02781	03586	01183	01409	
01407	02717	00956	02404	02227	02781	03585	01183	01410	
01405	02713	00955	02401	02222	02778	03582	01181	01407	
01407	02714	00955	02404	02227	02780	03586	01182	01407	
01407	02712	00955	02406	02230	02782	03590	01183	01407	
01405	02705	00954	02402	02227	02779	03588	01182	01406	
01404	02704	00955	02402	02228	02778	03588	01180	01405	
01406	02709	00956	02405	02231	02781	03592	01181	01405	
01403	02709	00955	02402	02226	02779	03589	01180	01403	
01402	02710	00955	02399	02222	02778	03585	01180	01403	
01402	02712	00954	02401	02223	02778	03585	01179	01402	
01401	02709	00951	02397	02221	02776	03582	01179	01401	
01398	02701	00949	02393	02218	02773	03576	01177	01399	
01399	02699	00948	02394	02221	02772	03576	01176	01397	
01398	02699	00946	02394	02221	02771	03574	01175	01396	
01397	02697	00946	02390	02216	02770	03572	01174	01397	
01396	02698	00946	02391	02215	02769	03571	01174	01397	
01397	02703	00946	02393	02217	02771	03572	01173	01396	
01395	02701	00945	02389	02214	02770	03570	01172	01395	
01394	02697	00945	02388	02213	02769	03570	01173	01395	
01395	02696	00944	02392	02218	02770	03572	01173	01396	
01395	02695	00945	02390	02219	02770	03572	01172	01395	
01393	02691	00943	02388	02215	02768	03568	01172	01394	
01395	02694	00944	02391	02216	02770	03569	01173	01396	
01555	02899	01087	02627	02413	03035	03665	01350	01564	
01916	03179	01481	02966	02776	03299	03782	01784	01931	
02343	03458	01971	03308	03142	03565	03901	02306	02379	
02807	03739	02512	03650	03522	03831	04000	02874	02875	
03269	04017	03080	03989	03901	04095	04095	03456	03392	
03576	04095	03522	04095	04081	04095	04095	03863	03757	
03691	04095	03739	04095	04095	04095	04095	04013	03928	
03734	04095	03868	04095	04095	04095	04095	04076	04019	
03736	04095	03948	04095	04095	04095	04095	04094	04064	
03749	04095	04009	04095	04095	04095	04095	04095	04087	
03764	04095	04052	04095	04095	04095	04095	04095	04095	
03757	04095	04074	04095	04095	04095	04095	04095	04095	
03761	04095	04087	04095	04095	04095	04095	04095	04095	
03782	04095	04095	04095	04095	04095	04095	04095	04095	
03781	04095	04095	04095	04095	04095	04095	04095	04095	
03775	04095	04095	04095	04095	04095	04095	04095	04095	
03791	04095	04095	04095	04095	04095	04095	04095	04095	
03799	04095	04095	04095	04095	04095	04095	04095	04095	
03787	04095	04095	04095	04095	04095	04095	04095	04095	
03793	04095	04095	04095	04095	04095	04095	04095	04095	
03805	04095	04095	04095	04095	04095	04095	04095	04095	
03794	04095	04095	04095	04095	04095	04095	04095	04095	
03793	04095	04095	04095	04095	04095	04095	04095	04095	
03814	04095	04095	04095	04095	04095	04095	04095	04095	
03823	04095	04095	04095	04095	04095	04095	04095	04095	
03825	04095	04095	04095	04095	04095	04095	04095	04095	
03851	04095	04095	04095	04095	04095	04095	04095	04095	
03868	04095	04095	04095	04095	04095	04095	04095	04095	
03863	04095	04095	04095	04095	04095	04095	04095	04095	
03873	04095	04095	04095	04095	04095	04095	04095	04095	
03892	04095	04095	04095	04095	04095	04095	04095	04095	
03887	04095	04095	04095	04095	04095	04095	04095	04095	
03887	04095	04095	04095	04095	04095	04095	04095	04095	
03907	04095	04095	04095	04095	04095	04095	04095	04095	
03909	04095	04095	04095	04095	04095	04095	04095	04095	
03900	04095	04095	04095	04095	04095	04095	04095	04095	
03917	04095	04095	04095	04095	04095	04095	04095	04095	
03930	04095	04095	04095	04095	04095	04095	04095	04095	
03921	04095	04095	04095	04095	04095	04095	04095	04095	
03931	04095	04095	04095	04095	04095	04095	04095	04095	
03951	04095	04095	04095	04095	04095	04095	04095	04095	
03945	04095	04095	04095	04095	04095	04095	04095	04095	
03943	04095	04095	04095	04095	04095	04095	04095	04095	
03961	04095	04095	04095	04095	04095	04095	04095	04095	
03962	04095	04095	04095	04095	04095	04095	04095	04095	
03950	04095	04095	04095	04095	04095	04095	04095	04095	
03961	04095	04095	04095	04095	04095	04095	04095	04095	
03969	04095	04095	04095	04095	04095	04095	04095	04095	
03956	04095	04095	04095	04095	04095	04095	04095	04095	
03959	04095	04095	04095	04095	04095	04095	04095	04095	
03975	04095	04095	04095	04095	04095	04095	04095	04095	
03968	04095	04095	04095	04095	04095	04095	04095	04095	
03961	04095	04095	04095	04095	04095	04095	04095	04095	
03973	04095	04095	04095	04095	04095	04095	04095	04095	
03529	03858	03570	03779	03802	03890	04046	03590	03640	
03016	03571	02973	03420	03458	03642	03963	03028	03104	
02500	03278	02358	03055	03111	03388	03855	02455	02548	
01981	02981	01736	02683	02774	03128	03743	01876	01983	
01453	02683	01114	02311	02422	02866	03650	01296	01414	
01377	02624	01015	02258	02363	02808	03608	01219	01297	
01359	02612	00986	02246	02353	02794	03600	01200	01259	
01348	02602	00971	02236	02340	02783	03590	01190	01240	
01342	02595	00964	02234	02329	02779	03585	01184	01228	
01336	02590	00958	02235	02321	02778	03585	01182	01221	
01327	02581	00955	02231	02310	02775	03580	01178	01214	
01323	02575	00952	02227	02303	02771	03574	01175	01209	
01323	02577	00951	02228	02309	02772	03576	01175	01208	
01323	02577	00949	02226	02314	02771	03576	01174	01204	
01323	02576	00948	02221	02312	02767	03572	01172	01201	
01324	02578	00948	02223	02315	02769	03574	01175	01203	
01325	02579	00949	02227	02318	02773	03578	01176	01203	
01324	02578	00950	02227	02310	02771	03578	01176	01202	
01325	02578	00952	02230	02306	02773	03580	01178	01204	
01328	02581	00952	02234	02311	02776	03585	01180	01204	
01329	02584	00951	02232	02314	02775	03585	01179	01203	
01328	02584	00951	02228	02316	02773	03583	01179	01203	
01330	02585	00950	02228	02322	02774	03583	01178	01202	
01330	02586	00951	02229	02323	02774	03584	01178	01202	
01328	02581	00951	02228	02317	02772	03582	01178	01201	
01325	02577	00950	02227	02312	02772	03583	01176	01200	
01325	02578	00951	02230	02312	02773	03584	01177	01200	
01324	02577	00950	02228	02310	02772	03583	01178	01199	
01323	02576	00949	02225	02308	02771	03581	01177	01198	
01325	02580	00949	02226	02315	02772	03583	01178	01198	
01326	02582	00950	02226	02320	02772	03583	01180	01199	
01323	02578	00949	02222	02315	02770	03578	01177	01198	
01322	02576	00948	02223	02312	02769	03576	01176	01197	
01323	02576	00947	02224	02311	02771	03578	01176	01197	
01318	02569	00945	02220	02301	02767	03574	01172	01193	
01316	02566	00943	02217	02299	02764	03568	01170	01192	
01336	02597	00960	02245	02330	02800	03601	01191	01212	
01510	02813	01122	02501	02546	03065	03719	01382	01390	
01888	03116	01523	02875	02893	03330	03836	01821	01784	
02339	03424	02014	03251	03258	03598	03932	02346	02267	
02811	03730	02551	03627	03618	03864	04030	02904	02792	
03267	04006	03094	03976	03949	04095	04095	03459	03321	
03579	04095	03520	04095	04095	04095	04095	03852	03712	
03691	04095	03724	04095	04095	04095	04095	03997	03898	
03723	04095	03840	04095	04095	04095	04095	04058	03998	
03737	04095	03919	04095	04095	04095	04095	04085	04053	
03762	04095	03982	04095	04095	04095	04095	04095	04084	
03770	04095	04024	04095	04095	04095	04095	04095	04095	
03770	04095	04051	04095	04095	04095	04095	04095	04095	
03792	04095	04074	04095	04095	04095	04095	04095	04095	
03809	04095	04088	04095	04095	04095	04095	04095	04095	
03807	04095	04093	04095	04095	04095	04095	04095	04095	
03818	04095	04095	04095	04095	04095	04095	04095	04095	
03839	04095	04095	04095	04095	04095	04095	04095	04095	
03834	04095	04095	04095	04095	04095	04095	04095	04095	
03833	04095	04095	04095	04095	04095	04095	04095	04095	
03852	04095	04095	04095	04095	04095	04095	04095	04095	
03857	04095	04095	04095	04095	04095	04095	04095	04095	
03852	04095	04095	04095	04095	04095	04095	04095	04095	
03871	04095	04095	04095	04095	04095	04095	04095	04095	
03889	04095	04095	04095	04095	04095	04095	04095	04095	
03886	04095	04095	04095	04095	04095	04095	04095	04095	
03897	04095	04095	04095	04095	04095	04095	04095	04095	
03920	04095	04095	04095	04095	04095	04095	04095	04095	
03920	04095	04095	04095	04095	04095	04095	04095	04095	
03917	04095	04095	04095	04095	04095	04095	04095	04095	
03933	04095	04095	04095	04095	04095	04095	04095	04095	
03937	04095	04095	04095	04095	04095	04095	04095	04095	
03924	04095	04095	04095	04095	04095	04095	04095	04095	
03933	04095	04095	04095	04095	04095	04095	04095	04095	
03944	04095	04095	04095	04095	04095	04095	04095	04095	
03933	04095	04095	04095	04095	04095	04095	04095	04095	
03933	04095	04095	04095	04095	04095	04095	04095	04095	
03948	04095	04095	04095	04095	04095	04095	04095	04095	
03941	04095	04095	04095	04095	04095	04095	04095	04095	
03934	04095	04095	04095	04095	04095	04095	04095	04095	
03949	04095	04095	04095	04095	04095	04095	04095	04095	
03952	04095	04095	04095	04095	04095	04095	04095	04095	
03940	04095	04095	04095	04095	04095	04095	04095	04095	
03949	04095	04095	04095	04095	04095	04095	04095	04095	
03960	04095	04095	04095	04095	04095	04095	04095	04095	
03948	04095	04095	04095	04095	04095	04095	04095	04095	
03950	04095	04095	04095	04095	04095	04095	04095	04095	
03970	04095	04095	04095	04095	04095	04095	04095	04095	
03968	04095	04095	04095	04095	04095	04095	04095	04095	
03963	04095	04095	04095	04095	04095	04095	04095	04095	
03981	04095	04095	04095	04095	04095	04095	04095	04095	
03985	04095	04095	04095	04095	04095	04095	04095	04095	
03971	04095	04095	04095	04095	04095	04095	04095	04095	
03977	04095	04095	04095	04095	04095	04095	04095	04095	
03987	04095	04095	04095	04095	04095	04095	04095	04095	
03975	04095	04095	04095	04095	04095	04095	04095	04095	
03970	04095	04095	04095	04095	04095	04095	04095	04095	
03983	04095	04095	04095	04095	04095	04095	04095	04095	
03979	04095	04095	04095	04095	04095	04095	04095	04095	
03968	04095	04095	04095	04095	04095	04095	04095	04095	
03503	03867	03572	03721	03816	03905	04044	03596	03644	
02974	03583	02975	03289	03476	03662	03923	03038	03112	
02422	03284	02360	02849	03120	03427	03791	02466	02556	
01876	02981	01742	02408	02761	03169	03679	01889	01991	
01331	02675	01119	01962	02398	02909	03562	01309	01421	
01248	02594	01017	01887	02311	02836	03494	01225	01298	
01225	02569	00986	01872	02285	02816	03474	01201	01257	
01215	02560	00971	01866	02289	02787	03466	01189	01237	
01208	02553	00963	01859	02281	02780	03457	01183	01225	
01202	02548	00957	01854	02274	02774	03451	01179	01217	
01202	02549	00955	01853	02275	02774	03451	01177	01213	
01201	02549	00952	01852	02273	02771	03449	01176	01208	
01198	02545	00950	01848	02268	02767	03445	01174	01203	
01197	02544	00948	01846	02267	02767	03444	01174	01201	
01197	02545	00948	01846	02269	02768	03446	01174	01200	
01194	02540	00945	01843	02264	02765	03443	01172	01197	
01193	02539	00945	01842	02262	02765	03441	01171	01196	
01193	02540	00944	01842	02265	02766	03441	01171	01196	
01193	02539	00943	01840	02264	02764	03440	01169	01194	
01193	02538	00943	01839	02262	02764	03438	01169	01195	
01197	02543	00946	01843	02267	02768	03442	01170	01196	
01199	02545	00947	01846	02271	02769	03444	01172	01198	
01199	02544	00948	01845	02268	02769	03445	01172	01197	
01199	02546	00950	01847	02271	02771	03448	01174	01199	
01201	02547	00950	01848	02274	02772	03452	01176	01199	
01199	02543	00949	01846	02270	02770	03450	01175	01197	
01198	02542	00948	01845	02267	02768	03449	01174	01197	
01200	02544	00948	01846	02271	02770	03450	01175	01198	
01199	02542	00947	01845	02270	02769	03450	01174	01197	
01198	02541	00946	01844	02267	02767	03448	01173	01197	
01198	02542	00946	01845	02270	02768	03448	01174	01197	
01199	02544	00947	01846	02272	02770	03450	01175	01197	
01197	02541	00947	01843	02268	02768	03448	01175	01196	
01197	02542	00947	01843	02268	02769	03449	01176	01196	
01199	02545	00947	01845	02273	02773	03450	01177	01198	
01423	02809	01157	02212	02534	03038	03570	01429	01425	
01826	03118	01567	02660	02899	03301	03712	01873	01827	
02300	03430	02062	03112	03257	03568	03857	02395	02312	
02794	03740	02594	03563	03625	03833	03976	02947	02836	
03289	04048	03149	04011	03989	04095	04095	03512	03382	
03577	04095	03516	04095	04095	04095	04095	03844	03724	
03689	04095	03700	04095	04095	04095	04095	03983	03901	
03723	04095	03806	04095	04095	04095	04095	04046	03996	
03742	04095	03880	04095	04095	04095	04095	04078	04052	
03769	04095	03941	04095	04095	04095	04095	04095	04084	
03773	04095	03982	04095	04095	04095	04095	04095	04095	
03773	04095	04011	04095	04095	04095	04095	04095	04095	
03791	04095	04042	04095	04095	04095	04095	04095	04095	
03799	04095	04063	04095	04095	04095	04095	04095	04095	
03789	04095	04072	04095	04095	04095	04095	04095	04095	
03797	04095	04083	04095	04095	04095	04095	04095	04095	
03810	04095	04090	04095	04095	04095	04095	04095	04095	
03804	04095	04090	04095	04095	04095	04095	04095	04095	
03807	04095	04091	04095	04095	04095	04095	04095	04095	
03828	04095	04095	04095	04095	04095	04095	04095	04095	
03833	04095	04095	04095	04095	04095	04095	04095	04095	
03828	04095	04095	04095	04095	04095	04095	04095	04095	
03845	04095	04095	04095	04095	04095	04095	04095	04095	
03856	04095	04095	04095	04095	04095	04095	04095	04095	
03846	04095	04095	04095	04095	04095	04095	04095	04095	
03850	04095	04095	04095	04095	04095	04095	04095	04095	
03864	04095	04095	04095	04095	04095	04095	04095	04095	
03856	04095	04095	04095	04095	04095	04095	04095	04095	
03849	04095	04095	04095	04095	04095	04095	04095	04095	
03865	04095	04095	04095	04095	04095	04095	04095	04095	
03865	04095	04095	04095	04095	04095	04095	04095	04095	
03857	04095	04095	04095	04095	04095	04095	04095	04095	
03873	04095	04095	04095	04095	04095	04095	04095	04095	
03890	04095	04095	04095	04095	04095	04095	04095	04095	
03885	04095	04095	04095	04095	04095	04095	04095	04095	
03893	04095	04095	04095	04095	04095	04095	04095	04095	
03917	04095	04095	04095	04095	04095	04095	04095	04095	
03915	04095	04095	04095	04095	04095	04095	04095	04095	
03909	04095	04095	04095	04095	04095	04095	04095	04095	
03928	04095	04095	04095	04095	04095	04095	04095	04095	
03934	04095	04095	04095	04095	04095	04095	04095	04095	
03922	04095	04095	04095	04095	04095	04095	04095	04095	
03931	04095	04095	04095	04095	04095	04095	04095	04095	
03944	04095	04095	04095	04095	04095	04095	04095	04095	
03933	04095	04095	04095	04095	04095	04095	04095	04095	
03932	04095	04095	04095	04095	04095	04095	04095	04095	
03948	04095	04095	04095	04095	04095	04095	04095	04095	
03943	04095	04095	04095	04095	04095	04095	04095	04095	
03932	04095	04095	04095	04095	04095	04095	04095	04095	
03945	04095	04095	04095	04095	04095	04095	04095	04095	
03949	04095	04095	04095	04095	04095	04095	04095	04095	
03940	04095	04095	04095	04095	04095	04095	04095	04095	
03949	04095	04095	04095	04095	04095	04095	04095	04095	
03967	04095	04095	04095	04095	04095	04095	04095	04095	
03960	04095	04095	04095	04095	04095	04095	04095	04095	
03961	04095	04095	04095	04095	04095	04095	04095	04095	
03976	04095	04095	04095	04095	04095	04095	04095	04095	
03973	04095	04095	04095	04095	04095	04095	04095	04095	
03962	04095	04095	04095	04095	04095	04095	04095	04095	
03975	04095	04095	04095	04095	04095	04095	04095	04095	
03982	04095	04095	04095	04095	04095	04095	04095	04095	
03969	04095	04095	04095	04095	04095	04095	04095	04095	
03974	04095	04095	04095	04095	04095	04095	04095	04095	
03989	04095	04095	04095	04095	04095	04095	04095	04095	
03978	04095	04095	04095	04095	04095	04095	04095	04095	
03973	04095	04095	04095	04095	04095	04095	04095	04095	
03987	04095	04095	04095	04095	04095	04095	04095	04095	
03983	04095	04095	04095	04095	04095	04095	04095	04095	
03967	04095	04095	04095	04095	04095	04095	04095	04095	
03975	04095	04095	04095	04095	04095	04095	04095	04095	
03979	04095	04095	04095	04095	04095	04095	04095	04095	
03962	04095	04095	04095	04095	04095	04095	04095	04095	
03962	04095	04095	04095	04095	04095	04095	04095	04095	
03974	04095	04095	04095	04095	04095	04095	04095	04095	
03965	04095	04095	04095	04095	04095	04095	04095	04095	
03956	04095	04095	04095	04095	04095	04095	04095	04095	
03969	04095	04095	04095	04095	04095	04095	04095	04095	
03968	04095	04095	04095	04095	04095	04095	04095	04095	
03955	04095	04095	04095	04095	04095	04095	04095	04095	
03963	04095	04095	04095	04095	04095	04095	04095	04095	
03972	04095	04095	04095	04095	04095	04095	04095	04095	
03959	04095	04095	04095	04095	04095	04095	04095	04095	
03959	04095	04095	04095	04095	04095	04095	04095	04095	
03974	04095	04095	04095	04095	04095	04095	04095	04095	
03969	04095	04095	04095	04095	04095	04095	04095	04095	
03962	04095	04095	04095	04095	04095	04095	04095	04095	
03979	04095	04095	04095	04095	04095	04095	04095	04095	
03983	04095	04095	04095	04095	04095	04095	04095	04095	
03971	04095	04095	04095	04095	04095	04095	04095	04095	
03979	04095	04095	04095	04095	04095	04095	04095	04095	
03990	04095	04095	04095	04095	04095	04095	04095	04095	
03978	04095	04095	04095	04095	04095	04095	04095	04095	
03976	04095	04095	04095	04095	04095	04095	04095	04095	
03991	04095	04095	04095	04095	04095	04095	04095	04095	
03985	04095	04095	04095	04095	04095	04095	04095	04095	
03974	04095	04095	04095	04095	04095	04095	04095	04095	
03987	04095	04095	04095	04095	04095	04095	04095	04095	
03991	04095	04095	04095	04095	04095	04095	04095	04095	
03978	04095	04095	04095	04095	04095	04095	04095	04095	
03985	04095	04095	04095	04095	04095	04095	04095	04095	
03999	04095	04095	04095	04095	04095	04095	04095	04095	
03985	04095	04095	04095	04095	04095	04095	04095	04095	
03977	04095	04095	04095	04095	04095	04095	04095	04095	
03988	04095	04095	04095	04095	04095	04095	04095	04095	
03981	04095	04095	04095	04095	04095	04095	04095	04095	
03965	04095	04095	04095	04095	04095	04095	04095	04095	
03977	04095	04095	04095	04095	04095	04095	04095	04095	
03983	04095	04095	04095	04095	04095	04095	04095	04095	
03970	04095	04095	04095	04095	04095	04095	04095	04095	
03971	04095	04095	04095	04095	04095	04095	04095	04095	
03982	04095	04095	04095	04095	04095	04095	04095	04095	
03969	04095	04095	04095	04095	04095	04095	04095	04095	
03961	04095	04095	04095	04095	04095	04095	04095	04095	
03973	04095	04095	04095	04095	04095	04095	04095	04095	
03970	04095	04095	04095	04095	04095	04095	04095	04095	
03957	04095	04095	04095	04095	04095	04095	04095	04095	
03969	04095	04095	04095	04095	04095	04095	04095	04095	
03977	04095	04095	04095	04095	04095	04095	04095	04095	
03966	04095	04095	04095	04095	04095	04095	04095	04095	
03971	04095	04095	04095	04095	04095	04095	04095	04095	
03989	04095	04095	04095	04095	04095	04095	04095	04095	
03985	04095	04095	04095	04095	04095	04095	04095	04095	
03982	04095	04095	04095	04095	04095	04095	04095	04095	
03998	04095	04095	04095	04095	04095	04095	04095	04095	
03527	03833	03573	03717	03813	03900	04037	03596	03647	
03007	03543	02999	03314	03498	03697	03974	03061	03141	
02475	03227	02399	02889	03159	03465	03862	02503	02602	
01937	02903	01790	02455	02823	03223	03740	01936	02049	
01374	02561	01169	02006	02456	02962	03621	01356	01482	
01615	02823	01380	02384	02715	03157	03679	01634	01685	
02024	03113	01788	02787	03030	03360	03742	02078	02076	
02485	03429	02279	03212	03368	03592	03854	02588	02554	
02973	03753	02812	03646	03704	03834	03976	03133	03077	
03498	04095	03384	04095	04071	04095	04095	03713	03642	
03266	03853	03172	03733	03832	03924	04059	03443	03434	
02828	03521	02729	03290	03478	03670	03949	02966	02999	
02347	03179	02213	02839	03113	03409	03809	02434	02493	
01844	02835	01661	02387	02756	03144	03664	01873	01950	
01313	02487	01082	01933	02383	02876	03540	01286	01375	
01217	02382	00976	01840	02274	02781	03451	01192	01248	
01201	02367	00956	01831	02257	02769	03438	01174	01221	
01195	02361	00949	01828	02250	02764	03433	01168	01209	
01192	02357	00944	01825	02246	02762	03431	01166	01202	
01192	02359	00943	01827	02248	02764	03434	01168	01202	
01190	02358	00941	01827	02246	02764	03437	01167	01199	
01187	02354	00939	01825	02240	02761	03436	01166	01195	
01188	02355	00939	01825	02240	02761	03437	01165	01193	
01187	02356	00938	01825	02241	02761	03436	01164	01191	
01185	02353	00936	01822	02237	02758	03430	01162	01189	
01185	02352	00936	01821	02237	02758	03429	01162	01189	
01187	02356	00936	01821	02242	02761	03430	01164	01190	
01187	02355	00936	01821	02241	02761	03430	01165	01191	
01187	02354	00937	01821	02241	02761	03430	01165	01190	
01189	02359	00940	01824	02245	02765	03435	01166	01191	
01191	02361	00941	01825	02246	02766	03436	01167	01191	
01190	02360	00942	01826	02244	02764	03434	01167	01191	
01192	02362	00942	01827	02246	02765	03436	01168	01192	
01192	02364	00943	01828	02248	02767	03438	01170	01194	
01190	02362	00941	01826	02244	02763	03437	01169	01192	
01190	02362	00942	01826	02242	02763	03437	01169	01191	
01191	02365	00943	01828	02246	02765	03441	01170	01191	
01189	02363	00942	01826	02243	02763	03438	01169	01189	
01189	02361	00942	01824	02241	02762	03437	01168	01188	
01191	02364	00942	01825	02244	02765	03440	01169	01189	
01190	02363	00941	01825	02246	02766	03439	01170	01191	
01188	02361	00939	01823	02242	02763	03434	01168	01190	
01190	02363	00939	01824	02246	02765	03436	01167	01189	
01190	02364	00939	01824	02234	02783	03436	01166	01187	
01188	02358	00936	01820	02230	02778	03428	01162	01184	
01187	02356	00935	01819	02228	02776	03425	01160	01182	
01187	02357	00935	01819	02228	02777	03429	01161	01181	
01184	02353	00933	01816	02223	02774	03426	01160	01180	
01182	02350	00931	01814	02233	02754	03424	01159	01180	
01183	02353	00932	01815	02236	02756	03427	01161	01181	
01182	02354	00932	01814	02236	02756	03428	01161	01181	
01181	02353	00932	01813	02234	02754	03425	01160	01179	
01182	02355	00933	01814	02235	02757	03427	01161	01180	
01184	02358	00933	01816	02237	02759	03429	01161	01181	
01183	02355	00932	01815	02234	02757	03428	01160	01180	
01183	02354	00932	01815	02234	02756	03427	01160	01180	
01185	02356	00933	01816	02237	02757	03429	01160	01180	
01184	02355	00933	01816	02236	02756	03428	01160	01180	
01183	02351	00932	01814	02234	02754	03426	01160	01179	
01184	02353	00933	01814	02236	02756	03426	01162	01181	
01185	02355	00934	01816	02238	02759	03429	01164	01183	
01185	02354	00935	01816	02237	02759	03429	01164	01184	
01187	02357	00936	01818	02240	02761	03431	01166	01187	
01190	02362	00940	01822	02244	02765	03435	01168	01189	
01190	02362	00941	01823	02246	02766	03436	01169	01190	
01190	02361	00941	01822	02245	02765	03437	01169	01190	
01192	02363	00941	01824	02248	02767	03437	01169	01190	
01191	02361	00940	01824	02246	02765	03435	01168	01189	
01189	02357	00938	01821	02244	02762	03431	01167	01188	
01189	02359	00939	01823	02243	02764	03435	01168	01188	
01190	02360	00941	01823	02245	02765	03435	01168	01189	
01187	02358	00940	01821	02241	02763	03433	01168	01188	
01188	02359	00941	01821	02243	02765	03435	01168	01188	
01190	02362	00942	01823	02246	02768	03438	01168	01188	
01189	02360	00942	01822	02246	02766	03436	01168	01188	
01189	02359	00942	01822	02244	02764	03437	01168	01187	
01192	02362	00944	01825	02247	02767	03439	01169	01189	
01191	02360	00941	01823	02244	02765	03437	01168	01188	
01189	02355	00939	01819	02238	02760	03432	01166	01185	
01188	02355	00937	01818	02239	02760	03428	01164	01184	
01186	02356	00936	01816	02239	02759	03425	01163	01184	
01183	02353	00934	01812	02235	02755	03420	01160	01181	
01183	02351	00934	01814	02234	02754	03420	01161	01181	
01184	02353	00934	01816	02236	02756	03423	01162	01182	
01183	02351	00933	01813	02232	02755	03424	01160	01179	
01183	02349	00932	01812	02231	02754	03423	01159	01179	
01185	02350	00932	01813	02234	02756	03427	01160	01180	
01185	02352	00932	01813	02236	02758	03427	01160	01181	
01183	02349	00931	01810	02234	02755	03425	01160	01181	
01184	02351	00931	01812	02238	02757	03424	01160	01182	
01186	02352	00932	01814	02241	02758	03426	01162	01182	
01183	02350	00931	01811	02236	02756	03423	01161	01182	
01305	02519	01041	02014	02404	02983	03570	01294	01308	
01699	02870	01427	02472	02768	03252	03719	01719	01687	
02157	03219	01898	02928	03141	03520	03844	02223	02153	
02642	03567	02414	03384	03514	03787	03968	02762	02664	
03155	03916	02965	03841	03889	04055	04095	03330	03209	
03550	04095	03429	04095	04095	04095	04095	03775	03644	
03667	04095	03627	04095	04095	04095	04095	03933	03838	
03728	04095	03749	04095	04095	04095	04095	04016	03954	
03769	04095	03836	04095	04095	04095	04095	04063	04026	
03775	04095	03890	04095	04095	04095	04095	04083	04064	
03779	04095	03929	04095	04095	04095	04095	04091	04084	
03802	04095	03969	04095	04095	04095	04095	04095	04095	
03806	04095	03996	04095	04095	04095	04095	04095	04095	
03798	04095	04012	04095	04095	04095	04095	04095	04095	
03812	04095	04032	04095	04095	04095	04095	04095	04095	
03822	04095	04052	04095	04095	04095	04095	04095	04095	
03811	04095	04058	04095	04095	04095	04095	04095	04095	
03816	04095	04069	04095	04095	04095	04095	04095	04095	
03829	04095	04081	04095	04095	04095	04095	04095	04095	
03821	04095	04083	04095	04095	04095	04095	04095	04095	
03814	04095	04082	04095	04095	04095	04095	04095	04095	
03829	04095	04087	04095	04095	04095	04095	04095	04095	
03828	04095	04089	04095	04095	04095	04095	04095	04095	
03818	04095	04088	04095	04095	04095	04095	04095	04095	
03829	04095	04091	04095	04095	04095	04095	04095	04095	
03840	04095	04094	04095	04095	04095	04095	04095	04095	
03829	04095	04094	04095	04095	04095	04095	04095	04095	
03831	04095	04094	04095	04095	04095	04095	04095	04095	
03849	04095	04095	04095	04095	04095	04095	04095	04095	
03846	04095	04095	04095	04095	04095	04095	04095	04095	
03843	04095	04095	04095	04095	04095	04095	04095	04095	
03862	04095	04095	04095	04095	04095	04095	04095	04095	
03870	04095	04095	04095	04095	04095	04095	04095	04095	
03862	04095	04095	04095	04095	04095	04095	04095	04095	
03874	04095	04095	04095	04095	04095	04095	04095	04095	
03890	04095	04095	04095	04095	04095	04095	04095	04095	
03884	04095	04095	04095	04095	04095	04095	04095	04095	
03889	04095	04095	04095	04095	04095	04095	04095	04095	
03910	04095	04095	04095	04095	04095	04095	04095	04095	
03910	04095	04095	04095	04095	04095	04095	04095	04095	
03905	04095	04095	04095	04095	04095	04095	04095	04095	
03922	04095	04095	04095	04095	04095	04095	04095	04095	
03928	04095	04095	04095	04095	04095	04095	04095	04095	
03917	04095	04095	04095	04095	04095	04095	04095	04095	
03927	04095	04095	04095	04095	04095	04095	04095	04095	
03941	04095	04095	04095	04095	04095	04095	04095	04095	
03930	04095	04095	04095	04095	04095	04095	04095	04095	
03931	04095	04095	04095	04095	04095	04095	04095	04095	
03948	04095	04095	04095	04095	04095	04095	04095	04095	
03945	04095	04095	04095	04095	04095	04095	04095	04095	
03936	04095	04095	04095	04095	04095	04095	04095	04095	
03950	04095	04095	04095	04095	04095	04095	04095	04095	
03952	04095	04095	04095	04095	04095	04095	04095	04095	
03937	04095	04094	04095	04095	04095	04095	04095	04095	
03941	04095	04094	04095	04095	04095	04095	04095	04095	
03950	04095	04094	04095	04095	04095	04095	04095	04095	
03937	04095	04094	04095	04095	04095	04095	04095	04095	
03933	04095	04094	04095	04095	04095	04095	04095	04095	
03946	04095	04095	04095	04095	04095	04095	04095	04095	
03940	04095	04095	04095	04095	04095	04095	04095	04095	
03929	04095	04095	04095	04095	04095	04095	04095	04095	
03940	04095	04095	04095	04095	04095	04095	04095	04095	
03946	04095	04095	04095	04095	04095	04095	04095	04095	
03932	04095	04094	04095	04095	04095	04095	04095	04095	
03936	04095	04094	04095	04095	04095	04095	04095	04095	
03947	04095	04094	04095	04095	04095	04095	04095	04095	
03937	04095	04094	04095	04095	04095	04095	04095	04095	
03932	04095	04094	04095	04095	04095	04095	04095	04095	
03949	04095	04095	04095	04095	04095	04095	04095	04095	
03951	04095	04095	04095	04095	04095	04095	04095	04095	
03943	04095	04095	04095	04095	04095	04095	04095	04095	
03958	04095	04095	04095	04095	04095	04095	04095	04095	
03968	04095	04095	04095	04095	04095	04095	04095	04095	
03955	04095	04095	04095	04095	04095	04095	04095	04095	
03958	04095	04095	04095	04095	04095	04095	04095	04095	
03971	04095	04095	04095	04095	04095	04095	04095	04095	
03962	04095	04095	04095	04095	04095	04095	04095	04095	
03957	04095	04095	04095	04095	04095	04095	04095	04095	
03974	04095	04095	04095	04095	04095	04095	04095	04095	
03974	04095	04095	04095	04095	04095	04095	04095	04095	
03962	04095	04095	04095	04095	04095	04095	04095	04095	
03973	04095	04095	04095	04095	04095	04095	04095	04095	
03981	04095	04095	04095	04095	04095	04095	04095	04095	
03967	04095	04095	04095	04095	04095	04095	04095	04095	
03968	04095	04095	04095	04095	04095	04095	04095	04095	
03979	04095	04095	04095	04095	04095	04095	04095	04095	
03965	04095	04095	04095	04095	04095	04095	04095	04095	
03952	04095	04095	04095	04095	04095	04095	04095	04095	
03961	04095	04095	04095	04095	04095	04095	04095	04095	
03957	04095	04095	04095	04095	04095	04095	04095	04095	
03943	04095	04095	04095	04095	04095	04095	04095	04095	
03951	04095	04095	04095	04095	04095	04095	04095	04095	
03961	04095	04095	04095	04095	04095	04095	04095	04095	
03947	04095	04095	04095	04095	04095	04095	04095	04095	
03946	04095	04095	04095	04095	04095	04095	04095	04095	
03959	04095	04095	04095	04095	04095	04095	04095	04095	
03951	04095	04095	04095	04095	04095	04095	04095	04095	
03941	04095	04095	04095	04095	04095	04095	04095	04095	
03956	04095	04095	04095	04095	04095	04095	04095	04095	
03958	04095	04095	04095	04095	04095	04095	04095	04095	
03945	04095	04095	04095	04095	04095	04095	04095	04095	
03956	04095	04095	04095	04095	04095	04095	04095	04095	
03970	04095	04095	04095	04095	04095	04095	04095	04095	
03961	04095	04095	04095	04095	04095	04095	04095	04095	
03963	04095	04095	04095	04095	04095	04095	04095	04095	
03982	04095	04095	04095	04095	04095	04095	04095	04095	
03977	04095	04095	04095	04095	04095	04095	04095	04095	
03967	04095	04095	04095	04095	04095	04095	04095	04095	
03979	04095	04095	04095	04095	04095	04095	04095	04095	
03979	04095	04095	04095	04095	04095	04095	04095	04095	
03961	04095	04095	04095	04095	04095	04095	04095	04095	
03964	04095	04095	04095	04095	04095	04095	04095	04095	
03974	04095	04095	04095	04095	04095	04095	04095	04095	
03960	04095	04095	04095	04095	04095	04095	04095	04095	
03959	04095	04095	04095	04095	04095	04095	04095	04095	
03977	04095	04095	04095	04095	04095	04095	04095	04095	
03606	03890	03676	03804	03880	03975	04054	03690	03738	
03079	03537	03090	03374	03511	03735	03936	03137	03216	
02545	03168	02480	02932	03124	03484	03806	02566	02664	
02000	02792	01862	02485	02729	03226	03671	01988	02101	
01444	02422	01243	02044	02340	02977	03521	01415	01541	
01642	02627	01413	02334	02554	03097	03561	01653	01706	
02077	02980	01850	02765	02923	03336	03679	02130	02130	
02551	03349	02354	03207	03310	03587	03809	02657	02625	
03051	03724	02893	03653	03705	03845	03944	03212	03159	
03571	04095	03455	04095	04095	04095	04095	03780	03711	
03711	04095	03655	04095	04095	04095	04095	03947	03902	
03768	04095	03762	04095	04095	04095	04095	04023	04001	
03820	04095	03839	04095	04095	04095	04095	04067	04057	
03852	04095	03892	04095	04095	04095	04095	04089	04086	
03856	04095	03923	04095	04095	04095	04095	04094	04095	
03874	04095	03951	04095	04095	04095	04095	04095	04095	
03898	04095	03979	04095	04095	04095	04095	04095	04095	
03896	04095	03992	04095	04095	04095	04095	04095	04095	
03898	04095	04003	04095	04095	04095	04095	04095	04095	
03923	04095	04026	04095	04095	04095	04095	04095	04095	
03929	04095	04041	04095	04095	04095	04095	04095	04095	
03487	03812	03548	03726	03798	03910	04028	03611	03658	
02973	03451	02966	03288	03419	03663	03903	03049	03120	
02442	03077	02365	02843	03026	03406	03770	02474	02560	
01888	02699	01743	02393	02627	03146	03610	01895	01991	
01344	02320	01122	01943	02241	02885	03449	01314	01420	
01241	02222	01005	01862	02138	02808	03375	01216	01283	
01219	02202	00978	01849	02114	02792	03361	01196	01247	
01210	02192	00967	01843	02105	02785	03353	01187	01229	
01207	02190	00961	01842	02103	02783	03350	01184	01222	
01203	02186	00956	01839	02098	02779	03346	01181	01215	
01199	02182	00951	01835	02093	02774	03342	01179	01209	
01200	02182	00950	01834	02093	02775	03340	01177	01206	
01199	02182	00949	01835	02092	02775	03341	01177	01205	
01197	02179	00947	01831	02089	02773	03339	01176	01203	
01195	02176	00945	01829	02074	02790	03337	01175	01200	
01194	02176	00944	01828	02073	02790	03336	01172	01198	
01191	02173	00941	01825	02069	02785	03331	01170	01195	
01189	02169	00937	01821	02066	02782	03326	01168	01192	
01188	02169	00935	01820	02066	02782	03325	01166	01189	
01188	02169	00934	01818	02078	02762	03324	01165	01188	
01187	02166	00933	01816	02076	02760	03325	01165	01187	
01187	02166	00933	01817	02078	02762	03326	01166	01186	
01187	02168	00934	01817	02078	02763	03327	01164	01185	
01186	02166	00933	01815	02074	02760	03325	01164	01185	
01187	02167	00934	01817	02075	02761	03326	01165	01185	
01188	02169	00934	01817	02076	02762	03325	01164	01185	
01186	02167	00934	01816	02074	02760	03324	01163	01184	
01186	02166	00934	01815	02074	02759	03323	01163	01185	
01187	02168	00935	01817	02076	02762	03326	01164	01186	
01185	02166	00934	01816	02075	02760	03324	01164	01185	
01184	02164	00933	01814	02074	02758	03323	01163	01184	
01187	02168	00935	01817	02078	02763	03326	01166	01187	
01188	02170	00936	01818	02080	02764	03328	01167	01187	
01188	02170	00937	01818	02079	02763	03328	01168	01187	
01191	02172	00939	01821	02082	02766	03330	01170	01189	
01194	02175	00941	01825	02085	02768	03335	01173	01192	
01192	02172	00940	01824	02083	02766	03333	01172	01190	
01191	02172	00940	01822	02082	02765	03330	01171	01190	
01193	02174	00941	01824	02085	02768	03333	01172	01191	
01192	02174	00941	01823	02084	02768	03333	01170	01190	
01191	02172	00940	01821	02083	02766	03331	01169	01189	
01193	02174	00941	01824	02085	02768	03334	01171	01191	
01194	02175	00941	01825	02085	02769	03338	01173	01191	
01192	02171	00940	01823	02082	02765	03334	01170	01189	
01193	02172	00941	01824	02082	02766	03334	01171	01189	
01194	02174	00942	01825	02085	02769	03334	01172	01191	
01191	02171	00941	01821	02081	02767	03330	01169	01188	
01190	02169	00940	01818	02080	02766	03325	01168	01189	
01191	02171	00940	01819	02081	02767	03327	01169	01189	
01189	02168	00937	01818	02079	02765	03326	01167	01187	
01185	02164	00934	01814	02074	02760	03323	01165	01186	
01186	02164	00934	01815	02075	02761	03325	01166	01185	
01186	02165	00933	01816	02075	02761	03326	01165	01184	
01185	02163	00932	01814	02073	02759	03325	01164	01183	
01185	02163	00932	01814	02073	02759	03325	01164	01184	
01188	02166	00933	01816	02075	02762	03326	01165	01184	
01187	02164	00933	01815	02074	02760	03324	01164	01183	
01186	02163	00934	01814	02073	02760	03321	01164	01182	
01187	02164	00933	01816	02076	02762	03322	01167	01184	
01187	02164	00933	01815	02075	02761	03321	01166	01182	
01186	02163	00933	01814	02073	02758	03319	01165	01182	
01187	02164	00933	01814	02075	02760	03321	01166	01184	
01188	02165	00933	01815	02075	02760	03322	01166	01183	
01186	02164	00933	01813	02073	02756	03320	01164	01181	
01189	02165	00935	01816	02064	02759	03321	01166	01211	
01192	02168	00936	01819	02068	02763	03326	01169	01214	
01191	02169	00938	01818	02068	02764	03326	01169	01215	
01193	02170	00941	01820	02069	02764	03329	01170	01217	
01195	02173	00943	01823	02073	02770	03335	01174	01220	
01194	02173	00943	01823	02084	02769	03335	01173	01191	
01192	02172	00943	01822	02081	02767	03336	01172	01189	
01194	02174	00944	01825	02083	02769	03337	01174	01190	
01194	02175	00944	01825	02084	02770	03336	01175	01190	
01192	02173	00943	01823	02081	02767	03333	01173	01189	
01193	02173	00944	01823	02081	02767	03333	01174	01190	
01195	02175	00944	01825	02084	02769	03332	01174	01191	
01193	02173	00944	01822	02082	02769	03331	01173	01190	
01193	02171	00943	01821	02082	02768	03330	01173	01190	
01195	02173	00944	01824	02084	02770	03333	01175	01192	
01195	02173	00944	01824	02085	02770	03333	01174	01192	
01193	02170	00943	01822	02083	02769	03331	01173	01192	
01447	02491	01178	02221	02391	03034	03476	01458	01447	
01867	02876	01592	02676	02796	03300	03620	01913	01858	
02329	03259	02072	03129	03199	03563	03784	02419	02333	
02812	03644	02591	03583	03590	03829	03950	02957	02845	
03315	04030	03137	04039	03996	04095	04095	03520	03386	
03561	04095	03461	04095	04095	04095	04095	03807	03685	
03636	04095	03614	04095	04095	04095	04095	03925	03836	
03683	04095	03716	04095	04095	04095	04095	04003	03934	
03715	04095	03789	04095	04095	04095	04095	04049	04002	
03717	04095	03833	04095	04095	04095	04095	04071	04042	
03729	04095	03867	04095	04095	04095	04095	04084	04069	
03755	04095	03905	04095	04095	04095	04095	04095	04088	
03759	04095	03927	04095	04095	04095	04095	04095	04095	
03759	04095	03941	04095	04095	04095	04095	04095	04095	
03782	04095	03964	04095	04095	04095	04095	04095	04095	
03795	04095	03981	04095	04095	04095	04095	04095	04095	
03793	04095	03986	04095	04095	04095	04095	04095	04095	
03814	04095	04002	04095	04095	04095	04095	04095	04095	
03838	04095	04022	04095	04095	04095	04095	04095	04095	
03839	04095	04028	04095	04095	04095	04095	04095	04095	
03849	04095	04039	04095	04095	04095	04095	04095	04095	
03872	04095	04058	04095	04095	04095	04095	04095	04095	
03872	04095	04064	04095	04095	04095	04095	04095	04095	
03863	04095	04064	04095	04095	04095	04095	04095	04095	
03874	04095	04074	04095	04095	04095	04095	04095	04095	
03877	04095	04081	04095	04095	04095	04095	04095	04095	
03863	04095	04076	04095	04095	04095	04095	04095	04095	
03867	04095	04081	04095	04095	04095	04095	04095	04095	
03880	04095	04088	04095	04095	04095	04095	04095	04095	
03870	04095	04087	04095	04095	04095	04095	04095	04095	
03866	04095	04088	04095	04095	04095	04095	04095	04095	
03882	04095	04093	04095	04095	04095	04095	04095	04095	
03880	04095	04093	04095	04095	04095	04095	04095	04095	
03869	04095	04093	04095	04095	04095	04095	04095	04095	
03881	04095	04095	04095	04095	04095	04095	04095	04095	
03889	04095	04095	04095	04095	04095	04095	04095	04095	
03877	04095	04095	04095	04095	04095	04095	04095	04095	
03885	04095	04095	04095	04095	04095	04095	04095	04095	
03905	04095	04095	04095	04095	04095	04095	04095	04095	
03902	04095	04095	04095	04095	04095	04095	04095	04095	
03904	04095	04095	04095	04095	04095	04095	04095	04095	
03926	04095	04095	04095	04095	04095	04095	04095	04095	
03927	04095	04095	04095	04095	04095	04095	04095	04095	
03914	04095	04095	04095	04095	04095	04095	04095	04095	
03924	04095	04095	04095	04095	04095	04095	04095	04095	
03928	04095	04095	04095	04095	04095	04095	04095	04095	
03912	04095	04095	04095	04095	04095	04095	04095	04095	
03912	04095	04095	04095	04095	04095	04095	04095	04095	
03924	04095	04095	04095	04095	04095	04095	04095	04095	
03913	04095	04095	04095	04095	04095	04095	04095	04095	
03910	04095	04095	04095	04095	04095	04095	04095	04095	
03929	04095	04095	04095	04095	04095	04095	04095	04095	
03933	04095	04095	04095	04095	04095	04095	04095	04095	
03925	04095	04095	04095	04095	04095	04095	04095	04095	
03938	04095	04095	04095	04095	04095	04095	04095	04095	
03942	04095	04095	04095	04095	04095	04095	04095	04095	
03919	04095	04095	04095	04095	04095	04095	04095	04095	
03906	04095	04095	04095	04095	04095	04095	04095	04095	
03904	04095	04095	04095	04095	04095	04095	04095	04095	
03881	04095	04095	04095	04095	04095	04095	04095	04095	
03861	04095	04095	04095	04095	04095	04095	04095	04095	
03866	04095	04095	04095	04095	04095	04095	04095	04095	
03861	04095	04095	04095	04095	04095	04095	04095	04095	
03843	04095	04095	04095	04095	04095	04095	04095	04095	
03847	04095	04095	04095	04095	04095	04095	04095	04095	
03854	04095	04095	04095	04095	04095	04095	04095	04095	
03838	04095	04095	04095	04095	04095	04095	04095	04095	
03832	04095	04095	04095	04095	04095	04095	04095	04095	
03844	04095	04095	04095	04095	04095	04095	04095	04095	
03835	04095	04095	04095	04095	04095	04095	04095	04095	
03824	04095	04095	04095	04095	04095	04095	04095	04095	
03837	04095	04095	04095	04095	04095	04095	04095	04095	
03843	04095	04095	04095	04095	04095	04095	04095	04095	
03834	04095	04095	04095	04095	04095	04095	04095	04095	
03847	04095	04095	04095	04095	04095	04095	04095	04095	
03864	04095	04095	04095	04095	04095	04095	04095	04095	
03858	04095	04095	04095	04095	04095	04095	04095	04095	
