03782	04095	04095	04095	04095	04095	04095	04095	04095	
03779	04095	04095	04095	04095	04095	04095	04095	04095	
03789	04095	04095	04095	04095	04095	04095	04095	04095	
03774	04095	04095	04095	04095	04095	04095	04095	04095	
03763	04095	04095	04095	04095	04095	04095	04095	04095	
03777	04095	04095	04095	04095	04095	04095	04095	04095	
03777	04095	04095	04095	04095	04095	04095	04095	04095	
03766	04095	04095	04095	04095	04095	04095	04095	04095	
03779	04095	04095	04095	04095	04095	04095	04095	04095	
03791	04095	04095	04095	04095	04095	04095	04095	04095	
03779	04095	04095	04095	04095	04095	04095	04095	04095	
03781	04095	04095	04095	04095	04095	04095	04095	04095	
03796	04095	04095	04095	04095	04095	04095	04095	04095	
03789	04095	04095	04095	04095	04095	04095	04095	04095	
03780	04095	04095	04095	04095	04095	04095	04095	04095	
03796	04095	04095	04095	04095	04095	04095	04095	04095	
03795	04095	04095	04095	04095	04095	04095	04095	04095	
03781	04095	04095	04095	04095	04095	04095	04095	04095	
03788	04095	04095	04095	04095	04095	04095	04095	04095	
03796	04095	04095	04095	04095	04095	04095	04095	04095	
03780	04095	04095	04095	04095	04095	04095	04095	04095	
03779	04095	04095	04095	04095	04095	04095	04095	04095	
03794	04095	04095	04095	04095	04095	04095	04095	04095	
03781	04095	04095	04095	04095	04095	04095	04095	04095	
03770	04095	04095	04095	04095	04095	04095	04095	04095	
03782	04095	04095	04095	04095	04095	04095	04095	04095	
03778	04095	04095	04095	04095	04095	04095	04095	04095	
03760	04095	04095	04095	04095	04095	04095	04095	04095	
03770	04095	04095	04095	04095	04095	04095	04095	04095	
03778	04095	04095	04095	04095	04095	04095	04095	04095	
03763	04095	04095	04095	04095	04095	04095	04095	04095	
03763	04095	04095	04095	04095	04095	04095	04095	04095	
03777	04095	04095	04095	04095	04095	04095	04095	04095	
03767	04095	04095	04095	04095	04095	04095	04095	04095	
03758	04095	04095	04095	04095	04095	04095	04095	04095	
03773	04095	04095	04095	04095	04095	04095	04095	04095	
03771	04095	04095	04095	04095	04095	04095	04095	04095	
03757	04095	04095	04095	04095	04095	04095	04095	04095	
03768	04095	04095	04095	04095	04095	04095	04095	04095	
03779	04095	04095	04095	04095	04095	04095	04095	04095	
03459	03908	03765	03858	03777	04015	04079	03752	03777	
03038	03620	03286	03534	03362	03844	03980	03278	03332	
02635	03357	02811	03237	02968	03705	03913	02818	02893	
02198	03070	02311	02917	02552	03541	03796	02336	02427	
01746	02765	01791	02580	02133	03356	03658	01833	01939	
01615	02646	01599	02481	02019	03251	03558	01672	01767	
01592	02630	01555	02470	02003	03239	03544	01643	01722	
01552	02582	01501	02425	01961	03189	03491	01593	01663	
01535	02563	01472	02409	01946	03170	03471	01570	01634	
01531	02560	01461	02407	01942	03167	03468	01563	01623	
01523	02552	01451	02398	01936	03161	03464	01556	01610	
01518	02545	01443	02391	01931	03154	03458	01549	01600	
01519	02546	01440	02392	01931	03155	03460	01547	01597	
01513	02539	01432	02381	01925	03148	03454	01541	01588	
01510	02536	01429	02376	01922	03145	03450	01539	01584	
01512	02538	01428	02378	01924	03146	03449	01539	01585	
01508	02535	01423	02372	01920	03143	03446	01535	01581	
01503	02529	01418	02366	01916	03138	03440	01531	01577	
01504	02529	01417	02369	01917	03138	03440	01530	01575	
01503	02527	01414	02369	01916	03137	03440	01527	01573	
01498	02522	01409	02363	01910	03133	03438	01524	01567	
01499	02522	01409	02365	01912	03134	03440	01524	01567	
01501	02526	01410	02368	01915	03136	03440	01525	01568	
01500	02523	01408	02364	01912	03133	03439	01524	01566	
01498	02521	01406	02362	01911	03131	03436	01522	01564	
01501	02524	01407	02367	01915	03133	03437	01524	01565	
01500	02524	01407	02367	01914	03132	03434	01523	01564	
01498	02519	01405	02364	01911	03129	03432	01521	01561	
01500	02523	01406	02367	01913	03130	03432	01522	01562	
01503	02524	01406	02369	01914	03132	03434	01524	01563	
01500	02519	01403	02362	01909	03129	03430	01521	01559	
01501	02520	01403	02362	01910	03129	03433	01521	01558	
01504	02524	01405	02365	01914	03132	03435	01524	01562	
01501	02522	01405	02362	01912	03132	03435	01524	01561	
01501	02523	01407	02362	01912	03132	03436	01523	01561	
01506	02530	01412	02370	01919	03138	03442	01527	01566	
01507	02530	01412	02369	01919	03138	03442	01528	01566	
01507	02530	01412	02366	01918	03138	03443	01528	01566	
01510	02533	01413	02369	01921	03141	03446	01529	01566	
01511	02535	01414	02370	01922	03142	03448	01530	01566	
01508	02531	01411	02366	01918	03138	03446	01528	01563	
01508	02531	01412	02369	01918	03139	03446	01528	01563	
01510	02533	01413	02375	01922	03140	03450	01529	01564	
01508	02530	01412	02372	01921	03139	03447	01528	01564	
01507	02527	01410	02369	01919	03137	03445	01527	01563	
01509	02531	01411	02372	01922	03139	03448	01528	01566	
01507	02529	01410	02368	01921	03139	03447	01529	01565	
01504	02525	01408	02363	01917	03136	03444	01528	01562	
01506	02528	01410	02368	01919	03138	03446	01529	01563	
01505	02528	01409	02368	01907	03157	03446	01529	01563	
01500	02522	01405	02362	01903	03153	03439	01525	01559	
01501	02522	01405	02362	01903	03153	03439	01524	01559	
01503	02524	01404	02363	01904	03155	03439	01523	01560	
01498	02519	01400	02355	01900	03150	03434	01520	01556	
01499	02518	01400	02353	01912	03130	03433	01519	01555	
01502	02523	01403	02358	01915	03134	03436	01521	01557	
01501	02523	01403	02356	01914	03132	03435	01521	01556	
01498	02519	01402	02354	01912	03130	03434	01520	01555	
01501	02522	01403	02358	01914	03133	03435	01521	01556	
01501	02524	01403	02359	01915	03134	03435	01521	01557	
01498	02519	01400	02354	01911	03129	03435	01520	01555	
01498	02518	01399	02355	01912	03129	03433	01519	01555	
01502	02521	01401	02358	01914	03131	03437	01520	01556	
01499	02518	01399	02353	01911	03128	03434	01519	01554	
01498	02516	01398	02352	01910	03127	03433	01518	01554	
01501	02520	01400	02357	01913	03130	03433	01519	01556	
01502	02521	01402	02358	01914	03131	03436	01521	01557	
01500	02520	01402	02355	01913	03129	03434	01522	01556	
01505	02526	01406	02361	01917	03135	03440	01526	01559	
01507	02528	01408	02363	01919	03137	03443	01527	01560	
01506	02526	01407	02361	01918	03136	03442	01528	01560	
01508	02527	01408	02361	01920	03139	03444	01530	01562	
01510	02531	01409	02363	01923	03142	03446	01531	01564	
01508	02526	01408	02359	01920	03140	03443	01530	01563	
01507	02526	01407	02357	01920	03139	03442	01531	01564	
01510	02530	01409	02360	01922	03143	03447	01532	01566	
01508	02528	01409	02358	01920	03141	03446	01530	01566	
01505	02523	01407	02355	01917	03138	03445	01529	01565	
01507	02527	01409	02358	01919	03140	03448	01529	01566	
01508	02529	01410	02359	01920	03142	03450	01529	01566	
01504	02525	01408	02355	01917	03139	03447	01527	01564	
01505	02526	01408	02358	01918	03139	03448	01527	01563	
01507	02530	01410	02363	01921	03142	03450	01528	01564	
01503	02524	01405	02358	01917	03136	03444	01525	01559	
01501	02521	01403	02356	01914	03132	03440	01522	01558	
01504	02524	01404	02359	01917	03134	03443	01524	01559	
01501	02520	01402	02355	01914	03131	03440	01522	01557	
01499	02515	01399	02349	01911	03127	03435	01519	01554	
01502	02519	01401	02354	01914	03130	03439	01522	01556	
01501	02521	01402	02357	01915	03131	03440	01522	01556	
01499	02517	01399	02353	01911	03127	03435	01521	01554	
01500	02517	01399	02357	01913	03128	03434	01521	01555	
01502	02521	01400	02360	01915	03131	03437	01523	01557	
01499	02518	01399	02356	01912	03128	03434	01522	01556	
01498	02517	01399	02353	01912	03129	03432	01520	01556	
01502	02521	01401	02358	01916	03132	03434	01521	01557	
01501	02521	01401	02357	01914	03132	03436	01521	01556	
01497	02518	01400	02354	01911	03128	03435	01520	01554	
01501	02522	01401	02360	01916	03132	03438	01521	01555	
01504	02523	01403	02364	01908	03133	03440	01523	01584	
01502	02522	01403	02359	01906	03132	03438	01524	01584	
01505	02525	01405	02361	01909	03137	03442	01526	01588	
01510	02530	01408	02366	01914	03141	03445	01528	01590	
01509	02528	01409	02364	01912	03139	03444	01529	01590	
01508	02528	01408	02366	01921	03138	03445	01529	01562	
01511	02531	01411	02375	01925	03141	03450	01531	01564	
01509	02530	01410	02376	01924	03139	03448	01530	01562	
01507	02527	01409	02374	01921	03136	03447	01529	01561	
01510	02531	01410	02378	01925	03139	03448	01529	01562	
01511	02533	01410	02378	01926	03141	03449	01529	01563	
01508	02528	01408	02373	01923	03137	03445	01527	01560	
01511	02531	01409	02376	01925	03138	03444	01528	01561	
01511	02534	01410	02380	01927	03140	03445	01530	01562	
01507	02530	01409	02377	01922	03135	03442	01529	01560	
01506	02529	01409	02377	01921	03134	03442	01529	01560	
01509	02534	01410	02382	01924	03137	03443	01530	01561	
01505	02530	01408	02377	01920	03133	03439	01527	01558	
01502	02525	01405	02372	01915	03129	03436	01525	01555	
01504	02528	01406	02376	01918	03131	03438	01525	01555	
01503	02526	01404	02376	01917	03129	03436	01523	01553	
01499	02520	01401	02370	01912	03125	03431	01520	01549	
01501	02522	01402	02372	01913	03127	03435	01521	01550	
01503	02526	01403	02376	01916	03129	03435	01521	01552	
01500	02521	01400	02370	01912	03126	03431	01520	01550	
01500	02522	01400	02369	01913	03126	03431	01520	01550	
01503	02525	01401	02372	01916	03129	03435	01521	01552	
01502	02524	01401	02370	01915	03128	03432	01520	01552	
01499	02520	01399	02367	01912	03125	03432	01520	01551	
01502	02523	01401	02372	01916	03128	03434	01521	01553	
01502	02523	01401	02372	01915	03128	03434	01522	01553	
01499	02519	01399	02366	01912	03124	03431	01521	01551	
01501	02519	01400	02367	01913	03125	03433	01523	01553	
01504	02523	01402	02369	01915	03128	03433	01523	01555	
01501	02520	01402	02364	01913	03127	03433	01523	01555	
01502	02520	01404	02366	01914	03128	03436	01525	01556	
01506	02526	01407	02374	01919	03133	03440	01528	01559	
01506	02528	01408	02375	01919	03133	03438	01528	01558	
01505	02526	01408	02374	01919	03132	03439	01529	01558	
01509	02532	01410	02379	01924	03136	03442	01529	01560	
01509	02533	01409	02377	01924	03136	03441	01529	01560	
01507	02529	01407	02372	01921	03134	03438	01527	01560	
01509	02530	01407	02374	01923	03136	03440	01528	01561	
01511	02533	01409	02377	01924	03138	03444	01528	01561	
01507	02528	01407	02373	01920	03135	03439	01527	01560	
01508	02527	01407	02374	01921	03135	03439	01527	01561	
01509	02531	01409	02379	01924	03137	03444	01529	01562	
01508	02529	01409	02377	01922	03135	03444	01528	01561	
01505	02526	01408	02374	01920	03133	03440	01528	01560	
01510	02530	01409	02378	01924	03136	03443	01530	01562	
01508	02529	01408	02376	01909	03154	03442	01529	01560	
01504	02523	01404	02369	01905	03150	03433	01525	01556	
01504	02524	01404	02370	01906	03150	03431	01525	01558	
01505	02526	01404	02371	01905	03150	03429	01523	01556	
01499	02518	01400	02364	01899	03144	03425	01520	01553	
01499	02517	01400	02363	01912	03124	03424	01520	01554	
01501	02519	01400	02366	01914	03126	03429	01522	01555	
01499	02517	01399	02362	01912	03124	03428	01521	01553	
01498	02514	01397	02359	01910	03122	03425	01520	01552	
01501	02519	01400	02366	01915	03125	03427	01522	01555	
01501	02519	01400	02366	01913	03124	03427	01520	01553	
01778	02834	01681	02710	02252	03318	03550	01847	01831	
02151	03149	02071	03058	02687	03512	03675	02285	02210	
02550	03466	02510	03405	03127	03708	03802	02770	02635	
02947	03779	02969	03748	03563	03900	03947	03267	03077	
03358	04094	03449	04094	03991	04095	04095	03782	03539	
03504	04095	03663	04095	04090	04095	04095	03970	03739	
03550	04095	03775	04095	04095	04095	04095	04047	03842	
03573	04095	03843	04095	04095	04095	04095	04079	03906	
03613	04095	03904	04095	04095	04095	04095	04095	03963	
03633	04095	03947	04095	04095	04095	04095	04095	04004	
03633	04095	03971	04095	04095	04095	04095	04095	04027	
03651	04095	03998	04095	04095	04095	04095	04095	04053	
03669	04095	04023	04095	04095	04095	04095	04095	04073	
03660	04095	04033	04095	04095	04095	04095	04095	04081	
03665	04095	04047	04095	04095	04095	04095	04095	04087	
03683	04095	04066	04095	04095	04095	04095	04095	04095	
03679	04095	04074	04095	04095	04095	04095	04095	04095	
03672	04095	04078	04095	04095	04095	04095	04095	04095	
03689	04095	04087	04095	04095	04095	04095	04095	04095	
03693	04095	04091	04095	04095	04095	04095	04095	04095	
03681	04095	04091	04095	04095	04095	04095	04095	04095	
03691	04095	04093	04095	04095	04095	04095	04095	04095	
03703	04095	04095	04095	04095	04095	04095	04095	04095	
03687	04095	04094	04095	04095	04095	04095	04095	04095	
03685	04095	04094	04095	04095	04095	04095	04095	04095	
03698	04095	04094	04095	04095	04095	04095	04095	04095	
03688	04095	04094	04095	04095	04095	04095	04095	04095	
03676	04095	04094	04095	04095	04095	04095	04095	04095	
03692	04095	04095	04095	04095	04095	04095	04095	04095	
03693	04095	04095	04095	04095	04095	04095	04095	04095	
03679	04095	04095	04095	04095	04095	04095	04095	04095	
03690	04095	04095	04095	04095	04095	04095	04095	04095	
03699	04095	04095	04095	04095	04095	04095	04095	04095	
03682	04095	04095	04095	04095	04095	04095	04095	04095	
03681	04095	04095	04095	04095	04095	04095	04095	04095	
03693	04095	04095	04095	04095	04095	04095	04095	04095	
03681	04095	04095	04095	04095	04095	04095	04095	04095	
03673	04095	04095	04095	04095	04095	04095	04095	04095	
03690	04095	04095	04095	04095	04095	04095	04095	04095	
03693	04095	04095	04095	04095	04095	04095	04095	04095	
03687	04095	04095	04095	04095	04095	04095	04095	04095	
03706	04095	04095	04095	04095	04095	04095	04095	04095	
03723	04095	04095	04095	04095	04095	04095	04095	04095	
03719	04095	04095	04095	04095	04095	04095	04095	04095	
03728	04095	04095	04095	04095	04095	04095	04095	04095	
03745	04095	04095	04095	04095	04095	04095	04095	04095	
03735	04095	04095	04095	04095	04095	04095	04095	04095	
03729	04095	04095	04095	04095	04095	04095	04095	04095	
03745	04095	04095	04095	04095	04095	04095	04095	04095	
03745	04095	04095	04095	04095	04095	04095	04095	04095	
03736	04095	04095	04095	04095	04095	04095	04095	04095	
03752	04095	04095	04095	04095	04095	04095	04095	04095	
03763	04095	04095	04095	04095	04095	04095	04095	04095	
03752	04095	04095	04095	04095	04095	04095	04095	04095	
03760	04095	04095	04095	04095	04095	04095	04095	04095	
03779	04095	04095	04095	04095	04095	04095	04095	04095	
03770	04095	04095	04095	04095	04095	04095	04095	04095	
03768	04095	04095	04095	04095	04095	04095	04095	04095	
03786	04095	04095	04095	04095	04095	04095	04095	04095	
03785	04095	04095	04095	04095	04095	04095	04095	04095	
03774	04095	04095	04095	04095	04095	04095	04095	04095	
03791	04095	04095	04095	04095	04095	04095	04095	04095	
03802	04095	04095	04095	04095	04095	04095	04095	04095	
03757	04095	04076	04095	04094	04095	04095	04095	04092	
03401	03874	03676	03837	03777	03982	04033	03642	03733	
02983	03588	03189	03519	03384	03806	03936	03117	03287	
02529	03284	02673	03187	02976	03616	03829	02571	02811	
02075	02980	02150	02857	02569	03426	03724	02019	02326	
01670	02685	01645	02536	02171	03245	03603	01472	01848	
01581	02605	01518	02468	02091	03173	03538	01378	01719	
01549	02577	01471	02448	02063	03151	03517	01348	01667	
01540	02570	01451	02446	02056	03145	03511	01335	01643	
01531	02561	01434	02438	02049	03136	03500	01325	01627	
01518	02544	01416	02422	02033	03118	03482	01311	01606	
01511	02535	01403	02414	02027	03105	03469	01301	01594	
01512	02536	01399	02416	02032	03106	03470	01300	01591	
01509	02531	01394	02412	02029	03102	03466	01298	01587	
01509	02531	01394	02412	02028	03103	03465	01299	01585	
01511	02533	01393	02414	02027	03105	03464	01299	01584	
01507	02529	01391	02408	02021	03102	03459	01297	01579	
01504	02525	01388	02404	02018	03099	03455	01294	01574	
01506	02528	01387	02406	02022	03099	03457	01294	01574	
01504	02527	01385	02406	02021	03097	03455	01294	01572	
01501	02523	01383	02401	02018	03093	03452	01293	01569	
01503	02525	01384	02404	02021	03095	03455	01294	01569	
01504	02527	01385	02406	02022	03097	03456	01293	01569	
01501	02524	01383	02401	02016	03095	03453	01289	01565	
01501	02523	01382	02400	02016	03095	03452	01287	01563	
01502	02526	01382	02403	02020	03097	03454	01288	01564	
01498	02522	01378	02398	02005	03111	03450	01286	01561	
01496	02519	01375	02394	02003	03107	03448	01284	01559	
01499	02521	01375	02397	02007	03108	03449	01286	01560	
01496	02520	01374	02395	02003	03107	03447	01286	01558	
01492	02514	01371	02389	01995	03103	03441	01283	01554	
01494	02516	01372	02391	02006	03087	03441	01282	01554	
01493	02517	01372	02392	02007	03088	03444	01281	01553	
01489	02514	01371	02386	02003	03086	03439	01279	01551	
01491	02515	01372	02387	02005	03086	03440	01281	01551	
01494	02521	01374	02391	02011	03089	03445	01283	01553	
01492	02517	01371	02388	02010	03086	03445	01283	01552	
01492	02515	01370	02386	02008	03084	03443	01281	01550	
01494	02517	01371	02389	02009	03085	03447	01280	01550	
01492	02514	01369	02388	02006	03084	03445	01281	01550	
01489	02509	01368	02384	02002	03080	03441	01279	01549	
01491	02513	01370	02388	02007	03083	03444	01280	01551	
01493	02516	01371	02390	02012	03084	03445	01281	01554	
01492	02515	01371	02389	02012	03083	03446	01284	01555	
01495	02517	01373	02391	02014	03084	03447	01285	01556	
01499	02522	01376	02398	02018	03088	03451	01286	01558	
01496	02520	01376	02395	02014	03087	03450	01287	01557	
01497	02519	01378	02396	02012	03089	03451	01288	01557	
01501	02523	01380	02402	02016	03094	03452	01290	01559	
01501	02523	01380	02401	02016	03094	03455	01292	01559	
01499	02520	01377	02396	02015	03092	03453	01292	01558	
01503	02524	01379	02401	02021	03094	03457	01292	01561	
01504	02525	01379	02402	02021	03094	03457	01291	01560	
01499	02521	01377	02395	02014	03091	03454	01289	01557	
01499	02521	01378	02396	02013	03093	03451	01289	01558	
01501	02525	01381	02400	02015	03097	03454	01289	01559	
01499	02521	01378	02395	02012	03095	03452	01289	01557	
01498	02519	01378	02395	02011	03094	03453	01290	01558	
01501	02523	01380	02400	02017	03097	03457	01292	01560	
01501	02521	01380	02399	02017	03094	03457	01292	01559	
01498	02515	01376	02392	02013	03089	03451	01289	01556	
01499	02517	01376	02395	02013	03090	03449	01287	01556	
01498	02516	01374	02392	02009	03091	03446	01285	01553	
01493	02510	01371	02385	02001	03087	03437	01283	01550	
01492	02509	01369	02385	01999	03086	03435	01282	01548	
01493	02512	01371	02388	02003	03089	03440	01283	01550	
01489	02508	01368	02384	01999	03085	03437	01284	01548	
01489	02508	01370	02384	02000	03084	03434	01285	01548	
01494	02513	01372	02389	02005	03088	03439	01287	01550	
01492	02513	01371	02386	02001	03088	03439	01286	01549	
01490	02509	01370	02383	01995	03085	03435	01283	01546	
01494	02513	01372	02387	02000	03088	03437	01282	01548	
01493	02514	01372	02387	02000	03088	03438	01282	01548	
01490	02510	01370	02383	01997	03083	03436	01282	01547	
01492	02511	01369	02385	02003	03084	03437	01283	01550	
01493	02514	01369	02389	02007	03085	03440	01284	01552	
01490	02510	01369	02385	01993	03083	03439	01285	01578	
01491	02511	01370	02385	01993	03085	03438	01287	01580	
01495	02515	01373	02391	01998	03090	03440	01288	01583	
01495	02515	01375	02391	01997	03091	03441	01288	01582	
01496	02516	01377	02391	01998	03091	03444	01289	01582	
01501	02523	01380	02398	02014	03095	03450	01291	01558	
01796	02839	01677	02739	02361	03295	03572	01645	01850	
02162	03152	02072	03076	02770	03494	03693	02108	02232	
02569	03468	02521	03417	03190	03695	03814	02628	02666	
02989	03782	03002	03758	03608	03895	03955	03174	03130	
03397	04095	03496	04095	04011	04095	04095	03732	03602	
03521	04095	03703	04095	04084	04095	04095	03940	03793	
03584	04095	03827	04095	04095	04095	04095	04036	03905	
03599	04095	03900	04095	04095	04095	04095	04077	03969	
03603	04095	03947	04095	04095	04095	04095	04092	04005	
03630	04095	03991	04095	04095	04095	04095	04095	04040	
03642	04095	04024	04095	04095	04095	04095	04095	04064	
03633	04095	04038	04095	04095	04095	04095	04095	04077	
03646	04095	04056	04095	04095	04095	04095	04095	04087	
03661	04095	04073	04095	04095	04095	04095	04095	04095	
03650	04095	04076	04095	04095	04095	04095	04095	04095	
03652	04095	04081	04095	04095	04095	04095	04095	04095	
03671	04095	04089	04095	04095	04095	04095	04095	04095	
03667	04095	04092	04095	04095	04095	04095	04095	04095	
03659	04095	04092	04095	04095	04095	04095	04095	04095	
03675	04095	04095	04095	04095	04095	04095	04095	04095	
03677	04095	04095	04095	04095	04095	04095	04095	04095	
03665	04095	04095	04095	04095	04095	04095	04095	04095	
03676	04095	04095	04095	04095	04095	04095	04095	04095	
03688	04095	04095	04095	04095	04095	04095	04095	04095	
03679	04095	04095	04095	04095	04095	04095	04095	04095	
03685	04095	04095	04095	04095	04095	04095	04095	04095	
03705	04095	04095	04095	04095	04095	04095	04095	04095	
03704	04095	04095	04095	04095	04095	04095	04095	04095	
03705	04095	04095	04095	04095	04095	04095	04095	04095	
03729	04095	04095	04095	04095	04095	04095	04095	04095	
03736	04095	04095	04095	04095	04095	04095	04095	04095	
03727	04095	04095	04095	04095	04095	04095	04095	04095	
03741	04095	04095	04095	04095	04095	04095	04095	04095	
03750	04095	04095	04095	04095	04095	04095	04095	04095	
03735	04095	04095	04095	04095	04095	04095	04095	04095	
03738	04095	04095	04095	04095	04095	04095	04095	04095	
03753	04095	04095	04095	04095	04095	04095	04095	04095	
03747	04095	04095	04095	04095	04095	04095	04095	04095	
03745	04095	04095	04095	04095	04095	04095	04095	04095	
03767	04095	04095	04095	04095	04095	04095	04095	04095	
03770	04095	04095	04095	04095	04095	04095	04095	04095	
03764	04095	04095	04095	04095	04095	04095	04095	04095	
03781	04095	04095	04095	04095	04095	04095	04095	04095	
03792	04095	04095	04095	04095	04095	04095	04095	04095	
03780	04095	04095	04095	04095	04095	04095	04095	04095	
03785	04095	04095	04095	04095	04095	04095	04095	04095	
03799	04095	04095	04095	04095	04095	04095	04095	04095	
03787	04095	04095	04095	04095	04095	04095	04095	04095	
03783	04095	04095	04095	04095	04095	04095	04095	04095	
03800	04095	04095	04095	04095	04095	04095	04095	04095	
03800	04095	04095	04095	04095	04095	04095	04095	04095	
03789	04095	04095	04095	04095	04095	04095	04095	04095	
03801	04095	04095	04095	04095	04095	04095	04095	04095	
03806	04095	04095	04095	04095	04095	04095	04095	04095	
03789	04095	04095	04095	04095	04095	04095	04095	04095	
03793	04095	04095	04095	04095	04095	04095	04095	04095	
03806	04095	04095	04095	04095	04095	04095	04095	04095	
03795	04095	04095	04095	04095	04095	04095	04095	04095	
03793	04095	04095	04095	04095	04095	04095	04095	04095	
03813	04095	04095	04095	04095	04095	04095	04095	04095	
03810	04095	04095	04095	04095	04095	04095	04095	04095	
03804	04095	04095	04095	04095	04095	04095	04095	04095	
03824	04095	04095	04095	04095	04095	04095	04095	04095	
03833	04095	04095	04095	04095	04095	04095	04095	04095	
03824	04095	04095	04095	04095	04095	04095	04095	04095	
03837	04095	04095	04095	04095	04095	04095	04095	04095	
03850	04095	04095	04095	04095	04095	04095	04095	04095	
03839	04095	04095	04095	04095	04095	04095	04095	04095	
03840	04095	04095	04095	04095	04095	04095	04095	04095	
03856	04095	04095	04095	04095	04095	04095	04095	04095	
03850	04095	04095	04095	04095	04095	04095	04095	04095	
03839	04095	04095	04095	04095	04095	04095	04095	04095	
03854	04095	04095	04095	04095	04095	04095	04095	04095	
03853	04095	04095	04095	04095	04095	04095	04095	04095	
03837	04095	04095	04095	04095	04095	04095	04095	04095	
03515	03905	03694	03865	03843	03980	04083	03653	03772	
03087	03623	03152	03551	03498	03780	04003	03099	03321	
02907	03623	02900	03551	03441	03780	04003	02877	03150	
02836	03623	02780	03551	03441	03780	04003	02797	03079	
02527	03452	02365	03343	03217	03682	03975	02362	02743	
02422	03366	02218	03267	03130	03607	03918	02253	02609	
02398	03346	02185	03252	03109	03589	03900	02231	02567	
02111	03043	01855	02924	02799	03368	03803	01876	02237	
01718	02735	01386	02592	02428	03143	03678	01375	01801	
01567	02596	01209	02464	02289	03015	03578	01226	01627	
01533	02563	01167	02437	02258	02983	03545	01194	01577	
01525	02556	01153	02434	02252	02978	03542	01187	01561	
01515	02547	01143	02425	02243	02972	03535	01182	01548	
01513	02545	01139	02424	02242	02971	03533	01179	01540	
01512	02547	01136	02426	02244	02972	03535	01178	01535	
01508	02543	01132	02421	02238	02969	03530	01176	01528	
01505	02541	01130	02418	02236	02967	03525	01174	01523	
01507	02546	01130	02423	02240	02969	03527	01174	01523	
01505	02544	01129	02421	02238	02968	03526	01172	01521	
01505	02541	01128	02419	02227	02966	03524	01173	01549	
01509	02547	01130	02425	02233	02969	03530	01175	01551	
01512	02550	01131	02428	02235	02971	03533	01176	01551	
01510	02548	01130	02426	02231	02969	03534	01177	01547	
01514	02552	01132	02429	02235	02972	03536	01179	01547	
01515	02555	01133	02432	02248	02975	03540	01179	01519	
01512	02551	01133	02428	02244	02974	03538	01177	01518	
01512	02550	01132	02428	02244	02974	03541	01178	01518	
01515	02553	01132	02431	02249	02976	03542	01177	01520	
01512	02551	01132	02429	02246	02974	03541	01176	01519	
01510	02548	01130	02426	02244	02970	03537	01175	01517	
01512	02551	01131	02430	02248	02971	03540	01177	01516	
01511	02550	01129	02430	02247	02969	03539	01177	01514	
01507	02545	01128	02425	02242	02965	03535	01177	01512	
01509	02547	01128	02427	02245	02967	03536	01178	01514	
01511	02548	01129	02429	02246	02969	03539	01179	01516	
01508	02543	01127	02423	02241	02966	03533	01179	01516	
01506	02540	01125	02420	02238	02964	03528	01176	01513	
01509	02543	01125	02423	02240	02965	03528	01175	01511	
01506	02541	01124	02420	02235	02962	03524	01175	01508	
01503	02539	01123	02416	02231	02960	03521	01173	01503	
01505	02542	01123	02419	02236	02963	03523	01172	01503	
01506	02543	01125	02420	02238	02965	03526	01173	01505	
01503	02541	01125	02417	02234	02964	03526	01173	01507	
01507	02543	01126	02421	02239	02968	03530	01174	01510	
01508	02545	01126	02422	02241	02970	03532	01174	01512	
01504	02540	01123	02418	02235	02965	03527	01172	01508	
01504	02540	01123	02418	02235	02965	03528	01173	01507	
01507	02543	01123	02422	02240	02969	03529	01174	01508	
01503	02540	01120	02418	02236	02966	03527	01173	01507	
01502	02538	01120	02415	02234	02964	03524	01173	01506	
01506	02543	01121	02419	02240	02967	03530	01174	01509	
01506	02544	01123	02420	02239	02967	03530	01175	01510	
01505	02541	01123	02417	02236	02966	03528	01175	01508	
01510	02546	01126	02423	02242	02971	03533	01177	01511	
01513	02550	01129	02427	02247	02975	03538	01178	01512	
01510	02548	01130	02425	02243	02974	03537	01179	01513	
01512	02549	01131	02427	02247	02977	03537	01180	01516	
01521	02563	01138	02440	02260	02991	03552	01188	01527	
01517	02558	01135	02434	02253	02986	03547	01185	01524	
01514	02555	01134	02431	02249	02983	03545	01185	01524	
01602	02663	01217	02554	02353	03116	03647	01273	01609	
01838	02936	01452	02858	02623	03340	03749	01550	01851	
02190	03234	01852	03181	02982	03551	03840	02003	02217	
02600	03545	02336	03517	03358	03776	03968	02532	02653	
03017	03855	02858	03853	03721	04003	04095	03092	03120	
03341	04059	03314	04066	03991	04095	04095	03580	03517	
03527	04095	03635	04095	04092	04095	04095	03885	03773	
03599	04095	03799	04095	04095	04095	04095	04009	03910	
03615	04095	03894	04095	04095	04095	04095	04065	03988	
03626	04095	03957	04095	04095	04095	04095	04087	04038	
03653	04095	04007	04095	04095	04095	04095	04095	04071	
03659	04095	04040	04095	04095	04095	04095	04095	04088	
03653	04095	04059	04095	04095	04095	04095	04095	04093	
03670	04095	04077	04095	04095	04095	04095	04095	04095	
03679	04095	04088	04095	04095	04095	04095	04095	04095	
03669	04095	04091	04095	04095	04095	04095	04095	04095	
03677	04095	04093	04095	04095	04095	04095	04095	04095	
03692	04095	04095	04095	04095	04095	04095	04095	04095	
03681	04095	04095	04095	04095	04095	04095	04095	04095	
03681	04095	04095	04095	04095	04095	04095	04095	04095	
03699	04095	04095	04095	04095	04095	04095	04095	04095	
03698	04095	04095	04095	04095	04095	04095	04095	04095	
03690	04095	04095	04095	04095	04095	04095	04095	04095	
03708	04095	04095	04095	04095	04095	04095	04095	04095	
03717	04095	04095	04095	04095	04095	04095	04095	04095	
03711	04095	04095	04095	04095	04095	04095	04095	04095	
03731	04095	04095	04095	04095	04095	04095	04095	04095	
03754	04095	04095	04095	04095	04095	04095	04095	04095	
03753	04095	04095	04095	04095	04095	04095	04095	04095	
03762	04095	04095	04095	04095	04095	04095	04095	04095	
03786	04095	04095	04095	04095	04095	04095	04095	04095	
03783	04095	04095	04095	04095	04095	04095	04095	04095	
03779	04095	04095	04095	04095	04095	04095	04095	04095	
03799	04095	04095	04095	04095	04095	04095	04095	04095	
03805	04095	04095	04095	04095	04095	04095	04095	04095	
03797	04095	04095	04095	04095	04095	04095	04095	04095	
03813	04095	04095	04095	04095	04095	04095	04095	04095	
03831	04095	04095	04095	04095	04095	04095	04095	04095	
03825	04095	04095	04095	04095	04095	04095	04095	04095	
03833	04095	04095	04095	04095	04095	04095	04095	04095	
03853	04095	04095	04095	04095	04095	04095	04095	04095	
03849	04095	04095	04095	04095	04095	04095	04095	04095	
03845	04095	04095	04095	04095	04095	04095	04095	04095	
03861	04095	04095	04095	04095	04095	04095	04095	04095	
03860	04095	04095	04095	04095	04095	04095	04095	04095	
03467	03863	03571	03823	03812	03909	04065	03597	03688	
03030	03577	02977	03506	03471	03666	03980	03039	03200	
02574	03278	02366	03178	03115	03412	03885	02466	02686	
02098	02973	01744	02844	02750	03153	03762	01887	02159	
01632	02670	01120	02513	02402	02894	03641	01308	01631	
01550	02596	01021	02455	02322	02820	03573	01225	01506	
01520	02574	00990	02438	02296	02801	03556	01201	01461	
01505	02563	00976	02430	02285	02791	03545	01191	01438	
01503	02563	00969	02432	02286	02790	03544	01187	01428	
01498	02556	00964	02426	02279	02784	03539	01183	01419	
01493	02549	00959	02417	02271	02778	03534	01178	01410	
01495	02549	00957	02419	02273	02779	03533	01177	01406	
01495	02550	00955	02419	02273	02779	03535	01176	01403	
01488	02546	00953	02414	02267	02776	03531	01174	01399	
01489	02547	00954	02417	02260	02777	03533	01175	01426	
01492	02553	00956	02422	02265	02780	03535	01178	01427	
01489	02551	00955	02420	02262	02779	03534	01178	01426	
01491	02550	00955	02419	02263	02780	03534	01178	01426	
01497	02555	00957	02425	02270	02783	03539	01180	01428	
01496	02553	00955	02423	02278	02782	03538	01179	01399	
01494	02549	00954	02419	02274	02780	03536	01177	01397	
01495	02553	00955	02422	02278	02782	03540	01177	01396	
01493	02554	00956	02424	02278	02781	03542	01177	01396	
01489	02550	00955	02419	02273	02779	03539	01176	01395	
01490	02552	00955	02421	02275	02781	03540	01176	01394	
01493	02556	00956	02423	02277	02782	03543	01177	01395	
01491	02551	00955	02419	02274	02780	03540	01177	01393	
01492	02551	00954	02418	02274	02781	03540	01177	01393	
01494	02555	00955	02421	02278	02782	03543	01178	01394	
01491	02553	00954	02418	02275	02780	03541	01178	01394	
01488	02550	00953	02416	02274	02779	03537	01177	01393	
01487	02552	00951	02416	02275	02779	03535	01175	01391	
01484	02550	00949	02414	02273	02776	03530	01174	01389	
01482	02544	00947	02409	02266	02772	03525	01171	01386	
01484	02544	00945	02409	02267	02771	03524	01169	01385	
01483	02544	00944	02409	02267	02771	03523	01166	01383	
01480	02541	00944	02406	02263	02768	03520	01166	01383	
01479	02540	00944	02407	02262	02767	03522	01167	01383	
01480	02542	00944	02409	02266	02769	03525	01167	01383	
01478	02540	00943	02406	02263	02766	03523	01167	01381	
01478	02537	00943	02406	02262	02766	03523	01169	01381	
01481	02540	00944	02410	02267	02769	03527	01170	01382	
01483	02541	00945	02411	02268	02771	03527	01170	01383	
01481	02538	00945	02408	02265	02770	03524	01171	01384	
01484	02541	00947	02412	02270	02774	03527	01173	01386	
01507	02575	00970	02447	02301	02816	03566	01194	01410	
01835	02885	01332	02782	02644	03079	03669	01600	01753	
02229	03196	01805	03118	03011	03342	03773	02104	02183	
02652	03508	02342	03456	03381	03607	03901	02657	02663	
03069	03816	02908	03792	03733	03871	04027	03227	03164	
03471	04095	03469	04095	04071	04095	04095	03791	03655	
03583	04095	03711	04095	04095	04095	04095	03970	03844	
03625	04095	03851	04095	04095	04095	04095	04050	03950	
03636	04095	03936	04095	04095	04095	04095	04082	04011	
03663	04095	04002	04095	04095	04095	04095	04095	04052	
03683	04095	04046	04095	04095	04095	04095	04095	04078	
03679	04095	04070	04095	04095	04095	04095	04095	04088	
03691	04095	04086	04095	04095	04095	04095	04095	04094	
03712	04095	04095	04095	04095	04095	04095	04095	04095	
03707	04095	04095	04095	04095	04095	04095	04095	04095	
03707	04095	04095	04095	04095	04095	04095	04095	04095	
03726	04095	04095	04095	04095	04095	04095	04095	04095	
03725	04095	04095	04095	04095	04095	04095	04095	04095	
03715	04095	04095	04095	04095	04095	04095	04095	04095	
03728	04095	04095	04095	04095	04095	04095	04095	04095	
03733	04095	04095	04095	04095	04095	04095	04095	04095	
03717	04095	04095	04095	04095	04095	04095	04095	04095	
03721	04095	04095	04095	04095	04095	04095	04095	04095	
03732	04095	04095	04095	04095	04095	04095	04095	04095	
03721	04095	04095	04095	04095	04095	04095	04095	04095	
03720	04095	04095	04095	04095	04095	04095	04095	04095	
03738	04095	04095	04095	04095	04095	04095	04095	04095	
03736	04095	04095	04095	04095	04095	04095	04095	04095	
03728	04095	04095	04095	04095	04095	04095	04095	04095	
03744	04095	04095	04095	04095	04095	04095	04095	04095	
03751	04095	04095	04095	04095	04095	04095	04095	04095	
03741	04095	04095	04095	04095	04095	04095	04095	04095	
03750	04095	04095	04095	04095	04095	04095	04095	04095	
03764	04095	04095	04095	04095	04095	04095	04095	04095	
03755	04095	04095	04095	04095	04095	04095	04095	04095	
03755	04095	04095	04095	04095	04095	04095	04095	04095	
03775	04095	04095	04095	04095	04095	04095	04095	04095	
03775	04095	04095	04095	04095	04095	04095	04095	04095	
03771	04095	04095	04095	04095	04095	04095	04095	04095	
03791	04095	04095	04095	04095	04095	04095	04095	04095	
03799	04095	04095	04095	04095	04095	04095	04095	04095	
03787	04095	04095	04095	04095	04095	04095	04095	04095	
03799	04095	04095	04095	04095	04095	04095	04095	04095	
03814	04095	04095	04095	04095	04095	04095	04095	04095	
03804	04095	04095	04095	04095	04095	04095	04095	04095	
03809	04095	04095	04095	04095	04095	04095	04095	04095	
03828	04095	04095	04095	04095	04095	04095	04095	04095	
03824	04095	04095	04095	04095	04095	04095	04095	04095	
03819	04095	04095	04095	04095	04095	04095	04095	04095	
03838	04095	04095	04095	04095	04095	04095	04095	04095	
03844	04095	04095	04095	04095	04095	04095	04095	04095	
03835	04095	04095	04095	04095	04095	04095	04095	04095	
03849	04095	04095	04095	04095	04095	04095	04095	04095	
03857	04095	04095	04095	04095	04095	04095	04095	04095	
03844	04095	04095	04095	04095	04095	04095	04095	04095	
03845	04095	04095	04095	04095	04095	04095	04095	04095	
03858	04095	04095	04095	04095	04095	04095	04095	04095	
03848	04095	04095	04095	04095	04095	04095	04095	04095	
03844	04095	04095	04095	04095	04095	04095	04095	04095	
03864	04095	04095	04095	04095	04095	04095	04095	04095	
03849	04095	04095	04095	04095	04095	04095	04095	04095	
03413	03857	03574	03782	03806	03893	04046	03593	03636	
02940	03580	02987	03442	03476	03661	03971	03041	03108	
02447	03288	02378	03089	03129	03412	03861	02474	02557	
01927	02983	01757	02719	02781	03151	03738	01895	01990	
01435	02680	01136	02346	02422	02892	03640	01316	01421	
01356	02611	01032	02286	02348	02831	03589	01236	01307	
01323	02578	00992	02254	02311	02797	03559	01204	01258	
01306	02562	00973	02238	02294	02783	03543	01188	01234	
01303	02560	00966	02237	02282	02780	03544	01185	01252	
01298	02553	00960	02232	02276	02774	03537	01180	01244	
01295	02549	00958	02229	02273	02771	03534	01178	01238	
01296	02551	00957	02231	02277	02773	03536	01180	01238	
01295	02551	00955	02230	02276	02771	03536	01179	01235	
01291	02546	00954	02226	02281	02767	03531	01176	01203	
01291	02548	00953	02227	02281	02769	03535	01177	01202	
01292	02549	00952	02228	02283	02768	03535	01175	01200	
01289	02546	00950	02223	02278	02765	03531	01172	01197	
01289	02545	00950	02221	02279	02765	03531	01173	01197	
01290	02548	00949	02222	02282	02766	03533	01172	01196	
01289	02545	00948	02220	02280	02764	03529	01171	01194	
01288	02543	00947	02218	02278	02764	03527	01171	01193	
01289	02546	00948	02220	02281	02766	03528	01170	01192	
01289	02546	00948	02218	02281	02766	03528	01169	01191	
01287	02542	00947	02214	02277	02764	03524	01170	01190	
01289	02543	00947	02215	02279	02766	03525	01169	01190	
01288	02544	00946	02215	02280	02765	03523	01168	01190	
01285	02539	00943	02210	02273	02760	03521	01167	01189	
01283	02535	00940	02207	02270	02758	03518	01165	01187	
01282	02537	00940	02208	02271	02758	03519	01164	01186	
01278	02534	00938	02204	02265	02754	03516	01164	01185	
01276	02530	00937	02203	02263	02752	03515	01163	01183	
01278	02533	00938	02206	02267	02754	03515	01163	01183	
01279	02534	00937	02205	02267	02754	03514	01165	01184	
01276	02530	00936	02201	02264	02751	03510	01162	01182	
01278	02532	00937	02204	02267	02753	03512	01163	01182	
01280	02534	00937	02207	02268	02753	03514	01164	01183	
01278	02530	00936	02204	02263	02751	03514	01164	01182	
01284	02540	00942	02215	02274	02765	03527	01168	01188	
01458	02761	01101	02465	02499	03036	03659	01356	01366	
01838	03073	01502	02842	02866	03303	03766	01794	01754	
02273	03385	01989	03217	03234	03572	03870	02308	02220	
02741	03699	02529	03594	03605	03841	03978	02865	02734	
03205	04001	03094	03962	03962	04095	04095	03434	03268	
03500	04095	03523	04095	04095	04095	04095	03833	03644	
03599	04095	03725	04095	04095	04095	04095	03979	03825	
03647	04095	03851	04095	04095	04095	04095	04052	03936	
03654	04095	03929	04095	04095	04095	04095	04082	04002	
03669	04095	03988	04095	04095	04095	04095	04093	04043	
03695	04095	04034	04095	04095	04095	04095	04095	04073	
03696	04095	04062	04095	04095	04095	04095	04095	04087	
03697	04095	04078	04095	04095	04095	04095	04095	04092	
03717	04095	04091	04095	04095	04095	04095	04095	04095	
03723	04095	04095	04095	04095	04095	04095	04095	04095	
03717	04095	04095	04095	04095	04095	04095	04095	04095	
03733	04095	04095	04095	04095	04095	04095	04095	04095	
03745	04095	04095	04095	04095	04095	04095	04095	04095	
03737	04095	04095	04095	04095	04095	04095	04095	04095	
03744	04095	04095	04095	04095	04095	04095	04095	04095	
03757	04095	04095	04095	04095	04095	04095	04095	04095	
03746	04095	04095	04095	04095	04095	04095	04095	04095	
03738	04095	04095	04095	04095	04095	04095	04095	04095	
03751	04095	04095	04095	04095	04095	04095	04095	04095	
03746	04095	04095	04095	04095	04095	04095	04095	04095	
03735	04095	04095	04095	04095	04095	04095	04095	04095	
03751	04095	04095	04095	04095	04095	04095	04095	04095	
03759	04095	04095	04095	04095	04095	04095	04095	04095	
03747	04095	04095	04095	04095	04095	04095	04095	04095	
03754	04095	04095	04095	04095	04095	04095	04095	04095	
03769	04095	04095	04095	04095	04095	04095	04095	04095	
03762	04095	04095	04095	04095	04095	04095	04095	04095	
03762	04095	04095	04095	04095	04095	04095	04095	04095	
03785	04095	04095	04095	04095	04095	04095	04095	04095	
03789	04095	04095	04095	04095	04095	04095	04095	04095	
03785	04095	04095	04095	04095	04095	04095	04095	04095	
03804	04095	04095	04095	04095	04095	04095	04095	04095	
03818	04095	04095	04095	04095	04095	04095	04095	04095	
03809	04095	04095	04095	04095	04095	04095	04095	04095	
03820	04095	04095	04095	04095	04095	04095	04095	04095	
03835	04095	04095	04095	04095	04095	04095	04095	04095	
03827	04095	04095	04095	04095	04095	04095	04095	04095	
03826	04095	04095	04095	04095	04095	04095	04095	04095	
03845	04095	04095	04095	04095	04095	04095	04095	04095	
03843	04095	04095	04095	04095	04095	04095	04095	04095	
03836	04095	04095	04095	04095	04095	04095	04095	04095	
03855	04095	04095	04095	04095	04095	04095	04095	04095	
03862	04095	04095	04095	04095	04095	04095	04095	04095	
03852	04095	04095	04095	04095	04095	04095	04095	04095	
03865	04095	04095	04095	04095	04095	04095	04095	04095	
03882	04095	04095	04095	04095	04095	04095	04095	04095	
03875	04095	04095	04095	04095	04095	04095	04095	04095	
03882	04095	04095	04095	04095	04095	04095	04095	04095	
03870	04095	04095	04095	04095	04095	04095	04095	04095	
03384	03816	03540	03692	03792	03880	04013	03570	03605	
02859	03498	02937	03253	03462	03631	03898	03006	03062	
02336	03170	02323	02808	03110	03375	03798	02432	02501	
01799	02838	01702	02360	02749	03113	03696	01851	01931	
01285	02506	01079	01915	02386	02849	03592	01270	01358	
01231	02454	01007	01873	02329	02802	03550	01213	01272	
01213	02438	00980	01860	02308	02786	03535	01192	01238	
01203	02427	00967	01851	02294	02776	03526	01182	01220	
01199	02422	00959	01847	02289	02772	03521	01177	01212	
01197	02419	00954	01842	02288	02770	03518	01173	01206	
01193	02411	00949	01837	02281	02765	03512	01169	01199	
01192	02406	00947	01835	02278	02762	03510	01167	01195	
01192	02407	00945	01835	02280	02763	03512	01167	01193	
01191	02406	00944	01834	02279	02761	03511	01166	01190	
01187	02402	00942	01830	02274	02758	03507	01164	01187	
01189	02405	00941	01830	02277	02759	03507	01164	01187	
01189	02407	00942	01832	02268	02760	03510	01166	01217	
01188	02405	00941	01831	02265	02758	03508	01166	01216	
01189	02406	00942	01832	02268	02761	03510	01167	01218	
01191	02408	00944	01833	02271	02763	03516	01169	01218	
01191	02406	00945	01832	02269	02763	03516	01168	01216	
01192	02406	00944	01831	02279	02763	03514	01168	01187	
01194	02409	00945	01833	02283	02765	03518	01169	01187	
01192	02408	00944	01832	02281	02763	03515	01168	01186	
01191	02407	00943	01831	02278	02761	03511	01167	01185	
01192	02407	00943	01831	02281	02763	03513	01169	01187	
01191	02408	00944	01831	02282	02763	03514	01169	01187	
01189	02403	00943	01828	02277	02759	03510	01168	01186	
01191	02404	00943	01830	02279	02761	03511	01168	01185	
01193	02405	00943	01831	02282	02762	03515	01170	01187	
01190	02403	00942	01828	02279	02760	03512	01169	01186	
01190	02402	00942	01828	02279	02761	03512	01168	01185	
01191	02406	00944	01830	02283	02764	03514	01168	01186	
01188	02404	00942	01827	02278	02760	03511	01167	01185	
01184	02399	00940	01823	02273	02757	03505	01164	01183	
01185	02400	00940	01824	02275	02757	03506	01164	01182	
01184	02398	00937	01822	02273	02755	03503	01162	01181	
01182	02393	00935	01819	02267	02751	03501	01160	01178	
01183	02395	00935	01820	02270	02752	03502	01161	01177	
01185	02398	00937	01822	02273	02755	03506	01162	01178	
01183	02395	00935	01818	02268	02753	03503	01161	01177	
01184	02396	00937	01820	02269	02755	03505	01163	01178	
01185	02398	00936	01821	02272	02756	03506	01163	01179	
01184	02396	00935	01821	02270	02756	03506	01162	01178	
01211	02438	00963	01864	02311	02809	03556	01198	01210	
01566	02779	01304	02320	02669	03078	03689	01585	01549	
02003	03118	01765	02775	03024	03345	03820	02075	01992	
02464	03458	02275	03230	03390	03613	03929	02607	02483	
02947	03798	02822	03684	03758	03881	04038	03169	03010	
03409	04095	03366	04095	04084	04095	04095	03712	03524	
03544	04095	03613	04095	04095	04095	04095	03910	03743	
03600	04095	03752	04095	04095	04095	04095	04006	03870	
03645	04095	03853	04095	04095	04095	04095	04060	03958	
03661	04095	03920	04095	04095	04095	04095	04085	04015	
03668	04095	03966	04095	04095	04095	04095	04093	04052	
03693	04095	04010	04095	04095	04095	04095	04095	04077	
03706	04095	04043	04095	04095	04095	04095	04095	04091	
03701	04095	04061	04095	04095	04095	04095	04095	04094	
03715	04095	04077	04095	04095	04095	04095	04095	04095	
03731	04095	04090	04095	04095	04095	04095	04095	04095	
03725	04095	04093	04095	04095	04095	04095	04095	04095	
03729	04095	04093	04095	04095	04095	04095	04095	04095	
03748	04095	04095	04095	04095	04095	04095	04095	04095	
03746	04095	04095	04095	04095	04095	04095	04095	04095	
03742	04095	04095	04095	04095	04095	04095	04095	04095	
03758	04095	04095	04095	04095	04095	04095	04095	04095	
03761	04095	04095	04095	04095	04095	04095	04095	04095	
03748	04095	04095	04095	04095	04095	04095	04095	04095	
03756	04095	04095	04095	04095	04095	04095	04095	04095	
03766	04095	04095	04095	04095	04095	04095	04095	04095	
03755	04095	04095	04095	04095	04095	04095	04095	04095	
03759	04095	04095	04095	04095	04095	04095	04095	04095	
03779	04095	04095	04095	04095	04095	04095	04095	04095	
03777	04095	04095	04095	04095	04095	04095	04095	04095	
03773	04095	04095	04095	04095	04095	04095	04095	04095	
03792	04095	04095	04095	04095	04095	04095	04095	04095	
03796	04095	04095	04095	04095	04095	04095	04095	04095	
03786	04095	04095	04095	04095	04095	04095	04095	04095	
03803	04095	04095	04095	04095	04095	04095	04095	04095	
03819	04095	04095	04095	04095	04095	04095	04095	04095	
03811	04095	04095	04095	04095	04095	04095	04095	04095	
03818	04095	04095	04095	04095	04095	04095	04095	04095	
03834	04095	04095	04095	04095	04095	04095	04095	04095	
03825	04095	04095	04095	04095	04095	04095	04095	04095	
03819	04095	04095	04095	04095	04095	04095	04095	04095	
03836	04095	04095	04095	04095	04095	04095	04095	04095	
03838	04095	04095	04095	04095	04095	04095	04095	04095	
03831	04095	04095	04095	04095	04095	04095	04095	04095	
03847	04095	04095	04095	04095	04095	04095	04095	04095	
03859	04095	04095	04095	04095	04095	04095	04095	04095	
03850	04095	04095	04095	04095	04095	04095	04095	04095	
03858	04095	04095	04095	04095	04095	04095	04095	04095	
03874	04095	04095	04095	04095	04095	04095	04095	04095	
03866	04095	04095	04095	04095	04095	04095	04095	04095	
03861	04095	04095	04095	04095	04095	04095	04095	04095	
03877	04095	04095	04095	04095	04095	04095	04095	04095	
03875	04095	04095	04095	04095	04095	04095	04095	04095	
03865	04095	04095	04095	04095	04095	04095	04095	04095	
03881	04095	04095	04095	04095	04095	04095	04095	04095	
03893	04095	04095	04095	04095	04095	04095	04095	04095	
03883	04095	04095	04095	04095	04095	04095	04095	04095	
03523	03912	03678	03801	03892	03971	04049	03689	03730	
03021	03589	03089	03367	03544	03729	03929	03133	03201	
02485	03247	02477	02921	03173	03472	03795	02560	02643	
01947	02901	01858	02472	02798	03213	03659	01982	02077	
01417	02558	01233	02022	02426	02953	03499	01401	01506	
01243	02395	01021	01863	02266	02812	03381	01223	01295	
01228	02388	00997	01865	02253	02816	03385	01210	01263	
01223	02386	00987	01863	02252	02813	03385	01204	01248	
01217	02382	00979	01858	02249	02807	03381	01198	01236	
01211	02375	00972	01852	02242	02799	03374	01194	01226	
01210	02372	00969	01851	02241	02798	03372	01192	01221	
01195	02349	00952	01827	02221	02769	03343	01174	01202	
01187	02338	00944	01820	02212	02761	03333	01167	01193	
01185	02335	00942	01818	02209	02758	03328	01164	01189	
01186	02337	00941	01819	02211	02761	03329	01164	01188	
01185	02334	00940	01818	02198	02758	03328	01164	01216	
01185	02333	00941	01819	02196	02757	03328	01165	01215	
01188	02336	00943	01821	02198	02760	03330	01168	01217	
01189	02337	00944	01822	02198	02761	03332	01169	01217	
01188	02335	00944	01822	02195	02759	03331	01170	01217	
01188	02336	00945	01822	02207	02762	03332	01169	01187	
01190	02338	00945	01823	02209	02763	03334	01169	01187	
01188	02337	00944	01821	02208	02761	03333	01167	01185	
01188	02339	00944	01822	02210	02761	03336	01168	01186	
01189	02340	00943	01823	02212	02763	03337	01168	01186	
01189	02339	00942	01822	02208	02761	03336	01169	01186	
01188	02336	00941	01820	02204	02760	03333	01168	01185	
01188	02338	00941	01820	02206	02763	03334	01169	01186	
01188	02337	00939	01819	02207	02762	03332	01168	01186	
01187	02335	00939	01817	02206	02760	03329	01166	01185	
01188	02337	00939	01818	02211	02762	03332	01167	01186	
01187	02337	00940	01819	02212	02762	03332	01168	01185	
01185	02332	00938	01815	02206	02758	03327	01166	01183	
01183	02330	00937	01814	02200	02755	03326	01163	01180	
01183	02330	00937	01816	02200	02756	03327	01163	01180	
01180	02324	00934	01812	02193	02751	03322	01160	01177	
01179	02324	00932	01809	02193	02749	03319	01159	01177	
01181	02330	00933	01811	02200	02752	03323	01160	01178	
01180	02330	00933	01811	02201	02751	03321	01160	01178	
01177	02327	00931	01807	02198	02749	03319	01159	01177	
01180	02330	00933	01810	02201	02752	03322	01161	01178	
01180	02331	00933	01810	02201	02753	03323	01160	01177	
01177	02327	00932	01807	02197	02750	03321	01160	01176	
01180	02330	00933	01808	02200	02753	03323	01161	01176	
01182	02333	00934	01810	02204	02754	03324	01160	01177	
01223	02396	00975	01865	02292	02827	03400	01208	01230	
01501	02723	01244	02285	02609	03096	03545	01521	01513	
01933	03076	01680	02743	02991	03365	03691	01995	01938	
02392	03427	02176	03200	03369	03632	03836	02518	02421	
02862	03778	02710	03656	03748	03900	04003	03064	02934	
03308	04067	03232	04057	04029	04095	04095	03587	03420	
03521	04095	03539	04095	04095	04095	04095	03855	03689	
03577	04095	03688	04095	04095	04095	04095	03966	03823	
03614	04095	03785	04095	04095	04095	04095	04029	03910	
03651	04095	03859	04095	04095	04095	04095	04070	03977	
03661	04095	03904	04095	04095	04095	04095	04086	04019	
03670	04095	03939	04095	04095	04095	04095	04092	04051	
03697	04095	03975	04095	04095	04095	04095	04095	04075	
03704	04095	04000	04095	04095	04095	04095	04095	04089	
03698	04095	04014	04095	04095	04095	04095	04095	04093	
03715	04095	04036	04095	04095	04095	04095	04095	04095	
03726	04095	04053	04095	04095	04095	04095	04095	04095	
03718	04095	04060	04095	04095	04095	04095	04095	04095	
03728	04095	04072	04095	04095	04095	04095	04095	04095	
03747	04095	04083	04095	04095	04095	04095	04095	04095	
03742	04095	04085	04095	04095	04095	04095	04095	04095	
03740	04095	04087	04095	04095	04095	04095	04095	04095	
03757	04095	04092	04095	04095	04095	04095	04095	04095	
03755	04095	04092	04095	04095	04095	04095	04095	04095	
03745	04095	04091	04095	04095	04095	04095	04095	04095	
03759	04095	04092	04095	04095	04095	04095	04095	04095	
03766	04095	04094	04095	04095	04095	04095	04095	04095	
03755	04095	04094	04095	04095	04095	04095	04095	04095	
03764	04095	04094	04095	04095	04095	04095	04095	04095	
03779	04095	04095	04095	04095	04095	04095	04095	04095	
03770	04095	04095	04095	04095	04095	04095	04095	04095	
03770	04095	04095	04095	04095	04095	04095	04095	04095	
03789	04095	04095	04095	04095	04095	04095	04095	04095	
03787	04095	04095	04095	04095	04095	04095	04095	04095	
03780	04095	04095	04095	04095	04095	04095	04095	04095	
03799	04095	04095	04095	04095	04095	04095	04095	04095	
03809	04095	04095	04095	04095	04095	04095	04095	04095	
03803	04095	04095	04095	04095	04095	04095	04095	04095	
03820	04095	04095	04095	04095	04095	04095	04095	04095	
03839	04095	04095	04095	04095	04095	04095	04095	04095	
03833	04095	04095	04095	04095	04095	04095	04095	04095	
03835	04095	04095	04095	04095	04095	04095	04095	04095	
03849	04095	04095	04095	04095	04095	04095	04095	04095	
03842	04095	04095	04095	04095	04095	04095	04095	04095	
03830	04095	04095	04095	04095	04095	04095	04095	04095	
03843	04095	04095	04095	04095	04095	04095	04095	04095	
03845	04095	04095	04095	04095	04095	04095	04095	04095	
03833	04095	04095	04095	04095	04095	04095	04095	04095	
03842	04095	04095	04095	04095	04095	04095	04095	04095	
03857	04095	04095	04095	04095	04095	04095	04095	04095	
03848	04095	04095	04095	04095	04095	04095	04095	04095	
03851	04095	04095	04095	04095	04095	04095	04095	04095	
03869	04095	04095	04095	04095	04095	04095	04095	04095	
03864	04095	04095	04095	04095	04095	04095	04095	04095	
03852	04095	04095	04095	04095	04095	04095	04095	04095	
03863	04095	04095	04095	04095	04095	04095	04095	04095	
03862	04095	04095	04095	04095	04095	04095	04095	04095	
03844	04095	04095	04095	04095	04095	04095	04095	04095	
03849	04095	04095	04095	04095	04095	04095	04095	04095	
03856	04095	04095	04095	04095	04095	04095	04095	04095	
03840	04095	04095	04095	04095	04095	04095	04095	04095	
03416	03817	03600	03734	03806	03917	04020	03620	03665	
02917	03458	03005	03299	03430	03674	03884	03060	03129	
02393	03087	02394	02856	03042	03421	03738	02488	02572	
01864	02709	01771	02408	02648	03163	03562	01911	02006	
01345	02331	01145	01959	02264	02903	03384	01330	01435	
01243	02233	01019	01874	02160	02826	03310	01227	01295	
01231	02227	00999	01875	02153	02829	03311	01218	01269	
01239	02242	01002	01890	02168	02850	03330	01229	01271	
01251	02258	01009	01907	02183	02873	03355	01239	01275	
01247	02251	01004	01900	02165	02864	03348	01235	01297	
01240	02241	00996	01890	02155	02851	03338	01227	01286	
01227	02220	00981	01870	02137	02824	03310	01210	01267	
01206	02189	00959	01841	02106	02789	03272	01184	01240	
01188	02165	00943	01817	02082	02757	03239	01166	01220	
01188	02167	00942	01817	02093	02759	03239	01164	01188	
01186	02164	00939	01815	02091	02757	03235	01162	01186	
01183	02162	00938	01813	02085	02753	03233	01160	01184	
01183	02162	00938	01813	02085	02754	03234	01160	01183	
01182	02159	00935	01811	02084	02752	03232	01159	01182	
01179	02155	00933	01808	02080	02748	03228	01158	01180	
01179	02156	00933	01809	02081	02749	03230	01158	01179	
01181	02156	00932	01809	02084	02751	03233	01161	01180	
01180	02155	00931	01808	02083	02750	03232	01160	01180	
01180	02155	00932	01809	02083	02751	03233	01161	01180	
01181	02157	00933	01811	02087	02754	03236	01163	01183	
01182	02157	00934	01811	02086	02754	03236	01163	01184	
01179	02154	00932	01807	02082	02751	03230	01160	01180	
01178	02153	00930	01806	02081	02751	03231	01158	01179	
01177	02152	00927	01803	02079	02749	03228	01156	01176	
01174	02148	00924	01799	02075	02743	03223	01152	01172	
01173	02146	00923	01797	02074	02743	03221	01151	01168	
01174	02147	00923	01799	02075	02744	03222	01152	01169	
01173	02147	00923	01797	02073	02742	03219	01151	01168	
01173	02147	00924	01797	02073	02742	03219	01150	01168	
01175	02149	00925	01798	02075	02745	03222	01152	01170	
01174	02149	00924	01798	02074	02743	03220	01150	01170	
01173	02147	00924	01797	02072	02741	03220	01150	01168	
01174	02148	00924	01798	02075	02743	03221	01151	01169	
01173	02149	00923	01797	02074	02742	03221	01151	01168	
01172	02145	00922	01796	02072	02740	03218	01150	01167	
01173	02147	00922	01796	02073	02741	03221	01150	01167	
01174	02148	00923	01798	02075	02743	03222	01151	01168	
01173	02146	00923	01796	02072	02740	03219	01150	01167	
01174	02147	00925	01798	02075	02742	03221	01151	01169	
01177	02152	00928	01802	02079	02745	03225	01153	01171	
01177	02151	00929	01803	02078	02745	03225	01154	01171	
01178	02150	00929	01803	02077	02745	03227	01155	01170	
01181	02155	00931	01807	02082	02749	03234	01157	01172	
01182	02156	00931	01807	02082	02749	03234	01157	01172	
01188	02166	00938	01818	02091	02764	03249	01165	01178	
01223	02219	00972	01877	02136	02834	03314	01201	01215	
01581	02609	01313	02336	02529	03104	03477	01594	01561	
02014	02995	01764	02793	02933	03371	03638	02080	02002	
02484	03382	02271	03251	03338	03640	03825	02610	02496	
02965	03759	02808	03697	03720	03894	03995	03160	03014	
03413	04095	03330	04095	04081	04095	04095	03690	03518	
03541	04095	03558	04095	04095	04095	04095	03871	03724	
03609	04095	03692	04095	04095	04095	04095	03973	03848	
03639	04095	03778	04095	04095	04095	04095	04032	03925	
03643	04095	03827	04095	04095	04095	04095	04060	03970	
03663	04095	03869	04095	04095	04095	04095	04082	04007	
03683	04095	03905	04095	04095	04095	04095	04095	04039	
03676	04095	03921	04095	04095	04095	04095	04095	04054	
03680	04095	03937	04095	04095	04095	04095	04095	04068	
03702	04095	03960	04095	04095	04095	04095	04095	04082	
03699	04095	03971	04095	04095	04095	04095	04095	04089	
03695	04095	03977	04095	04095	04095	04095	04095	04091	
03714	04095	03994	04095	04095	04095	04095	04095	04095	
03719	04095	04006	04095	04095	04095	04095	04095	04095	
03708	04095	04006	04095	04095	04095	04095	04095	04095	
03721	04095	04017	04095	04095	04095	04095	04095	04095	
03732	04095	04029	04095	04095	04095	04095	04095	04095	
03721	04095	04028	04095	04095	04095	04095	04095	04095	
03723	04095	04031	04095	04095	04095	04095	04095	04095	
03737	04095	04044	04095	04095	04095	04095	04095	04095	
03729	04095	04046	04095	04095	04095	04095	04095	04095	
03725	04095	04048	04095	04095	04095	04095	04095	04095	
03743	04095	04062	04095	04095	04095	04095	04095	04095	
03748	04095	04072	04095	04095	04095	04095	04095	04095	
03739	04095	04073	04095	04095	04095	04095	04095	04095	
03755	04095	04083	04095	04095	04095	04095	04095	04095	
03767	04095	04090	04095	04095	04095	04095	04095	04095	
03758	04095	04090	04095	04095	04095	04095	04095	04095	
03763	04095	04091	04095	04095	04095	04095	04095	04095	
03783	04095	04095	04095	04095	04095	04095	04095	04095	
03779	04095	04095	04095	04095	04095	04095	04095	04095	
03777	04095	04095	04095	04095	04095	04095	04095	04095	
03796	04095	04095	04095	04095	04095	04095	04095	04095	
03798	04095	04095	04095	04095	04095	04095	04095	04095	
03788	04095	04095	04095	04095	04095	04095	04095	04095	
03797	04095	04095	04095	04095	04095	04095	04095	04095	
03805	04095	04095	04095	04095	04095	04095	04095	04095	
03789	04095	04095	04095	04095	04095	04095	04095	04095	
03783	04095	04095	04095	04095	04095	04095	04095	04095	
03788	04095	04095	04095	04095	04095	04095	04095	04095	
03770	04095	04095	04095	04095	04095	04095	04095	04095	
03754	04095	04095	04095	04095	04095	04095	04095	04095	
03762	04095	04095	04095	04095	04095	04095	04095	04095	
03758	04095	04095	04095	04095	04095	04095	04095	04095	
03742	04095	04095	04095	04095	04095	04095	04095	04095	
03751	04095	04095	04095	04095	04095	04095	04095	04095	
03756	04095	04095	04095	04095	04095	04095	04095	04095	
03741	04095	04095	04095	04095	04095	04095	04095	04095	
03741	04095	04095	04095	04095	04095	04095	04095	04095	
03752	04095	04095	04095	04095	04095	04095	04095	04095	
03741	04095	04095	04095	04095	04095	04095	04095	04095	
03734	04095	04095	04095	04095	04095	04095	04095	04095	
03747	04095	04095	04095	04095	04095	04095	04095	04095	
03744	04095	04095	04095	04095	04095	04095	04095	04095	
03732	04095	04095	04095	04095	04095	04095	04095	04095	
03743	04095	04095	04095	04095	04095	04095	04095	04095	
03749	04095	04095	04095	04095	04095	04095	04095	04095	
03735	04095	04095	04095	04095	04095	04095	04095	04095	
03737	04095	04095	04095	04095	04095	04095	04095	04095	
03748	04095	04095	04095	04095	04095	04095	04095	04095	
03733	04095	04095	04095	04095	04095	04095	04095	04095	
03722	04095	04095	04095	04095	04095	04095	04095	04095	
03732	04095	04095	04095	04095	04095	04095	04095	04095	
03724	04095	04095	04095	04095	04095	04095	04095	04095	
03703	04095	04095	04095	04095	04095	04095	04095	04095	
03708	04095	04095	04095	04095	04095	04095	04095	04095	
03709	04095	04095	04095	04095	04095	04095	04095	04095	
03688	04095	04095	04095	04095	04095	04095	04095	04095	
